1.5	141.39906
1.5005624	140.35201
1.5011249	140.26993
1.5016873	135.17947
1.5022497	143.06166
1.5028121	135.84477
1.5033746	136.73651
1.503937	138.44899
1.5044994	138.90486
1.5050619	141.71861
1.5056243	138.45747
1.5061867	140.83223
1.5067492	142.04367
1.5073116	139.79436
1.507874	138.91341
1.5084364	138.73843
1.5089989	139.81451
1.5095613	135.21809
1.5101237	141.97813
1.5106862	136.18399
1.5112486	137.04294
1.511811	141.30923
1.5123734	140.93918
1.5129359	140.56245
1.5134983	138.7468
1.5140607	135.03902
1.5146232	136.69058
1.5151856	139.07486
1.515748	136.48189
1.5163105	130.31212
1.5168729	138.37167
1.5174353	132.96471
1.5179977	138.36398
1.5185602	134.1991
1.5191226	135.41257
1.519685	136.46492
1.5202475	134.40063
1.5208099	138.21254
1.5213723	132.37144
1.5219347	137.8011
1.5224972	137.28372
1.5230596	135.73532
1.523622	140.78441
1.5241845	138.60286
1.5247469	132.75957
1.5253093	136.47121
1.5258718	136.43428
1.5264342	137.46072
1.5269966	138.9487
1.527559	137.19937
1.5281215	135.02403
1.5286839	140.44002
1.5292463	132.17302
1.5298088	134.60356
1.5303712	127.62584
1.5309336	131.63489
1.531496	124.54973
1.5320585	131.37866
1.5326209	132.5816
1.5331833	130.06093
1.5337458	134.62245
1.5343082	130.96489
1.5348706	133.13611
1.5354331	134.61586
1.5359955	129.86821
1.5365579	134.06647
1.5371203	128.26352
1.5376828	131.96773
1.5382452	128.73544
1.5388076	130.4962
1.5393701	130.04265
1.5399325	128.254
1.5404949	135.21231
1.5410573	127.231
1.5416198	129.52368
1.5421822	131.51898
1.5427446	128.4679
1.5433071	136.0007
1.5438695	131.98743
1.5444319	137.16496
1.5449944	131.92769
1.5455568	131.91943
1.5461192	133.17239
1.5466816	135.08452
1.5472441	134.80067
1.5478065	131.32051
1.5483689	129.68967
1.5489314	130.95703
1.5494938	137.87547
1.5500562	133.20741
1.5506186	129.95604
1.5511811	129.49413
1.5517435	129.62041
1.5523059	137.83549
1.5528684	130.15309
1.5534308	126.17675
1.5539932	130.01935
1.5545557	125.0022
1.5551181	128.52847
1.5556805	129.9924
1.5562429	126.63251
1.5568054	138.60886
1.5573678	132.14757
1.5579302	133.55887
1.5584927	129.42545
1.5590551	136.75282
1.5596175	131.12776
1.5601799	131.12776
1.5607424	143.29034
1.5613048	130.11734
1.5618672	126.78737
1.5624297	130.47462
1.5629921	129.35983
1.5635545	127.34615
1.564117	130.06366
1.5646794	128.95938
1.5652418	131.98486
1.5658042	129.81725
1.5663667	128.11993
1.5669291	129.21379
1.5674915	127.01058
1.568054	130.85883
1.5686164	128.34213
1.5691788	125.83417
1.5697412	127.08908
1.5703037	128.35579
1.5708661	127.0849
1.5714285	124.80824
1.571991	127.43531
1.5725534	125.09357
1.5731158	131.72136
1.5736783	131.33498
1.5742407	137.43704
1.5748031	133.33771
1.5753655	127.23185
1.575928	128.34297
1.5764904	128.62871
1.5770528	126.8356
1.5776153	131.11934
1.5781777	129.40739
1.5787401	129.42386
1.5793025	132.36404
1.579865	127.2449
1.5804274	128.75021
1.5809898	127.72894
1.5815523	134.51979
1.5821147	127.98946
1.5826771	124.83605
1.5832396	127.53604
1.583802	123.38482
1.5843644	126.39845
1.5849268	126.15173
1.5854893	139.58598
1.5860517	125.5924
1.5866141	123.25637
1.5871766	135.80925
1.587739	132.86111
1.5883014	122.88041
1.5888638	129.14423
1.5894263	129.53667
1.5899887	133.53485
1.5905511	135.856
1.5911136	128.15948
1.591676	131.8237
1.5922384	124.16113
1.5928009	126.75325
1.5933633	122.98319
1.5939257	127.96976
1.5944881	125.18474
1.5950506	126.42128
1.595613	126.42617
1.5961754	128.32178
1.5967379	131.10135
1.5973003	127.12634
1.5978627	133.2662
1.5984251	132.47823
1.5989876	119.99953
1.59955	131.94229
1.6001124	128.62187
1.6006749	127.1072
1.6012373	130.32901
1.6017997	129.72887
1.6023622	129.72215
1.6029246	134.16866
1.603487	128.59378
1.6040494	128.67117
1.6046119	127.06042
1.6051743	124.3919
1.6057367	135.54018
1.6062992	128.56097
1.6068616	127.24874
1.607424	124.40947
1.6079865	129.52504
1.6085489	133.23901
1.6091113	127.82071
1.6096737	127.61141
1.6102362	127.19765
1.6107986	134.8855
1.611361	135.0551
1.6119235	128.95528
1.6124859	131.45952
1.6130483	128.66396
1.6136107	130.33244
1.6141732	137.58136
1.6147356	128.66359
1.615298	128.4977
1.6158605	128.74486
1.6164229	130.74071
1.6169853	128.08725
1.6175478	123.25201
1.6181102	129.23659
1.6186726	131.33623
1.619235	134.28809
1.6197975	125.48795
1.6203599	131.93066
1.6209223	127.68522
1.6214848	127.31217
1.6220472	128.77597
1.6226096	126.4879
1.623172	127.98901
1.6237345	127.23805
1.6242969	127.16141
1.6248593	132.72136
1.6254219	139.37677
1.6259843	125.1569
1.6265467	125.91548
1.6271092	132.50758
1.6276716	132.88275
1.628234	139.98932
1.6287965	133.05275
1.6293589	133.88622
1.6299213	129.55565
1.6304837	130.57613
1.6310462	133.66075
1.6316086	135.57607
1.632171	124.53734
1.6327335	132.85725
1.6332959	135.78177
1.6338583	138.76659
1.6344208	130.14499
1.6349832	127.27451
1.6355456	126.59064
1.636108	132.93182
1.6366705	131.52951
1.6372329	128.1342
1.6377953	131.31055
1.6383578	133.66183
1.6389202	134.12447
1.6394826	130.36365
1.640045	131.55002
1.6406075	135.38344
1.6411699	139.12248
1.6417323	137.47357
1.6422948	131.67606
1.6428572	135.5899
1.6434196	134.7733
1.6439821	135.93224
1.6445445	136.66939
1.6451069	132.07817
1.6456693	134.56955
1.6462318	136.98174
1.6467942	137.52763
1.6473566	135.2258
1.6479191	132.11137
1.6484815	137.04919
1.6490439	144.76791
1.6496063	137.11444
1.6501688	143.40152
1.6507312	131.55997
1.6512936	139.83786
1.6518561	131.03723
1.6524185	150.75955
1.6529809	132.61545
1.6535434	137.06239
1.6541058	140.12733
1.6546682	141.23721
1.6552306	144.06464
1.6557931	137.34322
1.6563555	132.57817
1.6569179	136.36195
1.6574804	136.57857
1.6580428	133.06027
1.6586052	134.8898
1.6591676	145.3279
1.6597301	141.3148
1.6602925	140.08461
1.6608549	128.19186
1.6614174	143.74619
1.6619798	142.27097
1.6625422	138.49892
1.6631047	140.96738
1.6636671	135.57446
1.6642295	139.83504
1.6647919	142.8746
1.6653544	144.44547
1.6659168	136.14258
1.6664792	138.8743
1.6670417	148.50589
1.6676041	136.91138
1.6681665	143.27682
1.6687289	140.31659
1.6692914	141.65431
1.6698538	135.91441
1.6704162	143.72287
1.6709787	147.90019
1.6715411	142.85988
1.6721035	139.819
1.672666	142.18597
1.6732284	146.29483
1.6737908	134.50914
1.6743532	136.17902
1.6749157	142.50214
1.6754781	146.98213
1.6760405	149.10526
1.676603	148.07573
1.6771654	145.83655
1.6777278	147.93985
1.6782902	156.52632
1.6788527	135.90364
1.6794151	143.41957
1.6799775	145.34868
1.68054	152.5273
1.6811024	139.79243
1.6816648	136.86374
1.6822273	145.37714
1.6827897	156.34705
1.6833521	142.98604
1.6839145	152.83374
1.684477	156.78716
1.6850394	161.97311
1.6856018	149.51921
1.6861643	157.05745
1.6867267	152.84523
1.6872891	148.5545
1.6878515	159.82617
1.688414	149.6436
1.6889764	145.17018
1.6895388	156.94019
1.6901013	148.15747
1.6906637	149.22745
1.6912261	150.87373
1.6917886	149.00536
1.692351	161.50867
1.6929134	146.27888
1.6934758	152.58617
1.6940383	156.04106
1.6946007	159.14511
1.6951631	152.23187
1.6957256	157.70934
1.696288	157.85677
1.6968504	152.49644
1.6974128	146.5639
1.6979753	142.56853
1.6985377	152.57684
1.6991001	158.64369
1.6996626	153.77441
1.700225	152.56944
1.7007874	150.71716
1.7013499	156.58446
1.7019123	168.39943
1.7024747	164.0441
1.7030371	166.42686
1.7035996	167.20999
1.704162	154.52606
1.7047244	157.33038
1.7052869	161.27184
1.7058493	155.69739
1.7064117	157.68301
1.7069741	172.5733
1.7075366	173.82002
1.708099	165.41563
1.7086614	160.62805
1.7092239	159.62392
1.7097863	155.30885
1.7103487	162.87112
1.7109112	165.28149
1.7114736	159.7216
1.712036	156.77278
1.7125984	165.74831
1.7131609	159.79472
1.7137233	171.83163
1.7142857	166.12666
1.7148482	158.47742
1.7154106	168.90013
1.715973	167.29768
1.7165354	161.80727
1.7170979	167.05171
1.7176603	169.32846
1.7182227	175.80209
1.7187852	166.0583
1.7193476	166.40875
1.71991	164.85757
1.7204725	165.96249
1.7210349	167.5363
1.7215973	173.52899
1.7221597	169.82423
1.7227222	175.00867
1.7232846	175.60031
1.723847	189.71149
1.7244095	175.25343
1.7249719	177.88817
1.7255343	172.9088
1.7260967	189.20894
1.7266592	170.33858
1.7272216	173.2726
1.727784	173.06627
1.7283465	167.88605
1.7289089	177.4135
1.7294713	176.54338
1.7300338	192.14673
1.7305962	186.44243
1.7311586	185.53896
1.731721	174.48294
1.7322835	181.60217
1.7328459	184.55327
1.7334083	189.96402
1.7339708	190.51318
1.7345332	184.00369
1.7350956	179.2363
1.735658	174.86713
1.7362205	189.7256
1.7367829	180.46581
1.7373453	179.9574
1.7379078	181.51225
1.7384702	183.00996
1.7390326	183.41763
1.7395951	182.46385
1.7401575	188.31476
1.7407199	180.44106
1.7412823	185.18874
1.7418448	174.76784
1.7424072	194.27722
1.7429696	199.23192
1.7435321	190.00031
1.7440945	196.14694
1.7446569	190.36696
1.7452193	200.76537
1.7457818	200.47148
1.7463442	188.47942
1.7469066	202.6205
1.7474691	196.29411
1.7480315	206.02473
1.7485939	206.21309
1.7491564	199.28175
1.7497188	195.59895
1.7502812	216.55305
1.7508436	216.71751
1.7514061	208.19312
1.7519685	195.22182
1.7525309	211.09624
1.7530934	206.71135
1.7536558	197.78325
1.7542182	211.88425
1.7547807	216.27025
1.7553431	217.88542
1.7559055	207.25749
1.7564679	215.06866
1.7570304	223.13684
1.7575928	212.78912
1.7581552	209.54231
1.7587177	219.68362
1.7592801	231.16635
1.7598425	220.03564
1.7604049	223.96854
1.7609674	220.48521
1.7615298	221.29634
1.7620922	217.68887
1.7626547	215.7043
1.7632171	211.89438
1.7637795	213.15315
1.764342	227.42757
1.7649044	226.76796
1.7654668	222.34006
1.7660292	226.50572
1.7665917	241.88718
1.7671541	207.00186
1.7677165	231.21805
1.768279	234.27231
1.7688414	231.64655
1.7694038	239.61876
1.7699662	232.14368
1.7705287	228.87457
1.7710911	235.03941
1.7716535	231.89043
1.772216	235.33524
1.7727784	251.22827
1.7733408	235.44408
1.7739033	232.93082
1.7744657	228.92758
1.7750281	235.39409
1.7755905	261.32144
1.776153	242.75055
1.7767154	250.94366
1.7772778	247.89949
1.7778403	247.52669
1.7784027	257.82159
1.7789651	263.27466
1.7795275	259.47513
1.78009	254.23834
1.7806524	261.73312
1.7812148	273.15085
1.7817773	251.95039
1.7823397	258.10919
1.7829021	259.08441
1.7834646	279.75189
1.784027	270.6748
1.7845894	264.1265
1.7851518	260.08179
1.7857143	263.65662
1.7862767	266.75708
1.7868391	265.03925
1.7874016	276.52368
1.787964	286.93323
1.7885264	269.0817
1.7890888	267.62387
1.7896513	275.60425
1.7902137	264.78387
1.7907761	271.89325
1.7913386	288.09549
1.791901	281.48096
1.7924634	272.88214
1.7930259	286.70493
1.7935883	292.32642
1.7941507	270.37918
1.7947131	278.96512
1.7952756	274.45508
1.795838	301.38535
1.7964004	299.45932
1.7969629	303.76584
1.7975253	297.61496
1.7980877	290.32312
1.7986501	316.9639
1.7992126	305.44934
1.799775	314.75577
1.8003374	321.65912
1.8008999	319.83749
1.8014623	292.42944
1.8020247	347.82086
1.8025872	326.81421
1.8031496	334.70782
1.803712	333.43317
1.8042744	322.83646
1.8048369	332.37885
1.8053993	335.67737
1.8059617	323.36111
1.8065242	323.39337
1.8070866	329.33755
1.807649	321.30295
1.8082114	330.71805
1.8087739	350.18018
1.8093363	328.65076
1.8098987	319.06873
1.8104612	330.58282
1.8110236	329.33649
1.811586	322.17609
1.8121485	316.97821
1.8127109	345.56924
1.8132733	350.83975
1.8138357	346.64801
1.8143982	357.53806
1.8149606	360.724
1.815523	356.16824
1.8160855	361.94263
1.8166479	349.17014
1.8172103	383.77567
1.8177727	377.5285
1.8183352	375.61404
1.8188976	375.27963
1.81946	370.71396
1.8200225	378.35825
1.8205849	394.80597
1.8211473	384.18951
1.8217098	407.78638
1.8222722	404.97382
1.8228346	407.21024
1.823397	408.77457
1.8239595	414.46548
1.8245219	412.09167
1.8250843	412.42807
1.8256468	429.63483
1.8262092	433.5863
1.8267716	418.10065
1.827334	420.50937
1.8278965	431.71274
1.8284589	433.9906
1.8290213	442.92603
1.8295838	409.35992
1.8301462	445.92056
1.8307086	447.65897
1.8312711	444.66852
1.8318335	438.26944
1.8323959	448.28268
1.8329583	453.15344
1.8335208	440.79144
1.8340832	452.25159
1.8346456	453.10443
1.8352081	454.94568
1.8357705	466.0882
1.8363329	453.9649
1.8368953	465.35474
1.8374578	468.78162
1.8380202	471.79584
1.8385826	488.3735
1.8391451	479.47079
1.8397075	487.30948
1.8402699	502.1499
1.8408324	497.32745
1.8413948	507.94748
1.8419572	506.12537
1.8425196	520.94482
1.8430821	519.38501
1.8436445	518.76318
1.8442069	523.49304
1.8447694	541.68304
1.8453318	529.07214
1.8458942	562.03967
1.8464566	556.4472
1.8470191	564.1615
1.8475815	563.55225
1.8481439	569.89825
1.8487064	569.96985
1.8492688	581.63885
1.8498312	570.22479
1.8503937	574.83185
1.8509561	570.53357
1.8515185	599.21021
1.8520809	574.04559
1.8526434	578.17914
1.8532058	575.85852
1.8537682	601.16956
1.8543307	604.55273
1.8548931	605.9751
1.8554555	616.36407
1.8560179	612.48138
1.8565804	619.32672
1.8571428	649.61786
1.8577052	625.42859
1.8582677	626.78033
1.8588301	641.48523
1.8593925	632.83337
1.859955	646.07141
1.8605174	651.61194
1.8610798	645.72351
1.8616422	673.53741
1.8622047	696.5271
1.8627671	694.69916
1.8633295	690.27466
1.863892	706.3775
1.8644544	730.14087
1.8650168	744.34711
1.8655792	739.56458
1.8661417	751.67963
1.8667041	752.67163
1.8672665	760.59662
1.867829	745.42548
1.8683914	769.5614
1.8689538	788.29047
1.8695163	788.07288
1.8700787	785.87225
1.8706411	820.48364
1.8712035	854.01245
1.871766	822.13538
1.8723284	831.24774
1.8728908	821.25311
1.8734533	835.70953
1.8740157	852.71234
1.8745781	869.68573
1.8751407	880.68317
1.8757031	879.50208
1.8762655	887.39386
1.876828	893.07172
1.8773904	922.13287
1.8779528	911.45477
1.8785152	927.36047
1.8790777	955.40338
1.8796401	916.96173
1.8802025	943.72443
1.880765	990.57837
1.8813274	957.36066
1.8818898	964.32965
1.8824522	991.06018
1.8830147	1013.9512
1.8835771	1019.6042
1.8841395	1059.3479
1.884702	1063.5081
1.8852644	1071.8414
1.8858268	1099.6423
1.8863893	1099.8138
1.8869517	1125.0303
1.8875141	1129.1503
1.8880765	1139.0338
1.888639	1170.9209
1.8892014	1175.9774
1.8897638	1197.1838
1.8903263	1167.9347
1.8908887	1222.9987
1.8914511	1216.4663
1.8920135	1227.6005
1.892576	1263.8147
1.8931384	1286.4828
1.8937008	1271.3685
1.8942633	1274.9872
1.8948257	1282.0554
1.8953881	1286.8092
1.8959506	1290.828
1.896513	1304.5035
1.8970754	1325.0552
1.8976378	1314.8624
1.8982003	1317.324
1.8987627	1353.9156
1.8993251	1415.797
1.8998876	1362.145
1.90045	1372.7788
1.9010124	1403.8423
1.9015749	1399.2378
1.9021373	1469.6797
1.9026997	1454.0547
1.9032621	1474.5675
1.9038246	1498.3464
1.904387	1492.5145
1.9049494	1519.821
1.9055119	1517.3011
1.9060743	1531.5809
1.9066367	1567.4441
1.9071991	1603.4333
1.9077616	1597.0229
1.908324	1610.6725
1.9088864	1631.8336
1.9094489	1643.8226
1.9100113	1635.9543
1.9105737	1682.4762
1.9111362	1709.9496
1.9116986	1714.0336
1.912261	1726.6553
1.9128234	1723.1652
1.9133859	1707.9954
1.9139483	1711.2402
1.9145107	1718.3699
1.9150732	1753.6974
1.9156356	1732.9227
1.916198	1727.5266
1.9167604	1752.4456
1.9173229	1785.2245
1.9178853	1787.1108
1.9184477	1770.98
1.9190102	1759.4666
1.9195726	1762.3586
1.920135	1780.7866
1.9206975	1787.532
1.9212599	1802.7687
1.9218223	1811.5106
1.9223847	1830.1246
1.9229472	1833.9064
1.9235096	1884.1322
1.924072	1828.2101
1.9246345	1912.2465
1.9251969	1832.7174
1.9257593	1911.2037
1.9263217	1889.3226
1.9268842	1917.5636
1.9274466	1908.777
1.928009	1894.9071
1.9285715	1946.5493
1.9291339	1972.7421
1.9296963	1950.4896
1.9302588	1954.4764
1.9308212	1951.7762
1.9313836	1963.903
1.931946	1946.0553
1.9325085	1930.7401
1.9330709	1924.6027
1.9336333	1937.1958
1.9341958	1908.7225
1.9347582	1924.2035
1.9353206	1917.332
1.935883	1932.351
1.9364455	1864.0951
1.9370079	1883.2809
1.9375703	1876.4789
1.9381328	1822.6167
1.9386952	1814.6814
1.9392576	1813.9336
1.9398201	1779.6971
1.9403825	1774.4172
1.9409449	1795.5615
1.9415073	1780.1089
1.9420698	1788.7576
1.9426322	1739.8407
1.9431946	1809.5842
1.9437571	1758.7227
1.9443195	1749.0796
1.9448819	1779.702
1.9454443	1738.6715
1.9460068	1735.349
1.9465692	1757.5869
1.9471316	1749.5596
1.9476941	1764.4138
1.9482565	1739.3794
1.9488189	1687.0449
1.9493814	1692.9159
1.9499438	1720.2213
1.9505062	1686.5194
1.9510686	1645.4028
1.9516311	1605.9052
1.9521935	1626.6953
1.9527559	1661.2107
1.9533184	1607.0837
1.9538808	1572.3495
1.9544432	1578.0973
1.9550056	1487.0441
1.9555681	1499.1278
1.9561305	1498.3887
1.9566929	1478.4708
1.9572554	1427.7944
1.9578178	1385.3853
1.9583802	1402.8765
1.9589427	1408.2595
1.9595051	1352.9686
1.9600675	1321.8687
1.9606299	1335.0455
1.9611924	1310.4027
1.9617548	1272.8802
1.9623172	1275.5891
1.9628797	1256.6571
1.9634421	1223.1805
1.9640045	1235.9095
1.9645669	1253.1072
1.9651294	1239.7821
1.9656918	1215.7844
1.9662542	1201.5933
1.9668167	1190.8757
1.9673791	1154.6171
1.9679415	1161.0803
1.968504	1158
1.9690664	1154.058
1.9696288	1130.0878
1.9701912	1102.8461
1.9707537	1092.7976
1.9713161	1104.6075
1.9718785	1090.147
1.972441	1042.3173
1.9730034	1038.1665
1.9735658	1042.3954
1.9741282	1014.4063
1.9746907	1013.8123
1.9752531	1010.4233
1.9758155	974.29358
1.976378	952.80701
1.9769404	897.6701
1.9775028	894.80237
1.9780653	900.83624
1.9786277	893.54663
1.9791901	894.52765
1.9797525	876.42316
1.980315	838.00903
1.9808774	808.22748
1.9814398	801.70667
1.9820023	806.54156
1.9825647	787
1.9831271	783.74402
1.9836895	762.99438
1.984252	738.29559
1.9848144	743.26752
1.9853768	767.03339
1.9859393	713.30383
1.9865017	721.77856
1.9870641	709.41418
1.9876266	718.14594
1.988189	683.8147
1.9887514	683.71143
1.9893138	690.79688
1.9898763	691.64386
1.9904387	666.82263
1.9910011	640.43927
1.9915636	639.46393
1.992126	635.68658
1.9926884	630.5509
1.9932508	628.08984
1.9938133	637.9458
1.9943757	609.30292
1.9949381	596.15869
1.9955006	645.08893
1.996063	581.38464
1.9966254	605.33545
1.9971879	582.72174
1.9977503	563.39996
1.9983127	570.54907
1.9988751	571.06238
1.9994376	560.23627
2	537.29913
2.0005624	519.14514
2.0011249	515.45831
2.0016873	512.19238
2.0022497	515.46564
2.0028121	514.66711
2.0033746	500.79654
2.003937	480.83191
2.0044994	476.17169
2.0050619	477.79541
2.0056243	472.19635
2.0061867	469.48041
2.0067492	454.50781
2.0073116	449.23962
2.007874	437.91559
2.0084364	431.82559
2.0089989	434.37433
2.0095613	425.31674
2.0101237	413.82864
2.0106862	417.12289
2.0112486	406.8367
2.011811	390.91199
2.0123734	412.18927
2.0129359	375.65567
2.0134983	381.57169
2.0140607	381.79007
2.0146232	388.25638
2.0151856	392
2.015748	403.08698
2.0163105	396.56387
2.0168729	377.1535
2.0174353	377.8064
2.0179977	358.18634
2.0185602	358.89438
2.0191226	358.34402
2.019685	371.19962
2.0202475	361.67502
2.0208099	365.4436
2.0213723	354.50259
2.0219347	337.39978
2.0224972	347.89929
2.0230596	364
2.023622	363.28778
2.0241845	354.70721
2.0247469	339.78082
2.0253093	359.25754
2.0258718	343.16525
2.0264342	358.66696
2.0269966	331.67352
2.027559	331.95483
2.0281215	327.45236
2.0286839	333.03445
2.0292463	338.5773
2.0298088	332.78488
2.0303712	327.1662
2.0309336	326.80399
2.031496	312.49744
2.0320585	300.25693
2.0326209	316.56967
2.0331833	322.13242
2.0337458	320.07153
2.0343082	325.36945
2.0348706	319.25723
2.0354331	307.88309
2.0359955	301.20929
2.0365579	297.00714
2.0371203	301.0788
2.0376828	306.10635
2.0382452	291.68372
2.0388076	299.58026
2.0393701	291.13998
2.0399325	295.24176
2.0404949	299.55762
2.0410573	293.60974
2.0416198	295.93564
2.0421822	308.69467
2.0427446	292.5502
2.0433071	289.48102
2.0438695	279.62195
2.0444319	294.94284
2.0449944	294.32654
2.0455568	294.25867
2.0461192	295
2.0466816	304.60745
2.0472441	313.95779
2.0478065	301.94107
2.0483689	287.40524
2.0489314	263.32471
2.0494938	287.62637
2.0500562	279.44302
2.0506186	279.30289
2.0511811	283.75217
2.0517435	283.80023
2.0523059	279.35556
2.0528684	276.6517
2.0534308	277.63394
2.0539932	266.09198
2.0545557	276.55731
2.0551181	279.53207
2.0556805	273.48026
2.0562429	268.92517
2.0568054	271.80048
2.0573678	275.46661
2.0579302	270.85571
2.0584927	265.85159
2.0590551	264.08521
2.0596175	275.75946
2.0601799	257.7854
2.0607424	268.70441
2.0613048	268.89005
2.0618672	258.19003
2.0624297	264.20544
2.0629921	271.37372
2.0635545	273.96191
2.064117	265.17609
2.0646794	286.06015
2.0652418	284.06464
2.0658042	260.96356
2.0663667	247.52788
2.0669291	255.94897
2.0674915	263.28131
2.068054	259.01935
2.0686164	259.89371
2.0691788	254.62355
2.0697412	245.94128
2.0703037	254.36197
2.0708661	250.0907
2.0714285	231.50868
2.071991	248.28023
2.0725534	237.08533
2.0731158	258.8634
2.0736783	264.97934
2.0742407	246.32022
2.0748031	246.59537
2.0753655	251.87675
2.075928	239.65991
2.0764904	248.91017
2.0770528	248.04257
2.0776153	249.64885
2.0781777	250
2.0787401	241.64262
2.0793025	244.72191
2.079865	259.15182
2.0804274	260.47101
2.0809898	252.15576
2.0815523	259.92984
2.0821147	250.57933
2.0826771	245.17886
2.0832396	250.10214
2.083802	257.99371
2.0843644	256.14993
2.0849268	239.62404
2.0854893	233.60179
2.0860517	248.48138
2.0866141	254.90085
2.0871766	245.16592
2.087739	235.0527
2.0883014	239.09192
2.0888638	247.8705
2.0894263	259.01404
2.0899887	257.65765
2.0905511	249.99416
2.0911136	255.36067
2.091676	260.12723
2.0922384	251
2.0928009	250.88538
2.0933633	249.1772
2.0939257	253.58963
2.0944881	257.47098
2.0950506	253.82681
2.095613	249.93423
2.0961754	254
2.0967379	253.72511
2.0973003	244.36739
2.0978627	241.54825
2.0984251	244.45329
2.0989876	249.97412
2.09955	250.16611
2.1001124	242.20181
2.1006749	257.46494
2.1012373	239.19432
2.1017997	241.64503
2.1023622	245
2.1029246	247.5006
2.103487	256.66684
2.1040494	274.23059
2.1046119	260.7168
2.1051743	240.57379
2.1057367	242.71101
2.1062992	252.81589
2.1068616	252.39513
2.107424	238.09322
2.1079865	246.51221
2.1085489	243.82866
2.1091113	260.11145
2.1096737	252.92569
2.1102362	238.08946
2.1107986	246.53647
2.111361	244.01886
2.1119235	237.33904
2.1124859	245.39134
2.1130483	240.33583
2.1136107	231.34612
2.1141732	235.84503
2.1147356	252.8627
2.115298	247.00909
2.1158605	231.48192
2.1164229	231.3179
2.1169853	251.45122
2.1175478	272.50131
2.1181102	253.61729
2.1186726	242.78471
2.119235	245.17445
2.1197975	240.13144
2.1203599	235.44145
2.1209223	242.41312
2.1214848	260.43951
2.1220472	240.51131
2.1226096	250.68076
2.123172	261.62616
2.1237345	263.25269
2.1242969	254.89977
2.1248593	240.00827
2.1254218	248.28838
2.1259842	245.40529
2.1265466	247.35129
2.1271091	252.31021
2.1276715	250.67723
2.1282339	236.64047
2.1287963	261.99545
2.1293588	253.68211
2.1299212	247.93512
2.1304836	253.26131
2.1310461	252.981
2.1316085	243.10382
2.1321709	247.84686
2.1327333	253.3197
2.1332958	248.49739
2.1338582	237.57153
2.1344206	244.07008
2.1349831	247.35217
2.1355455	248
2.1361079	245.13155
2.1366704	243.48625
2.1372328	247.58014
2.1377952	251.67278
2.1383576	255.76151
2.1389201	261.55826
2.1394825	268.09525
2.1400449	271.16763
2.1406074	263.38483
2.1411698	238.09816
2.1417322	237.55554
2.1422946	254.89938
2.1428571	268.07886
2.1434195	257.43414
2.1439819	252.55177
2.1445444	263.53632
2.1451068	243.98244
2.1456692	232.34453
2.1462317	246.36398
2.1467941	227.69328
2.1473565	237.14717
2.1479189	231.13499
2.1484814	235.03098
2.1490438	248.73329
2.1496062	243.71486
2.1501687	232.39294
2.1507311	228.72487
2.1512935	232.90259
2.1518559	243.05429
2.1524184	254.69675
2.1529808	250.66426
2.1535432	228.44328
2.1541057	232.86412
2.1546681	249.85464
2.1552305	251.09814
2.155793	243.05244
2.1563554	265.76089
2.1569178	258.40549
2.1574802	240.69386
2.1580427	240.87221
2.1586051	247.29344
2.1591675	250.85443
2.15973	256.63583
2.1602924	258.46979
2.1608548	251.4762
2.1614172	241.07002
2.1619797	237.84695
2.1625421	240.10356
2.1631045	241.10202
2.163667	238.95345
2.1642294	252.52928
2.1647918	247.59792
2.1653543	237.87965
2.1659167	233.44363
2.1664791	238.38734
2.1670415	233.60883
2.167604	236.47125
2.1681664	239.4686
2.1687288	235.0251
2.1692913	221.4265
2.1698537	235.71867
2.1704161	246.66866
2.1709785	245.01817
2.171541	236.48093
2.1721034	231.81679
2.1726658	228.64926
2.1732283	228
2.1737907	229.26161
2.1743531	224.239
2.1749156	199.02928
2.175478	211.66962
2.1760404	235.92633
2.1766028	244.33296
2.1771653	229.97429
2.1777277	214.994
2.1782901	210.32309
2.1788526	225.73135
2.179415	239.45038
2.1799774	234.55264
2.1805398	222.75763
2.1811023	227.68713
2.1816647	234.17955
2.1822271	237.76073
2.1827896	236.95248
2.183352	235.38399
2.1839144	239.73485
2.1844769	234.74281
2.1850393	222.26738
2.1856017	228.52882
2.1861641	223.93687
2.1867266	226.04106
2.187289	225.70261
2.1878514	215.60603
2.1884139	222.6315
2.1889763	216.46233
2.1895387	216.07826
2.1901011	220.31566
2.1906636	213.30177
2.191226	239.06815
2.1917884	235.97278
2.1923509	216.58153
2.1929133	198.09058
2.1934757	208.96873
2.1940382	213.52518
2.1946006	219.07538
2.195163	225.73416
2.1957254	228.83504
2.1962879	226.06599
2.1968503	220.93562
2.1974127	219.54005
2.1979752	225.60878
2.1985376	220.19646
2.1991	230.43932
2.1996624	226.01161
2.2002249	208.05405
2.2007873	218.85745
2.2013497	220
2.2019122	218.61758
2.2024746	217
2.203037	216.99704
2.2035995	215.45772
2.2041619	214.45938
2.2047243	213.69028
2.2052867	213.15665
2.2058492	214.69295
2.2064116	205.17229
2.206974	202.05211
2.2075365	209.67068
2.2080989	223.47047
2.2086613	216.82512
2.2092237	217.9166
2.2097862	221.66463
2.2103486	213.24783
2.210911	214.48381
2.2114735	213.98766
2.2120359	213.2701
2.2125983	214
2.2131608	214
2.2137232	217.91428
2.2142856	218.74908
2.214848	214.4173
2.2154105	218.22459
2.2159729	210.51619
2.2165353	203.16641
2.2170978	199.87288
2.2176602	199.1129
2.2182226	208.70006
2.218785	219.27341
2.2193475	226.17917
2.2199099	222.38657
2.2204723	207.02301
2.2210348	204.38383
2.2215972	208.82663
2.2221596	204.28572
2.2227221	203.29126
2.2232845	199.74657
2.2238469	198.42532
2.2244093	206.73433
2.2249718	201.88643
2.2255342	204.84993
2.2260966	207.60837
2.2266591	200.07164
2.2272215	199.25372
2.2277839	201.49693
2.2283463	201.73184
2.2289088	195.06418
2.2294712	207.09607
2.2300336	200.34566
2.2305961	191.03354
2.2311585	194.04704
2.2317209	197.79744
2.2322834	193.90594
2.2328458	189
2.2334082	189.07309
2.2339706	195.81096
2.2345331	192.94896
2.2350955	190.7852
2.2356579	198.99658
2.2362204	196.7556
2.2367828	188.57785
2.2373452	181
2.2379076	181
2.2384701	185.40063
2.2390325	193.22327
2.2395949	200.8947
2.2401574	203.87323
2.2407198	216.11241
2.2412822	211.87546
2.2418447	201.79875
2.2424071	204.7726
2.2429695	202.25702
2.2435319	203.996
2.2440944	209.3596
2.2446568	215.29233
2.2452192	217.30545
2.2457817	209.34077
2.2463441	200.15947
2.2469065	223.1055
2.2474689	212.26428
2.2480314	207.59245
2.2485938	215.63103
2.2491562	212.67673
2.2497187	206.87871
2.2502813	203.61391
2.2508438	204.82176
2.2514062	201.87393
2.2519686	195.81851
2.2525311	191.25456
2.2530935	191.99083
2.2536559	200.71436
2.2542183	203.07719
2.2547808	203.3748
2.2553432	208.51743
2.2559056	196.36305
2.2564681	180.82687
2.2570305	169.24858
2.2575929	181.71068
2.2581553	191.77434
2.2587178	196.33914
2.2592802	195.31264
2.2598426	198.97
2.2604051	198.94971
2.2609675	198.25601
2.2615299	198.98659
2.2620924	200.4334
2.2626548	203.67839
2.2632172	208.23048
2.2637796	213.33498
2.2643421	211.46631
2.2649045	213.97786
2.2654669	221.8069
2.2660294	228.35564
2.2665918	240.34409
2.2671542	250.35612
2.2677166	253.98872
2.2682791	285.12393
2.2688415	298.79843
2.2694039	305.20163
2.2699664	322.60052
2.2705288	340.61481
2.2710912	359.76584
2.2716537	380.90399
2.2722161	409.84879
2.2727785	420.07809
2.2733409	421.03009
2.2739034	418.14005
2.2744658	420.06122
2.2750282	398.1088
2.2755907	363.3082
2.2761531	353.93277
2.2767155	353.14398
2.2772779	348.73798
2.2778404	335.86349
2.2784028	327.9498
2.2789652	306.05273
2.2795277	275.85257
2.2800901	245.67343
2.2806525	233.11259
2.281215	230.59616
2.2817774	235.74706
2.2823398	231.44493
2.2829022	229.52409
2.2834647	229.19238
2.2840271	229.90852
2.2845895	226.25533
2.285152	224
2.2857144	224.27364
2.2862768	227.8457
2.2868392	221.75102
2.2874017	213.21149
2.2879641	210.35727
2.2885265	223.1049
2.289089	229.65211
2.2896514	227.34592
2.2902138	232.33022
2.2907763	235.89287
2.2913387	240.03253
2.2919011	247.85793
2.2924635	234.43576
2.293026	226.90317
2.2935884	231.10915
2.2941508	233.94704
2.2947133	234.55389
2.2952757	233.06868
2.2958381	228.81694
2.2964005	244.01451
2.296963	252.3609
2.2975254	243.15712
2.2980878	243
2.2986503	239.78435
2.2992127	234.89143
2.2997751	234.18535
2.3003376	240.76535
2.3009	244.74069
2.3014624	237.68837
2.3020248	247.81224
2.3025873	237.99556
2.3031497	207.84879
2.3037121	221.22021
2.3042746	224.19287
2.304837	224.32237
2.3053994	234.86304
2.3059618	226.92456
2.3065243	216.90598
2.3070867	211.29099
2.3076491	214.98946
2.3082116	215.90218
2.308774	215.06738
2.3093364	226.27072
2.3098989	229.06602
2.3104613	231.50267
2.3110237	246.18523
2.3115861	233.18561
2.3121486	227.05818
2.312711	243.12006
2.3132734	245.97908
2.3138359	246.6427
2.3143983	246.60043
2.3149607	254.26633
2.3155231	270.88751
2.3160856	286.84656
2.316648	281.2796
2.3172104	286.96286
2.3177729	290.92224
2.3183353	284.66864
2.3188977	302.60562
2.3194602	309.91229
2.3200226	300.86469
2.320585	289.77328
2.3211474	290.92148
2.3217099	301.66672
2.3222723	314.82617
2.3228347	319
2.3233972	315.71774
2.3239596	301.88602
2.324522	318.13815
2.3250844	335.4259
2.3256469	339.56931
2.3262093	384.51392
2.3267717	443.11172
2.3273342	512.75775
2.3278966	712.84863
2.328459	908.38574
2.3290215	1084.1702
2.3295839	1107.5675
2.3301463	1178.0055
2.3307087	1273.4135
2.3312712	1362.0564
2.3318336	1581.4318
2.332396	1761.1835
2.3329585	1706.9772
2.3335209	1568.3439
2.3340833	1345.5844
2.3346457	1005.7457
2.3352082	719.56738
2.3357706	502.7485
2.336333	367.28384
2.3368955	310.62454
2.3374579	273.12964
2.3380203	252.83095
2.3385828	249.41705
2.3391452	251.59224
2.3397076	259.28
2.34027	278.36465
2.3408325	289.4436
2.3413949	298.13727
2.3419573	315.15747
2.3425198	335.57846
2.3430822	354.84067
2.3436446	366.39774
2.344207	378.47604
2.3447695	385.35483
2.3453319	379.9256
2.3458943	408.83667
2.3464568	437.06799
2.3470192	451.30338
2.3475816	455.38626
2.3481441	452.62082
2.3487065	441.79041
2.3492689	432.21997
2.3498313	419.10953
2.3503938	401.53024
2.3509562	390.51727
2.3515186	386.98257
2.3520811	390.77362
2.3526435	362.44131
2.3532059	355.02213
2.3537683	365.29453
2.3543308	348.45892
2.3548932	339.12521
2.3554556	335.71118
2.3560181	331.67642
2.3565805	324.10577
2.3571429	313.43649
2.3577054	297.32034
2.3582678	301.20108
2.3588302	314.65244
2.3593926	303.25305
2.3599551	303.62277
2.3605175	309.90948
2.3610799	309.23987
2.3616424	307.71161
2.3622048	305.0137
2.3627672	298.32529
2.3633296	292.94839
2.3638921	287.22937
2.3644545	275.87518
2.3650169	272.43958
2.3655794	273
2.3661418	273
2.3667042	282.68796
2.3672667	295.21338
2.3678291	296.54538
2.3683915	305.32831
2.3689539	311.74878
2.3695164	284.48862
2.3700788	292.32343
2.3706412	315.8764
2.3712037	321.85361
2.3717661	340.15634
2.3723285	359.43271
2.3728909	340.19992
2.3734534	316.00232
2.3740158	293.54263
2.3745782	306.78058
2.3751407	312.40082
2.3757031	313
2.3762655	313
2.376828	303.38852
2.3773904	289.03549
2.3779528	304.21652
2.3785152	304.06482
2.3790777	291.57758
2.3796401	280.36935
2.3802025	275.34308
2.380765	276.01651
2.3813274	282.60037
2.3818898	280.59131
2.3824522	269.40811
2.3830147	275.33124
2.3835771	272.90521
2.3841395	259.10605
2.384702	264.03763
2.3852644	264.10126
2.3858268	254.26389
2.3863893	257.56998
2.3869517	261
2.3875141	261
2.3880765	258.31909
2.388639	250.85803
2.3892014	233.19986
2.3897638	237.46671
2.3903263	240.54733
2.3908887	217.02917
2.3914511	211.37218
2.3920135	217.7189
2.392576	245.76343
2.3931384	298.20709
2.3937008	368.46671
2.3942633	472.67435
2.3948257	693.34845
2.3953881	998.34442
2.3959506	1117.985
2.396513	1337.859
2.3970754	1662.0511
2.3976378	2012.0956
2.3982003	2297.1399
2.3987627	2487.1831
2.3993251	2984.5591
2.3998876	3421.0981
2.40045	3638.085
2.4010124	4058.0393
2.4015749	4610.2295
2.4021373	5404.5405
2.4026997	5297.9497
2.4032621	4606.2246
2.4038246	2822.9204
2.404387	1659.5306
2.4049494	925.78632
2.4055119	457.59738
2.4060743	167.03056
2.4066367	54.850674
2.4071991	37.402016
2.4077616	27.711397
2.408324	21.918488
2.4088864	24.789148
2.4094489	25.233831
2.4100113	15.594763
2.4105737	13.938729
2.4111362	14.776883
2.4116986	13.493073
2.412261	14.974694
2.4128234	17.747116
2.4133859	13.261104
2.4139483	11
2.4145107	11
2.4150732	15.184777
2.4156356	16.574005
2.416198	12.738231
2.4167604	10.452066
2.4173229	9
2.4178853	9
2.4184477	8.5685711
2.4190102	8.3471966
2.4195726	11.534174
2.420135	10.2469
2.4206975	5.1491122
2.4212599	9.9446688
2.4218223	11.727419
2.4223847	8.5473146
2.4229472	12.210193
2.4235096	14.705429
2.424072	9.6241121
2.4246345	10.160171
2.4251969	13.066937
2.4257593	13.701077
2.4263217	13.664961
2.4268842	13.031163
2.4274466	10.590749
2.428009	9.2355185
2.4285715	9.8682985
2.4291339	10
2.4296963	9.8668585
2.4302588	9.2349272
2.4308212	11.777548
2.4313836	15.858184
2.431946	12.702751
2.4325085	11
2.4330709	11
2.4336333	10.448978
2.4341958	9.4571438
2.4347582	7.5684319
2.4353206	7.4398584
2.435883	8
2.4364455	8
2.4370079	6.695385
2.4375703	4.1831365
2.4381328	6.3284922
2.4386952	8
2.4392576	8
2.4398201	9.3920059
2.4403825	10.636706
2.4409449	8.1311283
2.4415073	7.6868596
2.4420698	8.938983
2.4426322	7.8101559
2.4431946	7.2201447
2.4437571	7.845046
2.4443195	8.469698
2.4448819	9.2826548
2.4454443	11.155374
2.4460068	10.288325
2.4465692	7.1704278
2.4471316	7.5890269
2.4476941	8.2119999
2.4482565	8.8347569
2.4488189	9.4571514
2.4493814	9.6826763
2.4499438	7.1962457
2.4505062	6.3224611
2.4510686	6.9439054
2.4516311	7.5647535
2.4521935	8.1854458
2.4527559	8.8059092
2.4533184	7.7218904
2.4538808	6.0919242
2.4544432	7.3305707
2.4550056	8.8536005
2.4555681	10.711082
2.4561305	9.9556618
2.4566929	9.140481
2.4572554	9.7586679
2.4578178	8.4941578
2.4583802	6.0240002
2.4589427	7.8341389
2.4595051	8.3146238
2.4600675	6.4649105
2.4606299	7.3844409
2.4611924	8.6888456
2.4617548	6.2264223
2.4623172	5
2.4628797	5
2.4634421	6.0782537
2.4640045	8.3857336
2.4645669	13.916083
2.4651294	12.557156
2.4656918	7.0325627
2.4662542	7.6100669
2.4668167	7.5530796
2.4673791	6.3273063
2.4679415	6
2.468504	6.1845632
2.4690664	8.0208378
2.4696288	8.4288874
2.4701912	7.205339
2.4707537	8.0171537
2.4713161	8.7606897
2.4718785	7.539042
2.472441	7.3410378
2.4730034	7.9513874
2.4735658	6.8776879
2.4741282	6
2.4746907	6
2.4752531	6.7790999
2.4758155	7.996963
2.476378	8
2.4769404	8
2.4775028	8
2.4780653	7.1382318
2.4786277	6.0383749
2.4791901	6.6454258
2.4797525	6.747653
2.480315	6.140913
2.4808774	4.1386137
2.4814398	2.3571265
2.4820023	5.386147
2.4825647	7.8482289
2.4831271	9.6637774
2.4836895	9.0142899
2.484252	8.1953039
2.4848144	9.4041185
2.4853768	10
2.4859393	10
2.4865017	10.513722
2.4870641	10.41444
2.4876266	7.3993568
2.488189	6.9686933
2.4887514	8.7763567
2.4893138	6.8895893
2.4898763	5.3887901
2.4904387	7.193687
2.4910011	9.3304291
2.4915636	11.735119
2.492126	8.2572403
2.4926884	5.1354084
2.4932508	5.7356629
2.4938133	7.3426461
2.4943757	9.7418337
2.4949381	8.3954582
2.4955006	7.2682385
2.496063	8.4663086
2.4966254	9.6637049
2.4971879	10.86056
2.4977503	7.8301663
2.4983127	5
2.4988751	5
2.4994376	6.2849097
2.5	8.6731672
