1.5	-149.61615
1.5005624	-161.21686
1.5011249	-156.9966
1.5016873	-159.99319
1.5022497	-157.10933
1.5028121	-157.34805
1.5033746	-162.73555
1.503937	-154.89929
1.5044994	-155.78239
1.5050619	-159.05858
1.5056243	-153.70432
1.5061867	-151.63342
1.5067492	-151.13216
1.5073116	-148.3161
1.507874	-153.04929
1.5084364	-156.85728
1.5089989	-150.17361
1.5095613	-146.71004
1.5101237	-152.04227
1.5106862	-152.00514
1.5112486	-151.72604
1.511811	-150.59999
1.5123734	-150.25481
1.5129359	-152.6055
1.5134983	-153.17114
1.5140607	-143.91292
1.5146232	-142.9166
1.5151856	-150.23335
1.515748	-144.92188
1.5163105	-144.52954
1.5168729	-139.8195
1.5174353	-146.51106
1.5179977	-148.56801
1.5185602	-145.50786
1.5191226	-143.12062
1.519685	-144.66606
1.5202475	-146.29123
1.5208099	-141.55046
1.5213723	-143.06473
1.5219347	-141.83298
1.5224972	-143.77969
1.5230596	-145.62038
1.523622	-147.7346
1.5241845	-144.89656
1.5247469	-144.70311
1.5253093	-141.10172
1.5258718	-139.89522
1.5264342	-132.6274
1.5269966	-138.79558
1.527559	-142.25766
1.5281215	-136.84175
1.5286839	-140.0737
1.5292463	-138.02672
1.5298088	-139.38428
1.5303712	-142.28171
1.5309336	-134.62595
1.531496	-135.46715
1.5320585	-138.38521
1.5326209	-142.45081
1.5331833	-137.50258
1.5337458	-136.15953
1.5343082	-137.19897
1.5348706	-136.63885
1.5354331	-139.41415
1.5359955	-140.91422
1.5365579	-136.77637
1.5371203	-138.52562
1.5376828	-128.98509
1.5382452	-132.00131
1.5388076	-127.15506
1.5393701	-135.2731
1.5399325	-132.4261
1.5404949	-128.41806
1.5410573	-132.27205
1.5416198	-132.08815
1.5421822	-126.56188
1.5427446	-131.12471
1.5433071	-130.89774
1.5438695	-131.51927
1.5444319	-130.96881
1.5449944	-125.07115
1.5455568	-129.07353
1.5461192	-124.2971
1.5466816	-124.46077
1.5472441	-125.09988
1.5478065	-132.64507
1.5483689	-120.41776
1.5489314	-121.19411
1.5494938	-124.21399
1.5500562	-131.55473
1.5506186	-131.97949
1.5511811	-125.47558
1.5517435	-121.56811
1.5523059	-124.63228
1.5528684	-120.65201
1.5534308	-127.09808
1.5539932	-117.8271
1.5545557	-120.91782
1.5551181	-121.05574
1.5556805	-115.38558
1.5562429	-123.61314
1.5568054	-115.64555
1.5573678	-128.22144
1.5579302	-122.11858
1.5584927	-120.87333
1.5590551	-113.35612
1.5596175	-121.64175
1.5601799	-116.3281
1.5607424	-114.06338
1.5613048	-118.57344
1.5618672	-114.31971
1.5624297	-117.94073
1.5629921	-112.59502
1.5635545	-118.64002
1.564117	-110.37009
1.5646794	-107.61893
1.5652418	-109.08466
1.5658042	-118.57088
1.5663667	-116.46103
1.5669291	-118.91571
1.5674915	-114.69135
1.568054	-110.29977
1.5686164	-116.74808
1.5691788	-104.41358
1.5697412	-105.62031
1.5703037	-108.51475
1.5708661	-112.42783
1.5714285	-108.35854
1.571991	-111.13873
1.5725534	-108.40914
1.5731158	-102.6364
1.5736783	-112.17867
1.5742407	-102.89577
1.5748031	-105.52525
1.5753655	-99.511436
1.575928	-106.84956
1.5764904	-105.7198
1.5770528	-105.345
1.5776153	-112.04608
1.5781777	-102.53687
1.5787401	-105.56626
1.5793025	-99.719986
1.579865	-95.373154
1.5804274	-101.71265
1.5809898	-98.480721
1.5815523	-99.494148
1.5821147	-95.027596
1.5826771	-93.163116
1.5832396	-99.960945
1.583802	-96.990677
1.5843644	-99.041962
1.5849268	-95.161606
1.5854893	-89.301071
1.5860517	-100.11227
1.5866141	-91.861115
1.5871766	-100.06866
1.587739	-96.901161
1.5883014	-98.833298
1.5888638	-92.505753
1.5894263	-95.203522
1.5899887	-85.631874
1.5905511	-91.706749
1.5911136	-87.773209
1.591676	-90.2565
1.5922384	-92.90226
1.5928009	-92.533691
1.5933633	-86.229012
1.5939257	-91.561935
1.5944881	-89.471764
1.5950506	-89.563087
1.595613	-97.462074
1.5961754	-84.488785
1.5967379	-78.659302
1.5973003	-90.558731
1.5978627	-84.643318
1.5984251	-82.771324
1.5989876	-87.449547
1.59955	-83.319565
1.6001124	-86.480667
1.6006749	-81.359833
1.6012373	-83.734276
1.6017997	-78.313942
1.6023622	-83.281441
1.6029246	-81.556419
1.603487	-80.491081
1.6040494	-77.605476
1.6046119	-78.799812
1.6051743	-89.154488
1.6057367	-82.053032
1.6062992	-76.433479
1.6068616	-77.86409
1.607424	-79.516479
1.6079865	-72.618935
1.6085489	-69.598381
1.6091113	-65.179955
1.6096737	-67.815277
1.6102362	-75.152725
1.6107986	-75.403458
1.611361	-71.653656
1.6119235	-71.795944
1.6124859	-68.504257
1.6130483	-69.965767
1.6136107	-66.486671
1.6141732	-70.636772
1.6147356	-66.042923
1.615298	-71.872261
1.6158605	-64.285645
1.6164229	-71.278687
1.6169853	-60.244492
1.6175478	-60.878242
1.6181102	-66.039078
1.6186726	-68.241302
1.619235	-63.987133
1.6197975	-65.211296
1.6203599	-68.09507
1.6209223	-70.706131
1.6214848	-59.314804
1.6220472	-60.527771
1.6226096	-55.255764
1.623172	-62.151291
1.6237345	-54.420818
1.6242969	-65.778687
1.6248593	-57.985332
1.6254219	-71.114288
1.6259843	-58.03223
1.6265467	-61.796051
1.6271092	-61.034298
1.6276716	-53.34412
1.628234	-55.701382
1.6287965	-51.183163
1.6293589	-67.506966
1.6299213	-58.335522
1.6304837	-61.749599
1.6310462	-47.385098
1.6316086	-44.955723
1.632171	-47.867817
1.6327335	-48.752392
1.6332959	-50.925213
1.6338583	-47.037518
1.6344208	-41.887222
1.6349832	-47.909893
1.6355456	-47.330269
1.636108	-51.665508
1.6366705	-42.595802
1.6372329	-38.771515
1.6377953	-53.621777
1.6383578	-44.637062
1.6389202	-33.438126
1.6394826	-39.477348
1.640045	-47.123898
1.6406075	-40.327812
1.6411699	-44.236546
1.6417323	-36.278503
1.6422948	-36.208069
1.6428572	-37.499718
1.6434196	-44.611298
1.6439821	-42.033405
1.6445445	-38.016586
1.6451069	-39.78075
1.6456693	-38.1763
1.6462318	-29.812021
1.6467942	-33.616028
1.6473566	-35.754219
1.6479191	-25.416054
1.6484815	-29.822823
1.6490439	-35.429169
1.6496063	-30.797867
1.6501688	-32.730156
1.6507312	-24.804756
1.6512936	-23.471083
1.6518561	-25.994713
1.6524185	-25.123634
1.6529809	-22.363684
1.6535434	-21.317373
1.6541058	-16.931707
1.6546682	-17.563253
1.6552306	-28.856964
1.6557931	-22.790121
1.6563555	-28.194616
1.6569179	-24.390005
1.6574804	-21.465811
1.6580428	-18.040136
1.6586052	-16.045675
1.6591676	-16.371855
1.6597301	-13.718885
1.6602925	-14.908399
1.6608549	-17.521679
1.6614174	-20.793079
1.6619798	-9.1990252
1.6625422	-27.235067
1.6631047	-13.543225
1.6636671	-15.356076
1.6642295	-6.1649828
1.6647919	-12.848104
1.6653544	-10.022427
1.6659168	-11.065114
1.6664792	0.35232139
1.6670417	-1.0927163
1.6676041	-6.441761
1.6681665	-12.282291
1.6687289	-3.6175573
1.6692914	-1.7995182
1.6698538	5.9477582
1.6704162	6.2369432
1.6709787	5.4125638
1.6715411	10.902386
1.6721035	0.9306078
1.672666	11.386563
1.6732284	10.649739
1.6737908	-5.8014016
1.6743532	10.835958
1.6749157	12.780668
1.6754781	11.00984
1.6760405	4.9234905
1.676603	8.4607906
1.6771654	1.6176969
1.6777278	9.3826132
1.6782902	13.760459
1.6788527	19.11006
1.6794151	8.0250006
1.6799775	14.787031
1.68054	27.790581
1.6811024	23.906019
1.6816648	24.265106
1.6822273	9.7869415
1.6827897	18.871351
1.6833521	26.615767
1.6839145	18.926941
1.684477	15.283546
1.6850394	9.9139557
1.6856018	23.00585
1.6861643	22.152832
1.6867267	32.420303
1.6872891	28.867929
1.6878515	25.650345
1.688414	32.185066
1.6889764	37.381241
1.6895388	42.560646
1.6901013	34.764969
1.6906637	32.688194
1.6912261	35.493454
1.6917886	24.941187
1.692351	38.039063
1.6929134	43.481289
1.6934758	47.469013
1.6940383	42.553886
1.6946007	46.21373
1.6951631	43.643837
1.6957256	41.961323
1.696288	45.817497
1.6968504	38.260471
1.6974128	32.686626
1.6979753	47.748154
1.6985377	40.290154
1.6991001	42.689777
1.6996626	45.694515
1.700225	43.570652
1.7007874	45.337917
1.7013499	57.384583
1.7019123	41.046719
1.7024747	51.582783
1.7030371	58.324657
1.7035996	57.521626
1.704162	55.320538
1.7047244	59.460941
1.7052869	61.121914
1.7058493	58.149265
1.7064117	63.443783
1.7069741	65.203331
1.7075366	63.226635
1.708099	76.732407
1.7086614	68.12677
1.7092239	63.214451
1.7097863	81.914902
1.7103487	70.576591
1.7109112	77.969269
1.7114736	75.970085
1.712036	77.423576
1.7125984	92.489983
1.7131609	79.828247
1.7137233	74.216362
1.7142857	87.270401
1.7148482	75.097984
1.7154106	83.071091
1.715973	82.595024
1.7165354	93.657486
1.7170979	85.667534
1.7176603	83.668274
1.7182227	95.361885
1.7187852	97.785538
1.7193476	83.928291
1.71991	95.207092
1.7204725	99.686867
1.7210349	102.0252
1.7215973	87.055183
1.7221597	93.195763
1.7227222	102.65123
1.7232846	101.93488
1.723847	112.67507
1.7244095	115.7531
1.7249719	116.46963
1.7255343	99.850433
1.7260967	114.24937
1.7266592	128.13174
1.7272216	110.74471
1.727784	116.61252
1.7283465	116.46862
1.7289089	131.82384
1.7294713	126.95479
1.7300338	118.89308
1.7305962	131.43799
1.7311586	143.56429
1.731721	140.19392
1.7322835	122.51415
1.7328459	134.94131
1.7334083	122.7758
1.7339708	142.17125
1.7345332	155.60757
1.7350956	141.29718
1.735658	135.78239
1.7362205	135.20364
1.7367829	147.43411
1.7373453	139.63554
1.7379078	127.44782
1.7384702	137.80896
1.7390326	151.45714
1.7395951	148.42195
1.7401575	149.85513
1.7407199	150.94357
1.7412823	184.13855
1.7418448	150.48932
1.7424072	160.01828
1.7429696	168.25279
1.7435321	163.73233
1.7440945	157.53981
1.7446569	179.80177
1.7452193	172.41698
1.7457818	160.01605
1.7463442	166.48792
1.7469066	184.26091
1.7474691	176.01399
1.7480315	184.83319
1.7485939	193.47983
1.7491564	203.10577
1.7497188	192.77705
1.7502812	194.80823
1.7508436	192.65649
1.7514061	205.09435
1.7519685	198.18037
1.7525309	206.53917
1.7530934	193.52847
1.7536558	208.08212
1.7542182	213.92818
1.7547807	205.9001
1.7553431	211.0679
1.7559055	220.44727
1.7564679	220.41936
1.7570304	206.75217
1.7575928	219.66214
1.7581552	219.58298
1.7587177	224.3304
1.7592801	232.61594
1.7598425	239.60773
1.7604049	227.66487
1.7609674	221.06395
1.7615298	240.56146
1.7620922	245.6889
1.7626547	237.03632
1.7632171	236.08516
1.7637795	235.13469
1.764342	243.96033
1.7649044	242.44177
1.7654668	241.94487
1.7660292	253.67046
1.7665917	256.23273
1.7671541	251.47786
1.7677165	263.96582
1.768279	245.75763
1.7688414	272.25232
1.7694038	271.25641
1.7699662	271.80249
1.7705287	282.36258
1.7710911	278.66235
1.7716535	290.29395
1.772216	291.79416
1.7727784	274.18845
1.7733408	285.68951
1.7739033	290.09491
1.7744657	289.52615
1.7750281	293.23279
1.7755905	300.92038
1.776153	306.59909
1.7767154	312.49118
1.7772778	314.19138
1.7778403	322.7782
1.7784027	336.43533
1.7789651	317.65521
1.7795275	332.80087
1.78009	329.91302
1.7806524	330.16635
1.7812148	363.42883
1.7817773	337.10452
1.7823397	339.7077
1.7829021	358.63611
1.7834646	342.73349
1.784027	352.66351
1.7845894	360.35254
1.7851518	368.03055
1.7857143	356.53128
1.7862767	358.95978
1.7868391	356.12863
1.7874016	362.94214
1.787964	370.83984
1.7885264	391.69925
1.7890888	384.33334
1.7896513	376.26553
1.7902137	401.11746
1.7907761	392.9194
1.7913386	387.55295
1.791901	394.38556
1.7924634	412.56775
1.7930259	419.24509
1.7935883	417.15207
1.7941507	440.05655
1.7947131	435.82666
1.7952756	426.63702
1.795838	429.77029
1.7964004	423.29501
1.7969629	447.88812
1.7975253	476.33905
1.7980877	471.55698
1.7986501	453.69028
1.7992126	462.98807
1.799775	480.1507
1.8003374	490.21262
1.8008999	489.50186
1.8014623	488.20221
1.8020247	497.32736
1.8025872	513.03229
1.8031496	532.11121
1.803712	517.3476
1.8042744	541.94116
1.8048369	525.36987
1.8053993	542.77399
1.8059617	540.37085
1.8065242	546.88861
1.8070866	554.36432
1.807649	555.42535
1.8082114	562.33661
1.8087739	557.66345
1.8093363	579.60571
1.8098987	583.94507
1.8104612	545.06549
1.8110236	560.22876
1.811586	580.72729
1.8121485	575.66016
1.8127109	587.11285
1.8132733	587.70416
1.8138357	595.47888
1.8143982	601.74768
1.8149606	601.5235
1.815523	608.38184
1.8160855	615.51117
1.8166479	622.99817
1.8172103	636.40778
1.8177727	663.14258
1.8183352	646.14453
1.8188976	652.59406
1.81946	684.05365
1.8200225	688.29504
1.8205849	695.51105
1.8211473	724.09393
1.8217098	699.94165
1.8222722	708.65063
1.8228346	728.35895
1.823397	752.12769
1.8239595	758.88049
1.8245219	755.89496
1.8250843	759.82446
1.8256468	776.54761
1.8262092	781.21808
1.8267716	793.84979
1.827334	802.37311
1.8278965	807.56866
1.8284589	810.67163
1.8290213	820.69086
1.8295838	808.29999
1.8301462	820.61627
1.8307086	843.88367
1.8312711	845.01355
1.8318335	852.93744
1.8323959	863.19232
1.8329583	864.72394
1.8335208	859.24622
1.8340832	879.05328
1.8346456	896.51807
1.8352081	907.87811
1.8357705	900.19452
1.8363329	913.69751
1.8368953	918.43848
1.8374578	950.90485
1.8380202	956.74042
1.8385826	961.50317
1.8391451	969.15942
1.8397075	973.16296
1.8402699	983.45404
1.8408324	1047.1775
1.8413948	1033.8723
1.8419572	1039.2904
1.8425196	1054.4532
1.8430821	1060.3401
1.8436445	1064.4888
1.8442069	1087.2219
1.8447694	1119.1503
1.8453318	1122.9436
1.8458942	1137.2203
1.8464566	1136.8051
1.8470191	1140.9712
1.8475815	1160.9429
1.8481439	1179.5817
1.8487064	1202.0132
1.8492688	1203.0291
1.8498312	1228.3243
1.8503937	1224.2983
1.8509561	1249.8975
1.8515185	1247.1339
1.8520809	1253.5319
1.8526434	1271.9272
1.8532058	1283.8297
1.8537682	1289.3776
1.8543307	1301.8047
1.8548931	1334.7634
1.8554555	1326.4374
1.8560179	1341.0699
1.8565804	1352.0221
1.8571428	1361.5593
1.8577052	1388.9485
1.8582677	1400.6243
1.8588301	1408.7233
1.8593925	1414.6794
1.859955	1452.6073
1.8605174	1464.6056
1.8610798	1482.7976
1.8616422	1515.8778
1.8622047	1546.3667
1.8627671	1556.6454
1.8633295	1528.9694
1.863892	1569.0488
1.8644544	1597.1606
1.8650168	1614.4492
1.8655792	1648.7985
1.8661417	1704.6564
1.8667041	1716.2841
1.8672665	1706.5538
1.867829	1733.4141
1.8683914	1754.4208
1.8689538	1748.6362
1.8695163	1808.8756
1.8700787	1821.8315
1.8706411	1826.4244
1.8712035	1871.7305
1.871766	1913.4585
1.8723284	1890.8781
1.8728908	1926.4977
1.8734533	1961.1345
1.8740157	1965.7443
1.8745781	1977.7382
1.8751407	2022.3541
1.8757031	2040.3593
1.8762655	2038.14
1.876828	2090.5
1.8773904	2100.0906
1.8779528	2109.9495
1.8785152	2158.1448
1.8790777	2171.3208
1.8796401	2193.217
1.8802025	2264.2302
1.880765	2309.969
1.8813274	2303.0566
1.8818898	2328.8877
1.8824522	2350.6001
1.8830147	2391.6689
1.8835771	2413.7876
1.8841395	2445.6238
1.884702	2493.9802
1.8852644	2551.4646
1.8858268	2572.6167
1.8863893	2568.9624
1.8869517	2606.8315
1.8875141	2692.7021
1.8880765	2737.4019
1.888639	2730.0242
1.8892014	2851.99
1.8897638	2831.6621
1.8903263	2871.4531
1.8908887	2907.0081
1.8914511	2899.854
1.8920135	2939.2349
1.892576	2976.1641
1.8931384	3042.8523
1.8937008	3090.7778
1.8942633	3083.5369
1.8948257	3070.4185
1.8953881	3114.7488
1.8959506	3151.2129
1.896513	3157.3662
1.8970754	3187.8228
1.8976378	3241.6221
1.8982003	3286.6187
1.8987627	3296.3306
1.8993251	3340.1233
1.8998876	3365.9006
1.90045	3333.2366
1.9010124	3419.0742
1.9015749	3420.9475
1.9021373	3380.0728
1.9026997	3487.7224
1.9032621	3484.6504
1.9038246	3510.1577
1.904387	3577.0549
1.9049494	3608.6101
1.9055119	3657.293
1.9060743	3695.27
1.9066367	3763.8264
1.9071991	3809.6824
1.9077616	3866.4502
1.908324	3894.0442
1.9088864	3945.8145
1.9094489	3992.1411
1.9100113	3971.8345
1.9105737	4011.0105
1.9111362	4057.8228
1.9116986	4081.2056
1.912261	4099.6533
1.9128234	4180.7178
1.9133859	4189.9907
1.9139483	4185.2402
1.9145107	4220.4546
1.9150732	4192.2217
1.9156356	4232.7314
1.916198	4187.7656
1.9167604	4153.6162
1.9173229	4181.7871
1.9178853	4226.6694
1.9184477	4269.2124
1.9190102	4276.8535
1.9195726	4240.3862
1.920135	4234.1108
1.9206975	4258.4731
1.9212599	4281.3066
1.9218223	4277.3672
1.9223847	4339.0049
1.9229472	4317.7808
1.9235096	4269.8169
1.924072	4425.4214
1.9246345	4464.9082
1.9251969	4456.8022
1.9257593	4540.2656
1.9263217	4546.4126
1.9268842	4513.1455
1.9274466	4531.3267
1.928009	4508.1797
1.9285715	4528.4277
1.9291339	4589.9033
1.9296963	4593.3203
1.9302588	4544.7695
1.9308212	4564.8994
1.9313836	4467.4175
1.931946	4483.2979
1.9325085	4618.5352
1.9330709	4515.0557
1.9336333	4373.0156
1.9341958	4483.8745
1.9347582	4429.3843
1.9353206	4325.8511
1.935883	4305.5439
1.9364455	4394.9922
1.9370079	4270.5371
1.9375703	4194.4326
1.9381328	4265.3281
1.9386952	4218.4155
1.9392576	4157.3994
1.9398201	4221.3232
1.9403825	4099.4951
1.9409449	4023.3423
1.9415073	3999.4602
1.9420698	4012.429
1.9426322	3959.054
1.9431946	3889.302
1.9437571	3944.1716
1.9443195	3918.8298
1.9448819	3947.3767
1.9454443	3909.8752
1.9460068	3836.1006
1.9465692	3821.0459
1.9471316	3821.9299
1.9476941	3818.6165
1.9482565	3760.5784
1.9488189	3725.0305
1.9493814	3688.5188
1.9499438	3643.2793
1.9505062	3625.7175
1.9510686	3519.4077
1.9516311	3522.2737
1.9521935	3487.457
1.9527559	3427.6313
1.9533184	3340.2683
1.9538808	3257.6455
1.9544432	3246
1.9550056	3149.7537
1.9555681	3106.5105
1.9561305	3071.2517
1.9566929	2981.4512
1.9572554	2933.0266
1.9578178	2880.4023
1.9583802	2865.7876
1.9589427	2815.7722
1.9595051	2784.4961
1.9600675	2745.3027
1.9606299	2662.6145
1.9611924	2580.4832
1.9617548	2573.6887
1.9623172	2554.1836
1.9628797	2521.9846
1.9634421	2489.2866
1.9640045	2471.0964
1.9645669	2470.072
1.9651294	2407.1074
1.9656918	2369.1646
1.9662542	2366.9175
1.9668167	2343.9763
1.9673791	2270.5979
1.9679415	2250.1943
1.968504	2211.4341
1.9690664	2194.4299
1.9696288	2151.2195
1.9701912	2091.9622
1.9707537	2143.5823
1.9713161	2075.5813
1.9718785	2060.1567
1.972441	2057.1389
1.9730034	1951.5762
1.9735658	1922.6605
1.9741282	1893.0883
1.9746907	1865.5426
1.9752531	1850.0837
1.9758155	1817.355
1.976378	1767.0834
1.9769404	1734.8842
1.9775028	1691.5967
1.9780653	1662.9763
1.9786277	1642.5031
1.9791901	1599.1323
1.9797525	1566.7139
1.980315	1556.928
1.9808774	1533.8134
1.9814398	1493.408
1.9820023	1425.1215
1.9825647	1380.1127
1.9831271	1420.2477
1.9836895	1376.0679
1.984252	1356.5712
1.9848144	1302.1177
1.9853768	1312.5747
1.9859393	1302.0608
1.9865017	1256.2196
1.9870641	1227.9316
1.9876266	1216.927
1.988189	1211.4644
1.9887514	1200.835
1.9893138	1180.9613
1.9898763	1151.2734
1.9904387	1123.1461
1.9910011	1113.1962
1.9915636	1101.7916
1.992126	1088.1941
1.9926884	1101.0134
1.9932508	1072.2999
1.9938133	1023.9467
1.9943757	1014.9966
1.9949381	1031.5055
1.9955006	997.63068
1.996063	1033.9231
1.9966254	1015.4298
1.9971879	978.30328
1.9977503	938.87048
1.9983127	931.39679
1.9988751	928.06244
1.9994376	907.25439
2	861.07184
2.0005624	833.98383
2.0011249	846.72015
2.0016873	849.63434
2.0022497	850.73615
2.0028121	882.83569
2.0033746	817.10016
2.003937	817.69739
2.0044994	809.30902
2.0050619	781.17102
2.0056243	758.93085
2.0061867	755
2.0067492	743.26825
2.0073116	723.12433
2.007874	718.94366
2.0084364	714.3924
2.0089989	687.1178
2.0095613	665.67828
2.0101237	671.60394
2.0106862	663.12628
2.0112486	666.51984
2.011811	653.92944
2.0123734	628.95178
2.0129359	641.33728
2.0134983	624.29626
2.0140607	630.31299
2.0146232	635.31934
2.0151856	610.38574
2.015748	581.41699
2.0163105	576.5285
2.0168729	585.38452
2.0174353	585.86859
2.0179977	585.21729
2.0185602	603.45837
2.0191226	565.71259
2.019685	592.34204
2.0202475	588.83752
2.0208099	570.8916
2.0213723	566.69427
2.0219347	556.01031
2.0224972	547.42065
2.0230596	537.60779
2.023622	528.06836
2.0241845	527.29895
2.0247469	521.10327
2.0253093	527.9361
2.0258718	545.73761
2.0264342	521.11719
2.0269966	522.33252
2.027559	507.36847
2.0281215	512.4762
2.0286839	509.53018
2.0292463	496.83502
2.0298088	493.83191
2.0303712	497.95914
2.0309336	492.00125
2.031496	489.18057
2.0320585	498.62888
2.0326209	475.06607
2.0331833	465.56168
2.0337458	474.24963
2.0343082	471.63055
2.0348706	468.54126
2.0354331	468.55475
2.0359955	464.86047
2.0365579	459
2.0371203	459
2.0376828	458.27393
2.0382452	446.55551
2.0388076	458.01233
2.0393701	428.90305
2.0399325	440.06693
2.0404949	452.11523
2.0410573	450.26132
2.0416198	446.64514
2.0421822	441.95786
2.0427446	434.79791
2.0433071	461.2923
2.0438695	447.84814
2.0444319	424.34439
2.0449944	436.89795
2.0455568	446.776
2.0461192	431.1918
2.0466816	421.68344
2.0472441	432.55469
2.0478065	431.30963
2.0483689	414.44153
2.0489314	427.81961
2.0494938	416.56631
2.0500562	426.55698
2.0506186	423.3942
2.0511811	414.4957
2.0517435	405.60046
2.0523059	398.35556
2.0528684	396.30344
2.0534308	399.21362
2.0539932	384.12027
2.0545557	412.15283
2.0551181	413.70187
2.0556805	392.13684
2.0562429	400.88431
2.0568054	410.82132
2.0573678	397.62656
2.0579302	388.66498
2.0584927	384.92944
2.0590551	407.89236
2.0596175	403.96024
2.0601799	402.27805
2.0607424	400.18991
2.0613048	395.12482
2.0618672	397.20511
2.0624297	402.85397
2.0629921	389.49139
2.0635545	406.88577
2.064117	380.5282
2.0646794	371.67514
2.0652418	387.87073
2.0658042	382.54022
2.0663667	381.71954
2.0669291	393.34882
2.0674915	371.4559
2.068054	398.13553
2.0686164	404.25598
2.0691788	389.63873
2.0697412	386.28342
2.0703037	378.7587
2.0708661	361.68723
2.0714285	357.9346
2.071991	387.54477
2.0725534	377.99316
2.0731158	376.25092
2.0736783	373.7655
2.0742407	366.23508
2.0748031	368.2977
2.0753655	385.59552
2.075928	396.79858
2.0764904	368.08984
2.0770528	368.95746
2.0776153	377.24423
2.0781777	379
2.0787401	373.98557
2.0793025	378.87653
2.079865	383.22516
2.0804274	368.58694
2.0809898	394.0173
2.0815523	394.88107
2.0821147	383.83499
2.0826771	386.67749
2.0832396	381.1427
2.083802	378.61224
2.0843644	395.42249
2.0849268	392.03323
2.0854893	376.54745
2.0860517	380.41849
2.0866141	384.53445
2.0871766	380.09052
2.087739	363.82388
2.0883014	351.69412
2.0888638	376.19647
2.0894263	365.91013
2.0899887	370.46548
2.0905511	371.3631
2.0911136	376.41934
2.091676	372.95056
2.0922384	360.87027
2.0928009	379.42691
2.0933633	370.88602
2.0939257	359.29086
2.0944881	359.08871
2.0950506	369.93552
2.095613	381.61185
2.0961754	383.4368
2.0967379	375.95001
2.0973003	374.24863
2.0978627	371.0965
2.0984251	367.12225
2.0989876	370.52338
2.09955	379.0954
2.1001124	380.77676
2.1006749	372.29727
2.1012373	387.53513
2.1017997	387.01297
2.1023622	385.51105
2.1029246	386
2.103487	382.14481
2.1040494	367.67322
2.1046119	379.4978
2.1051743	375.84067
2.1057367	377.48441
2.1062992	374.06418
2.1068616	365.73309
2.107424	365
2.1079865	365
2.1085489	353.9003
2.1091113	344.02869
2.1096737	352.33145
2.1102362	365.68542
2.1107986	362.0643
2.111361	346.11945
2.1119235	353.49359
2.1124859	348.96271
2.1130483	353.12097
2.1136107	358.61557
2.1141732	357.83096
2.1147356	365.90192
2.115298	361.72079
2.1158605	357.5433
2.1164229	361.26492
2.1169853	363.83231
2.1175478	355.6969
2.1181102	338.70654
2.1186726	358.70514
2.119235	379.39359
2.1197975	369.03607
2.1203599	353.7207
2.1209223	356.535
2.1214848	363.35031
2.1220472	375.80542
2.1226096	365.0033
2.123172	359
2.1237345	358.31317
2.1242969	359.41129
2.1248593	370.99091
2.1254218	361.88278
2.1259842	359.34363
2.1265466	357.54956
2.1271091	360.96347
2.1276715	370.90692
2.1282339	364.30139
2.1287963	356.12259
2.1293588	354
2.1299212	345.25531
2.1304836	339.48734
2.1310461	356.27374
2.1316085	368.62021
2.1321709	354.65198
2.1327333	344.02045
2.1332958	340.75027
2.1338582	342.98221
2.1344206	347.61328
2.1349831	376.33157
2.1355455	368.83325
2.1361079	364.86844
2.1366704	371.26978
2.1372328	376.91156
2.1377952	362.17804
2.1383576	373.78909
2.1389201	362.04614
2.1394825	348.83926
2.1400449	346.5928
2.1406074	345.67471
2.1411698	373.40848
2.1417322	365.98416
2.1422946	350.1535
2.1428571	337.19919
2.1434195	331.50891
2.1439819	344.52856
2.1445444	323.64841
2.1451068	348.09088
2.1456692	360.73361
2.1462317	331.89706
2.1467941	341.63831
2.1473565	331.85284
2.1479189	323.681
2.1484814	331.63596
2.1490438	346.88879
2.1496062	338.49084
2.1501687	318.27313
2.1507311	306.98679
2.1512935	315.03363
2.1518559	327.21268
2.1524184	319.84918
2.1529808	331.14014
2.1535432	332.32635
2.1541057	325.28717
2.1546681	323.1279
2.1552305	334.7374
2.155793	323.47342
2.1563554	320.60229
2.1569178	323.51889
2.1574802	331.59204
2.1580427	339.16534
2.1586051	318.2963
2.1591675	320.28165
2.15973	325.60568
2.1602924	334.06039
2.1608548	344.41391
2.1614172	340.41153
2.1619797	332.82324
2.1625421	333.10358
2.1631045	337.26532
2.163667	337.24219
2.1642294	318.07629
2.1647918	341.60837
2.1653543	334.70773
2.1659167	318.91635
2.1664791	318.03885
2.1670415	294.94263
2.167604	317.68723
2.1681664	332.42676
2.1687288	333.15482
2.1692913	324.57349
2.1698537	310.28134
2.1704161	310.00046
2.1709785	309.61957
2.171541	304.45551
2.1721034	294.91614
2.1726658	310.75369
2.1732283	308.33585
2.1737907	299.53302
2.1743531	290.52103
2.1749156	285.02197
2.175478	294.50223
2.1760404	306.3006
2.1766028	307.44415
2.1771653	298.63699
2.1777277	301.79074
2.1782901	295.38156
2.1788526	298.7514
2.179415	298.73123
2.1799774	289.21933
2.1805398	307.30499
2.1811023	316.01843
2.1816647	309.91559
2.1822271	299.23926
2.1827896	299.57224
2.183352	285.45587
2.1839144	303.30679
2.1844769	312.37009
2.1850393	301.09894
2.1856017	291.70676
2.1861641	291
2.1867266	287.96921
2.187289	283.28104
2.1878514	278.93265
2.1884139	278.15204
2.1889763	283.02512
2.1895387	277.84344
2.1901011	266.56143
2.1906636	268.89941
2.191226	277.93765
2.1917884	279.95416
2.1923509	279.30066
2.1929133	280.3895
2.1934757	284.27457
2.1940382	279.31833
2.1946006	276.81506
2.195163	281.12015
2.1957254	294.29892
2.1962879	294.26651
2.1968503	287.39539
2.1974127	280.43555
2.1979752	279.61478
2.1985376	288.11984
2.1991	272.53998
2.1996624	262.8732
2.2002249	269.66797
2.2007873	288.95978
2.2013497	288.24066
2.2019122	277.78391
2.2024746	270.23843
2.203037	280.96457
2.2035995	262.49277
2.2041619	260.24368
2.2047243	269.81384
2.2052867	285
2.2058492	285
2.2064116	257.35959
2.206974	238.09245
2.2075365	238.70926
2.2080989	257.87567
2.2086613	249.10016
2.2092237	248.9166
2.2097862	255.42461
2.2103486	256.95493
2.210911	237.71028
2.2114735	238.59253
2.2120359	246.54016
2.2125983	248.73676
2.2131608	265.52136
2.2137232	266.08572
2.2142856	264.60779
2.214848	267.16544
2.2154105	259.55084
2.2159729	259.81796
2.2165353	253.66566
2.2170978	242.65248
2.2176602	252.5323
2.2182226	248.17995
2.218785	243.37741
2.2193475	244.28336
2.2199099	259.45377
2.2204723	246.02301
2.2210348	241.19191
2.2215972	240.47987
2.2221596	226.85718
2.2227221	241.59235
2.2232845	248.92957
2.2238469	248.67709
2.2244093	244.1449
2.2249718	254.95763
2.2255342	255.60504
2.2260966	246.49928
2.2266591	229.16476
2.2272215	229
2.2277839	231.49693
2.2283463	231.4798
2.2289088	224.04813
2.2294712	233.07204
2.2300336	233.46326
2.2305961	235.90932
2.2311585	249.82126
2.2317209	235.56973
2.2322834	236.09404
2.2328458	237.633
2.2334082	228.02435
2.2339706	230.27032
2.2345331	230.49489
2.2350955	229.49359
2.2356579	227.9818
2.2362204	216.02991
2.2367828	223.87544
2.2373452	230.44943
2.2379076	213.2795
2.2384701	232.80287
2.2390325	230.90446
2.2395949	218.09221
2.2401574	208.41197
2.2407198	227.23734
2.2412822	230.89395
2.2418447	225.40096
2.2424071	223.17055
2.2429695	224.37149
2.2435319	230.136
2.2440944	235.98029
2.2446568	231.53073
2.2452192	219.25098
2.2457817	221.65923
2.2463441	235.67088
2.2469065	239.37186
2.2474689	240
2.2480314	243.88591
2.2485938	250.16983
2.2491562	243.52266
2.2497187	252.8116
2.2502813	255.16794
2.2508438	241.42073
2.2514062	231.8403
2.2519686	232.1089
2.2525311	233.21803
2.2530935	228.06416
2.2536559	233.08337
2.2542183	229.46318
2.2547808	222.01801
2.2553432	218.3447
2.2559056	219.3302
2.2564681	223.58948
2.2570305	229.79361
2.2575929	234.192
2.2581553	225.43158
2.2587178	225.27818
2.2592802	237.24966
2.2598426	228.472
2.2604051	218.64793
2.2609675	216.86417
2.2615299	230.74493
2.2620924	217.38272
2.2626548	216.91039
2.2632172	223
2.2637796	223
2.2643421	238.20216
2.2649045	250.97784
2.2654669	259.25516
2.2660294	269.44211
2.2665918	277.98868
2.2671542	277.84674
2.2677166	264.04291
2.2682791	300.19064
2.2688415	316.24802
2.2694039	327.40326
2.2699664	362.20105
2.2705288	364.50162
2.2710912	379.74142
2.2716537	410.56439
2.2722161	406.22266
2.2727785	421.10516
2.2733409	430.4231
2.2739034	413.80533
2.2744658	400.6326
2.2750282	391.72983
2.2755907	382.18488
2.2761531	355.50098
2.2767155	355.14789
2.2772779	350.81464
2.2778404	330.64014
2.2784028	309.77676
2.2789652	287.564
2.2795277	265.23505
2.2800901	245.11563
2.2806525	249.88741
2.281215	255
2.2817774	253.60881
2.2823398	229.9471
2.2829022	233.42186
2.2834647	241.96002
2.2840271	226.92084
2.2845895	223.12766
2.285152	224.37657
2.2857144	228.45274
2.2862768	221.30858
2.2868392	221.41632
2.2874017	227.54832
2.2879641	240.39226
2.2885265	235.13553
2.289089	234.03275
2.2896514	240.34592
2.2902138	245.33022
2.2907763	249.83931
2.2913387	249.30447
2.2919011	235.07648
2.2924635	251.20531
2.293026	262.0484
2.2935884	259.69986
2.2941508	251.89565
2.2947133	248.1078
2.2952757	248.39697
2.2958381	254.77457
2.2964005	256
2.296963	250.40138
2.2975254	236.2417
2.2980878	246.42595
2.2986503	252.20587
2.2992127	252.26286
2.2997751	240.96564
2.3003376	251.53072
2.3009	258.35175
2.3014624	240.72093
2.3020248	233.27588
2.3025873	230.34052
2.3031497	230.50861
2.3037121	222.76726
2.3042746	216.3857
2.304837	212.92896
2.3053994	217.14522
2.3059618	218.55975
2.3065243	215.07372
2.3070867	204.54559
2.3076491	207.98946
2.3082116	210.36594
2.308774	211.20013
2.3093364	213.30075
2.3098989	221.00485
2.3104613	227.33208
2.3110237	220.34038
2.3115861	219.5648
2.3121486	223.68759
2.312711	233.46439
2.3132734	231.36122
2.3138359	237.50345
2.3143983	250.83624
2.3149607	248.74556
2.3155231	256.06372
2.3160856	265.42328
2.316648	262.6398
2.3172104	275.92575
2.3177729	287.53827
2.3183353	286.14856
2.3188977	282.27887
2.3194602	276.85562
2.3200226	270.05075
2.320585	274.21002
2.3211474	274.8157
2.3217099	272.38596
2.3222723	267.53775
2.3228347	262.69339
2.3233972	263.59515
2.3239596	282.95956
2.324522	273.87671
2.3250844	273.21869
2.3256469	302.91339
2.3262093	363.49719
2.3267717	451.67432
2.3273342	569.5899
2.3278966	832.34424
2.328459	999.68701
2.3290215	1087.9996
2.3295839	1185.0298
2.3301463	1237.1505
2.3307087	1259.8906
2.3312712	1264.7007
2.3318336	1596.2299
2.332396	1925.5626
2.3329585	1927.6211
2.3335209	1631.5311
2.3340833	1257.7356
2.3346457	865.13965
2.3352082	607.3786
2.3357706	432.99524
2.336333	346.10626
2.3368955	317.97946
2.3374579	294.48029
2.3380203	276.42007
2.3385828	305.0968
2.3391452	320.19312
2.3397076	327.28
2.34027	346.36465
2.3408325	352.11127
2.3413949	357.14905
2.3419573	390.50867
2.3425198	407.78922
2.3430822	419.00775
2.3436446	431.24466
2.344207	444.00256
2.3447695	456.70166
2.3453319	468.91745
2.3458943	481.69617
2.3464568	505.20392
2.3470192	547.91003
2.3475816	554.19312
2.3481441	542.40985
2.3487065	511.27237
2.3492689	475.76147
2.3498313	452.96518
2.3503938	446.20395
2.3509562	433.55182
2.3515186	428.32172
2.3520811	430.64426
2.3526435	386.12207
2.3532059	362.52029
2.3537683	357.77423
2.3543308	352.38684
2.3548932	339.8761
2.3554556	322.1817
2.3560181	310.74985
2.3565805	305.21411
2.3571429	302.95764
2.3577054	292.21356
2.3582678	286.77588
2.3588302	285.31708
2.3593926	287.9993
2.3599551	278.91394
2.3605175	266.08612
2.3610799	274.12134
2.3616424	275.71161
2.3622048	273.4082
2.3627672	269.39514
2.3633296	261.02493
2.3638921	250.95845
2.3644545	244.27953
2.3650169	242.43958
2.3655794	243.42734
2.3661418	246.09514
2.3667042	255.36688
2.3672667	266.53342
2.3678291	269.86346
2.3683915	271.43832
2.3689539	273.86639
2.3695164	285.83426
2.3700788	286.53531
2.3706412	283.65543
2.3712037	294.94568
2.3717661	300.70065
2.3723285	302.55737
2.3728909	299.24136
2.3734534	290.12302
2.3740158	280.07983
2.3745782	289.34641
2.3751407	281.77722
2.3757031	264.31281
2.3762655	257.0401
2.376828	249.00203
2.3773904	241.54025
2.3779528	249.4608
2.3785152	246.42982
2.3790777	234.85091
2.3796401	230.89507
2.3802025	228.31384
2.380765	226.9769
2.3813274	217.75948
2.3818898	217.77237
2.3824522	227.63992
2.3830147	209.00627
2.3835771	200.0316
2.3841395	204.63133
2.384702	204.39624
2.3852644	198.02191
2.3858268	182.93794
2.3863893	187.28374
2.3869517	193.13292
2.3875141	196.4084
2.3880765	188.95731
2.388639	180.28601
2.3892014	174.39996
2.3897638	178.47845
2.3903263	179.75903
2.3908887	161.46713
2.3914511	160.57393
2.3920135	169.9507
2.392576	193.42984
2.3931384	247.51747
2.3937008	321.22379
2.3942633	413.05679
2.3948257	625.03998
2.3953881	924.508
2.3959506	1050.0006
2.396513	1248.9824
2.3970754	1524.4482
2.3976378	1822.0739
2.3982003	2081.4739
2.3987627	2284.4895
2.3993251	2713.6343
2.3998876	3113.5012
2.40045	3383.6011
2.4010124	3773.929
2.4015749	4278.9487
2.4021373	5042.8589
2.4026997	5183.7729
2.4032621	4815.7832
2.4038246	3084.1692
2.404387	1859.9969
2.4049494	995.82697
2.4055119	508.29147
2.4060743	198.05899
2.4066367	65.893028
2.4071991	40.076977
2.4077616	26.219975
2.408324	21.714378
2.4088864	19.37608
2.4094489	17.815588
2.4100113	17.172983
2.4105737	17.938728
2.4111362	18.553766
2.4116986	15.986146
2.412261	15.789878
2.4128234	16.819368
2.4133859	13.615074
2.4139483	12
2.4145107	12
2.4150732	9.6086988
2.4156356	9.1883297
2.416198	12.384809
2.4167604	12.484023
2.4173229	11.845199
2.4178853	11.206768
2.4184477	11.862858
2.4190102	12.93056
2.4195726	12.293165
2.420135	11.655863
2.4206975	11.018639
2.4212599	9.1457491
2.4218223	7.4909673
2.4223847	6.2189255
2.4229472	7.0525479
2.4235096	8.4854641
2.424072	10.390958
2.4246345	8.407795
2.4251969	5.6024389
2.4257593	11.3097
2.4263217	12.324811
2.4268842	9.1558142
2.4274466	9
2.428009	9.4710379
2.4285715	10.736597
2.4291339	11
2.4296963	11.133142
2.4302588	11.765073
2.4308212	12.793585
2.4313836	13.858184
2.431946	10.702751
2.4325085	8.1290903
2.4330709	6.2373495
2.4336333	7.1020441
2.4341958	9.0857124
2.4347582	12.863136
2.4353206	10.481131
2.435883	6.345191
2.4364455	9.4888496
2.4370079	10.673846
2.4375703	10.045784
2.4381328	8.8357544
2.4386952	8
2.4392576	8
2.4398201	8.9280043
2.4403825	9.6367064
2.4409449	7.1311288
2.4415073	6.6868596
2.4420698	7.938983
2.4426322	6.8101559
2.4431946	5.7798553
2.4437571	5.154954
2.4443195	7.3484902
2.4448819	9.8115635
2.4454443	8.5630836
2.4460068	6.6306601
2.4465692	4.136342
2.4471316	6.3561072
2.4476941	7.7879996
2.4482565	7.1652436
2.4488189	7.9143019
2.4493814	8.6826763
2.4499438	6.1962457
2.4505062	5
2.4510686	5
2.4516311	5
2.4521935	5.5563388
2.4527559	7.4177289
2.4533184	10.130182
2.4538808	12.678264
2.4544432	8.3430033
2.4550056	6.569067
2.4555681	7.8073878
2.4561305	8
2.4566929	8.2809629
2.4572554	9.5173368
2.4578178	10
2.4583802	10
2.4589427	6.9431024
2.4595051	5.9138341
2.4600675	8.3801184
2.4606299	8.5385199
2.4611924	7.6110568
2.4617548	4.5330281
2.4623172	5.1618729
2.4628797	9.4688644
2.4634421	8.9217463
2.4640045	8
2.4645669	8
2.4651294	6.8523855
2.4656918	5.0108538
2.4662542	7.4402676
2.4668167	8.5530796
2.4673791	7.3273058
2.4679415	7.8980007
2.468504	8.8769579
2.4690664	7.6527743
2.4696288	6.7144437
2.4701912	6.1026692
2.4707537	7.5257306
2.4713161	8.7606897
2.4718785	7.539042
2.472441	5.2948117
2.4730034	2.2430637
2.4735658	5.928093
2.4741282	9.1708307
2.4746907	9.7803917
2.4752531	8.8313503
2.4758155	7.0045552
2.476378	8.8208303
2.4769404	9.5695257
2.4775028	8.3535452
2.4780653	6.2764635
2.4786277	4.1151242
2.4791901	5.9362779
2.4797525	8.0093889
2.480315	10.436345
2.4808774	11.465346
2.4814398	11.785724
2.4820023	9.9683113
2.4825647	10.413715
2.4831271	13.439629
2.4836895	11.04287
2.484252	7.8046951
2.4848144	6.5958815
2.4853768	4.7750754
2.4859393	2.3593035
2.4865017	5.082335
2.4870641	8.3513365
2.4876266	10.160387
2.488189	10.677102
2.4887514	10.074548
2.4893138	10
2.4898763	9.7408066
2.4904387	8.5375423
2.4910011	7.0021782
2.4915636	5.1986604
2.492126	5.5346799
2.4926884	6.4062247
2.4932508	8.2069893
2.4938133	9
2.4943757	9
2.4949381	7.3954577
2.4955006	6.2682385
2.496063	7.4663086
2.4966254	8
2.4971879	8
2.4977503	4.8301663
2.4983127	3.1359262
2.4988751	8.5149517
2.4994376	9.3938637
2.5	6.4085422
