1.5	524.63574
1.5005624	532.14124
1.5011249	526.52582
1.5016873	519.8963
1.5022497	520.08752
1.5028121	522.39069
1.5033746	522.75134
1.503937	519.98059
1.5044994	516.85754
1.5050619	520.06866
1.5056243	520.95978
1.5061867	522.31104
1.5067492	508.39377
1.5073116	519.0282
1.507874	513.64209
1.5084364	518.26953
1.5089989	515.50903
1.5095613	516.93719
1.5101237	514.11694
1.5106862	511.5264
1.5112486	507.47833
1.511811	516.96326
1.5123734	507.36884
1.5129359	508.76651
1.5134983	509.72668
1.5140607	506.53952
1.5146232	504.04547
1.5151856	510.69666
1.515748	506.06064
1.5163105	513.08099
1.5168729	503.23331
1.5174353	507.90125
1.5179977	505.57034
1.5185602	501.61496
1.5191226	505.8212
1.519685	504.37354
1.5202475	507.70541
1.5208099	510.70215
1.5213723	501.63763
1.5219347	510.41531
1.5224972	496.44562
1.5230596	503.43976
1.523622	497.00562
1.5241845	494.01407
1.5247469	500.38278
1.5253093	499.38379
1.5258718	499.55133
1.5264342	495.25134
1.5269966	496.3772
1.527559	493.82739
1.5281215	491.14587
1.5286839	505.00153
1.5292463	490.34113
1.5298088	488.06757
1.5303712	488.9187
1.5309336	489.68759
1.531496	488.00375
1.5320585	491.70361
1.5326209	490.61771
1.5331833	481.72562
1.5337458	496.51736
1.5343082	481.73785
1.5348706	484.31601
1.5354331	488.50131
1.5359955	488.35675
1.5365579	490.14874
1.5371203	481.25531
1.5376828	481.22284
1.5382452	489.41953
1.5388076	485.22275
1.5393701	483.491
1.5399325	480.73108
1.5404949	488.60834
1.5410573	481.07315
1.5416198	482.67514
1.5421822	485.00372
1.5427446	476.37799
1.5433071	478.60861
1.5438695	484.49344
1.5444319	484.53583
1.5449944	480.03232
1.5455568	479.92325
1.5461192	480.44476
1.5466816	485.53204
1.5472441	483.72989
1.5478065	479.06177
1.5483689	475.54382
1.5489314	473.3313
1.5494938	469.49689
1.5500562	471.69598
1.5506186	467.53882
1.5511811	473.14154
1.5517435	467.72958
1.5523059	475.17484
1.5528684	465.43161
1.5534308	470.77576
1.5539932	470.69485
1.5545557	468.79541
1.5551181	467.35553
1.5556805	466.75864
1.5562429	472.85172
1.5568054	464.68936
1.5573678	469.79019
1.5579302	467.8017
1.5584927	462.53979
1.5590551	465.31021
1.5596175	469.24609
1.5601799	465.47125
1.5607424	467.45746
1.5613048	459.02402
1.5618672	459.96808
1.5624297	462.37448
1.5629921	459.07867
1.5635545	460.85532
1.564117	464.90567
1.5646794	469.54556
1.5652418	459.5589
1.5658042	460.90973
1.5663667	459.65219
1.5669291	467.79517
1.5674915	453.14978
1.568054	461.2135
1.5686164	452.87964
1.5691788	457.74045
1.5697412	458.53156
1.5703037	451.30469
1.5708661	462.7103
1.5714285	460.64771
1.571991	450.42587
1.5725534	454.70697
1.5731158	450.35785
1.5736783	457.03479
1.5742407	449.69147
1.5748031	456.4119
1.5753655	457.12277
1.575928	452.84665
1.5764904	453.80035
1.5770528	454.27707
1.5776153	440.11578
1.5781777	451.25858
1.5787401	449.88782
1.5793025	452.24438
1.579865	456.8335
1.5804274	453.92459
1.5809898	442.6575
1.5815523	454.03232
1.5821147	443.65106
1.5826771	447.59833
1.5832396	446.11099
1.583802	443.39731
1.5843644	441.01291
1.5849268	447.20889
1.5854893	444.21469
1.5860517	446.24329
1.5866141	452.94235
1.5871766	443.17563
1.587739	442.99338
1.5883014	441.2832
1.5888638	442.69366
1.5894263	446.84244
1.5899887	445.76117
1.5905511	449.54401
1.5911136	438.63187
1.591676	444.09943
1.5922384	448.43903
1.5928009	441.40817
1.5933633	438.51096
1.5939257	438.47836
1.5944881	436.69998
1.5950506	443.50882
1.595613	437.74222
1.5961754	440.94727
1.5967379	432.96158
1.5973003	438.74213
1.5978627	437.63412
1.5984251	435.08279
1.5989876	425.60883
1.59955	436.02466
1.6001124	431.97733
1.6006749	446.33716
1.6012373	433.50726
1.6017997	432.95789
1.6023622	429.96069
1.6029246	439.98758
1.603487	437.02368
1.6040494	439.75226
1.6046119	431.47827
1.6051743	441.89429
1.6057367	431.00104
1.6062992	434.2066
1.6068616	433.63248
1.607424	435.8934
1.6079865	428.62268
1.6085489	442.17264
1.6091113	435.25397
1.6096737	431.65436
1.6102362	425.99625
1.6107986	435.83569
1.611361	439.71313
1.6119235	430.58078
1.6124859	427.59796
1.6130483	434.689
1.6136107	438.74786
1.6141732	429.04813
1.6147356	426.24362
1.615298	426.19269
1.6158605	426.15671
1.6164229	426.7164
1.6169853	430.50003
1.6175478	425.62924
1.6181102	435.06519
1.6186726	425.90884
1.619235	429.63864
1.6197975	430.00043
1.6203599	422.48816
1.6209223	427.68253
1.6214848	437.21487
1.6220472	422.1243
1.6226096	429.86929
1.623172	430.83807
1.6237345	428.31042
1.6242969	428.15326
1.6248593	429.2959
1.6254219	420.03238
1.6259843	426.08334
1.6265467	424.50699
1.6271092	434.94089
1.6276716	426.76947
1.628234	436.86511
1.6287965	425.0383
1.6293589	420.92059
1.6299213	425.97098
1.6304837	427.18362
1.6310462	429.33463
1.6316086	429.8895
1.632171	420.78561
1.6327335	421.37323
1.6332959	417.21567
1.6338583	422.25815
1.6344208	430.41083
1.6349832	429.75558
1.6355456	423.03906
1.636108	415.21991
1.6366705	422.06714
1.6372329	413.79587
1.6377953	419.43411
1.6383578	427.48132
1.6389202	421.65994
1.6394826	426.8912
1.640045	419.92697
1.6406075	425.31049
1.6411699	421.0192
1.6417323	432.31509
1.6422948	433.30588
1.6428572	429.33072
1.6434196	428.31393
1.6439821	421.59604
1.6445445	422.63968
1.6451069	431.31836
1.6456693	432.23679
1.6462318	432.85681
1.6467942	419.06818
1.6473566	430.11209
1.6479191	427.28558
1.6484815	423.45178
1.6490439	429.60254
1.6496063	440.892
1.6501688	434.45007
1.6507312	424.23883
1.6512936	436.87479
1.6518561	428.04242
1.6524185	436.31323
1.6529809	430.6015
1.6535434	440.17651
1.6541058	427.12451
1.6546682	423.38763
1.6552306	429.67575
1.6557931	431.01556
1.6563555	415.40115
1.6569179	435.88245
1.6574804	422.2594
1.6580428	438.34381
1.6586052	415.4512
1.6591676	423.42618
1.6597301	429.45807
1.6602925	416.20938
1.6608549	426.40933
1.6614174	429.08676
1.6619798	420.02609
1.6625422	407.32169
1.6631047	425.99814
1.6636671	423.46225
1.6642295	430.09607
1.6647919	430.18704
1.6653544	427.07526
1.6659168	441.66193
1.6664792	437.44916
1.6670417	443.33636
1.6676041	435.41028
1.6681665	435.12347
1.6687289	417.54898
1.6692914	442.43582
1.6698538	436.60568
1.6704162	427.82178
1.6709787	433.43024
1.6715411	431.77438
1.6721035	439.50699
1.672666	436.25497
1.6732284	427.26425
1.6737908	420.36655
1.6743532	441.86292
1.6749157	436.64285
1.6754781	444.72974
1.6760405	434.86954
1.676603	433.04059
1.6771654	443.37091
1.6777278	440.72681
1.6782902	435.91653
1.6788527	440.5567
1.6794151	447.28812
1.6799775	436.83939
1.68054	445.81793
1.6811024	445.01089
1.6816648	436.01151
1.6822273	436.45969
1.6827897	439.18665
1.6833521	444.01913
1.6839145	439.25046
1.684477	445.78577
1.6850394	443.53915
1.6856018	447.57111
1.6861643	439.11609
1.6867267	445.60608
1.6872891	449.87866
1.6878515	452.44305
1.688414	460.35025
1.6889764	464.69046
1.6895388	456.11719
1.6901013	447.67432
1.6906637	450.86371
1.6912261	463.71774
1.6917886	454.86484
1.692351	446.82703
1.6929134	460.14615
1.6934758	457.88559
1.6940383	460.13647
1.6946007	456.51654
1.6951631	455.88104
1.6957256	451.12173
1.696288	452.86386
1.6968504	454.14612
1.6974128	453.54272
1.6979753	451.7677
1.6985377	467.59494
1.6991001	460.73752
1.6996626	462.10623
1.700225	465.22714
1.7007874	468.24515
1.7013499	468.70636
1.7019123	481.31128
1.7024747	474.84326
1.7030371	476.15256
1.7035996	459.55722
1.704162	471.89175
1.7047244	468.1662
1.7052869	470.22882
1.7058493	470.75421
1.7064117	469.46649
1.7069741	475.93103
1.7075366	466.14084
1.708099	473.37979
1.7086614	482.25311
1.7092239	472.98273
1.7097863	488.42819
1.7103487	482.58844
1.7109112	481.8985
1.7114736	498.14337
1.712036	489.51852
1.7125984	496.12466
1.7131609	481.75586
1.7137233	476.77368
1.7142857	492.5083
1.7148482	485.8396
1.7154106	494.09613
1.715973	495.7955
1.7165354	490.02451
1.7170979	499.7692
1.7176603	484.99634
1.7182227	489.92892
1.7187852	492.89423
1.7193476	513.0625
1.71991	500.40106
1.7204725	489.98026
1.7210349	473.9407
1.7215973	510.20071
1.7221597	507.26846
1.7227222	506.85498
1.7232846	499.76526
1.723847	539.70129
1.7244095	522.08844
1.7249719	518.08911
1.7255343	514.32495
1.7260967	527.62842
1.7266592	543.26178
1.7272216	537.27301
1.727784	542.52814
1.7283465	529.58234
1.7289089	536.44244
1.7294713	539.56702
1.7300338	542.32965
1.7305962	539.91315
1.7311586	544.06079
1.731721	542.98401
1.7322835	548.21124
1.7328459	557.56494
1.7334083	548.07184
1.7339708	554.84442
1.7345332	545.27875
1.7350956	554.91229
1.735658	534.74188
1.7362205	541.13849
1.7367829	576.31854
1.7373453	558.17072
1.7379078	541.99719
1.7384702	551.8728
1.7390326	562.64832
1.7395951	545.5921
1.7401575	551.20618
1.7407199	575.32526
1.7412823	579.28326
1.7418448	578.87183
1.7424072	583.9082
1.7429696	602.55432
1.7435321	587.70667
1.7440945	579.55353
1.7446569	593.54376
1.7452193	593.33661
1.7457818	597.40063
1.7463442	610.95746
1.7469066	596.87909
1.7474691	620.78253
1.7480315	613.13849
1.7485939	628.19318
1.7491564	631.30499
1.7497188	631.4903
1.7502812	615.55499
1.7508436	639.25903
1.7514061	648.83417
1.7519685	627.17639
1.7525309	632.9845
1.7530934	624.65649
1.7536558	662.35968
1.7542182	650.68066
1.7547807	666.599
1.7553431	681.39978
1.7559055	664.28778
1.7564679	648.19257
1.7570304	676.13654
1.7575928	686.86725
1.7581552	679.34479
1.7587177	671.02203
1.7592801	669.76215
1.7598425	666.91034
1.7604049	699.53235
1.7609674	682.36572
1.7615298	683.40747
1.7620922	679.73102
1.7626547	703.94574
1.7632171	707.16754
1.7637795	706.87854
1.764342	690.66632
1.7649044	748.08331
1.7654668	702.97931
1.7660292	733.48175
1.7665917	728.23785
1.7671541	733.90845
1.7677165	741.87134
1.768279	745.80359
1.7688414	732.64972
1.7694038	760.54584
1.7699662	754.409
1.7705287	748.21136
1.7710911	757.87531
1.7716535	761.97449
1.772216	761.3078
1.7727784	786.74347
1.7733408	771.64423
1.7739033	796.61786
1.7744657	793.33185
1.7750281	803.23798
1.7755905	806.72699
1.776153	808.62531
1.7767154	826.26245
1.7772778	822.53229
1.7778403	843.40173
1.7784027	859.00543
1.7789651	854.24463
1.7795275	846.9715
1.78009	866.03394
1.7806524	845.19122
1.7812148	863.70166
1.7817773	875.48883
1.7823397	911.487
1.7829021	918.17029
1.7834646	906.92999
1.784027	916.7406
1.7845894	916.487
1.7851518	938.57611
1.7857143	922.9201
1.7862767	946.04822
1.7868391	938.75861
1.7874016	935.30988
1.787964	978.51929
1.7885264	980.45465
1.7890888	985.95978
1.7896513	975.78815
1.7902137	982.46674
1.7907761	997.83093
1.7913386	976.94122
1.791901	1019.7552
1.7924634	1000.3248
1.7930259	1011.4624
1.7935883	1022.2966
1.7941507	1008.3773
1.7947131	1025.733
1.7952756	1055.0883
1.795838	1065.9347
1.7964004	1063.7427
1.7969629	1075.3718
1.7975253	1078.7555
1.7980877	1107.0264
1.7986501	1122.8989
1.7992126	1096.5583
1.799775	1126.6813
1.8003374	1161.0847
1.8008999	1164.5028
1.8014623	1153.1548
1.8020247	1174.0164
1.8025872	1219.5221
1.8031496	1220.7898
1.803712	1214.4751
1.8042744	1189.0812
1.8048369	1253.366
1.8053993	1248.5492
1.8059617	1258.6693
1.8065242	1250.2008
1.8070866	1253.2726
1.807649	1266.6749
1.8082114	1303.4559
1.8087739	1271.147
1.8093363	1276.9059
1.8098987	1291.9849
1.8104612	1314.3151
1.8110236	1301.1541
1.811586	1314.8478
1.8121485	1321.6143
1.8127109	1334.8279
1.8132733	1356.3062
1.8138357	1327.6416
1.8143982	1372.7881
1.8149606	1401.1427
1.815523	1422.5078
1.8160855	1415.2626
1.8166479	1399.4166
1.8172103	1470.2994
1.8177727	1462.5023
1.8183352	1480.8683
1.8188976	1504.2316
1.81946	1539.7622
1.8200225	1568.5934
1.8205849	1561.8165
1.8211473	1567.7617
1.8217098	1623.0671
1.8222722	1654.047
1.8228346	1661.1151
1.823397	1675.4846
1.8239595	1708.2791
1.8245219	1739.2377
1.8250843	1725.4706
1.8256468	1785.2111
1.8262092	1776.4827
1.8267716	1794.729
1.827334	1835.5371
1.8278965	1845.7954
1.8284589	1866.9435
1.8290213	1875.4855
1.8295838	1856.8871
1.8301462	1912.4647
1.8307086	1887.2041
1.8312711	1918.4788
1.8318335	1938.3354
1.8323959	1957.4141
1.8329583	1960.3274
1.8335208	1996.2323
1.8340832	2036.9733
1.8346456	2035.0332
1.8352081	2023.111
1.8357705	2077.5117
1.8363329	2120.873
1.8368953	2167.7566
1.8374578	2152.0161
1.8380202	2178.2004
1.8385826	2225.8486
1.8391451	2260.7251
1.8397075	2268.9929
1.8402699	2308.0632
1.8408324	2331.6304
1.8413948	2381.7144
1.8419572	2434.0933
1.8425196	2458.2625
1.8430821	2490.5491
1.8436445	2522.4629
1.8442069	2546.5708
1.8447694	2590.8054
1.8453318	2612.7922
1.8458942	2688.8115
1.8464566	2700.8101
1.8470191	2741.405
1.8475815	2756.771
1.8481439	2760.0432
1.8487064	2807.99
1.8492688	2844.3516
1.8498312	2908.6104
1.8503937	2914.6021
1.8509561	2936.7385
1.8515185	2961.1633
1.8520809	2998.9795
1.8526434	3057.012
1.8532058	3106.4412
1.8537682	3153.1008
1.8543307	3131.5671
1.8548931	3134.9399
1.8554555	3181.2185
1.8560179	3229.3396
1.8565804	3253.2173
1.8571428	3318.3901
1.8577052	3353.5227
1.8582677	3388.7056
1.8588301	3440.7085
1.8593925	3460.0469
1.859955	3501.2512
1.8605174	3592.2896
1.8610798	3695.083
1.8616422	3728.0447
1.8622047	3749.3977
1.8627671	3781.9966
1.8633295	3867.4504
1.863892	3965.0417
1.8644544	3992.0408
1.8650168	4099.3618
1.8655792	4155.2393
1.8661417	4224.6553
1.8667041	4278.0459
1.8672665	4332.687
1.867829	4386.4756
1.8683914	4413.9497
1.8689538	4502.1201
1.8695163	4599.0303
1.8700787	4665.583
1.8706411	4686.8999
1.8712035	4793.6611
1.871766	4901.9312
1.8723284	4904.873
1.8728908	4998.5928
1.8734533	5038.0479
1.8740157	5105.8301
1.8745781	5184.916
1.8751407	5255.4043
1.8757031	5357.6289
1.8762655	5465.1904
1.876828	5487.834
1.8773904	5551.7305
1.8779528	5610.4297
1.8785152	5712.4424
1.8790777	5744.686
1.8796401	5920.5977
1.8802025	5989.8936
1.880765	6042.0869
1.8813274	6136.1401
1.8818898	6258.0234
1.8824522	6396.0566
1.8830147	6473.75
1.8835771	6571.689
1.8841395	6704.0894
1.884702	6873.8745
1.8852644	6956.8115
1.8858268	7048.522
1.8863893	7200.7007
1.8869517	7383.9346
1.8875141	7471.0703
1.8880765	7544.1792
1.888639	7712.8936
1.8892014	7819.7422
1.8897638	7921.4116
1.8903263	8065.5854
1.8908887	8199.4287
1.8914511	8317.6924
1.8920135	8376.7041
1.892576	8483.0547
1.8931384	8562.7314
1.8937008	8673.2852
1.8942633	8798.5264
1.8948257	8867.79
1.8953881	8926.418
1.8959506	9007.1104
1.896513	9159.3271
1.8970754	9283.5762
1.8976378	9367.7119
1.8982003	9442.2813
1.8987627	9593.6543
1.8993251	9673.21
1.8998876	9704.0469
1.90045	9782.3232
1.9010124	10041.76
1.9015749	10182.509
1.9021373	10305.677
1.9026997	10409.653
1.9032621	10700.702
1.9038246	10782.215
1.904387	10849.952
1.9049494	11029.736
1.9055119	11148.912
1.9060743	11400.229
1.9066367	11569.443
1.9071991	11707.6
1.9077616	11926.45
1.908324	12045.551
1.9088864	12167.035
1.9094489	12265.904
1.9100113	12398.137
1.9105737	12462.204
1.9111362	12596.201
1.9116986	12694.067
1.912261	12727.517
1.9128234	12835.814
1.9133859	12932.919
1.9139483	13072.321
1.9145107	13033.622
1.9150732	13113.752
1.9156356	13205.462
1.916198	13156.023
1.9167604	13234.845
1.9173229	13351.415
1.9178853	13321.848
1.9184477	13314.172
1.9190102	13377.294
1.9195726	13481.277
1.920135	13623.953
1.9206975	13620.059
1.9212599	13699.228
1.9218223	13611.179
1.9223847	13870.19
1.9229472	13915.938
1.9235096	13866.868
1.924072	13981.571
1.9246345	14149.625
1.9251969	14218.589
1.9257593	14293.726
1.9263217	14349.379
1.9268842	14467.91
1.9274466	14512.071
1.928009	14673.295
1.9285715	14684.73
1.9291339	14769.735
1.9296963	14767.968
1.9302588	14855.807
1.9308212	14742.001
1.9313836	14743.204
1.931946	14816.89
1.9325085	14849.283
1.9330709	14874.966
1.9336333	14809.967
1.9341958	14548.979
1.9347582	14452.814
1.9353206	14390.113
1.935883	14264
1.9364455	14159.388
1.9370079	14097.376
1.9375703	13946.281
1.9381328	13824.36
1.9386952	13765.146
1.9392576	13644.801
1.9398201	13589.531
1.9403825	13515.281
1.9409449	13384.1
1.9415073	13318.711
1.9420698	13299.529
1.9426322	13220.001
1.9431946	13175.857
1.9437571	13077.069
1.9443195	13009.844
1.9448819	12920.375
1.9454443	12918.102
1.9460068	12819.663
1.9465692	12805.968
1.9471316	12636.237
1.9476941	12558.03
1.9482565	12475.157
1.9488189	12404.061
1.9493814	12281.739
1.9499438	12169.171
1.9505062	12016.584
1.9510686	11962.86
1.9516311	11838.515
1.9521935	11488.152
1.9527559	11292.157
1.9533184	11173.841
1.9538808	10959.691
1.9544432	10757.028
1.9550056	10602.43
1.9555681	10337.451
1.9561305	10246.903
1.9566929	9956.0088
1.9572554	9788.7051
1.9578178	9666.0498
1.9583802	9548.1582
1.9589427	9358.6426
1.9595051	9211.8066
1.9600675	9093.4639
1.9606299	8971.9766
1.9611924	8848.0391
1.9617548	8726.3408
1.9623172	8610.1035
1.9628797	8443.0742
1.9634421	8266.6221
1.9640045	8158.2031
1.9645669	8132.4229
1.9651294	8057.0669
1.9656918	7859.3911
1.9662542	7794.8135
1.9668167	7752.3379
1.9673791	7668.9341
1.9679415	7633.8262
1.968504	7536.0229
1.9690664	7321.6763
1.9696288	7186.96
1.9701912	7073.2681
1.9707537	7014.1108
1.9713161	7069.2554
1.9718785	6783.9004
1.972441	6694.2173
1.9730034	6594.6602
1.9735658	6418.0986
1.9741282	6413.502
1.9746907	6212.4775
1.9752531	6119.2837
1.9758155	5915.8379
1.976378	5836.1724
1.9769404	5768.8379
1.9775028	5638.1914
1.9780653	5493.5044
1.9786277	5351.1548
1.9791901	5252.4941
1.9797525	5189.2749
1.980315	5079.5767
1.9808774	4953.5518
1.9814398	4860.9917
1.9820023	4716.7334
1.9825647	4598.9248
1.9831271	4563.8989
1.9836895	4531.1133
1.984252	4398.1133
1.9848144	4383.4863
1.9853768	4337.856
1.9859393	4216.5801
1.9865017	4126.6343
1.9870641	4001.3652
1.9876266	3973.4819
1.988189	3930.5715
1.9887514	3909.0723
1.9893138	3813.76
1.9898763	3714.1907
1.9904387	3669.1704
1.9910011	3643.1404
1.9915636	3579.2307
1.992126	3483.2686
1.9926884	3442.1018
1.9932508	3415.0083
1.9938133	3357.0505
1.9943757	3319.0017
1.9949381	3306.3052
1.9955006	3222.5596
1.996063	3132.3845
1.9966254	3055.1123
1.9971879	3034.3723
1.9977503	2989.0117
1.9983127	2963.8093
1.9988751	2934.929
1.9994376	2874.5269
2	2845.3679
2.0005624	2796.5813
2.0011249	2698.125
2.0016873	2648.1628
2.0022497	2601.02
2.0028121	2509.3357
2.0033746	2444.4976
2.003937	2429.3525
2.0044994	2383.6824
2.0050619	2339.8079
2.0056243	2334.1709
2.0061867	2283.853
2.0067492	2237.6355
2.0073116	2202.9263
2.007874	2161.9861
2.0084364	2131.3489
2.0089989	2103.8984
2.0095613	2047.9304
2.0101237	1998.7921
2.0106862	2007.488
2.0112486	1957.4457
2.011811	1920.5331
2.0123734	1886.3043
2.0129359	1839.6533
2.0134983	1873.0341
2.0140607	1830.4352
2.0146232	1802.1049
2.0151856	1768.4751
2.015748	1741.9525
2.0163105	1755.5626
2.0168729	1755.0023
2.0174353	1708.2627
2.0179977	1711.6152
2.0185602	1674.5775
2.0191226	1669.6976
2.019685	1621.03
2.0202475	1633.4874
2.0208099	1643.7766
2.0213723	1630.7253
2.0219347	1578.2097
2.0224972	1573.7432
2.0230596	1581.8657
2.023622	1560.4388
2.0241845	1542.1155
2.0247469	1513.6776
2.0253093	1527.1927
2.0258718	1500.7666
2.0264342	1478.8818
2.0269966	1469.5018
2.027559	1482.1428
2.0281215	1462.119
2.0286839	1423.5906
2.0292463	1399.2577
2.0298088	1397.4487
2.0303712	1398.0437
2.0309336	1371.0187
2.031496	1314.5417
2.0320585	1343.8287
2.0326209	1332.9535
2.0331833	1308.8585
2.0337458	1311.3212
2.0343082	1298.7133
2.0348706	1279.1747
2.0354331	1262.4304
2.0359955	1243.2325
2.0365579	1230.5393
2.0371203	1247.7706
2.0376828	1250.4919
2.0382452	1226.1538
2.0388076	1233.5802
2.0393701	1206.1785
2.0399325	1218.7252
2.0404949	1224.9814
2.0410573	1226.0209
2.0416198	1224.9031
2.0421822	1207.7052
2.0427446	1199.1981
2.0433071	1220.4523
2.0438695	1172.0532
2.0444319	1197.5293
2.0449944	1180.9592
2.0455568	1189.3627
2.0461192	1185.9058
2.0466816	1181.9366
2.0472441	1185.5375
2.0478065	1164.7175
2.0483689	1145.6936
2.0489314	1124.2887
2.0494938	1159.1805
2.0500562	1142.427
2.0506186	1151.8539
2.0511811	1139.634
2.0517435	1113.321
2.0523059	1100.6711
2.0528684	1101.9551
2.0534308	1106.2679
2.0539932	1083.184
2.0545557	1100.5955
2.0551181	1089.9773
2.0556805	1104.2552
2.0562429	1097.3402
2.0568054	1083.8446
2.0573678	1084.3866
2.0579302	1088.1493
2.0584927	1106.809
2.0590551	1068.8318
2.0596175	1103.1183
2.0601799	1089.0635
2.0607424	1087.0337
2.0613048	1081.312
2.0618672	1072.8251
2.0624297	1069.1387
2.0629921	1050.1177
2.0635545	1065.0571
2.064117	1078.236
2.0646794	1060.9827
2.0652418	1067.1266
2.0658042	1072.454
2.0663667	1058.8484
2.0669291	1043.4851
2.0674915	1052.1376
2.068054	1046.3805
2.0686164	1018.4012
2.0691788	1032.6654
2.0697412	1028.3745
2.0703037	1014.7587
2.0708661	1006.612
2.0714285	1014.5915
2.071991	1030.4011
2.0725534	974.01709
2.0731158	978.37268
2.0736783	1002.8347
2.0742407	1005.4651
2.0748031	988.92017
2.0753655	980.65094
2.075928	985.4585
2.0764904	967.79657
2.0770528	985.14856
2.0776153	1014.8548
2.0781777	1018.9266
2.0787401	1015.7714
2.0793025	1014.4227
2.079865	1002.6179
2.0804274	975.05798
2.0809898	992.67493
2.0815523	1026.3625
2.0821147	997.505
2.0826771	997.53381
2.0832396	1009.694
2.083802	1003.4066
2.0843644	987.70013
2.0849268	1018.0665
2.0854893	987.09491
2.0860517	972.38898
2.0866141	968.36639
2.0871766	991.638
2.087739	989.68243
2.0883014	948.11249
2.0888638	973.32599
2.0894263	951.89612
2.0899887	961.71179
2.0905511	958.63104
2.0911136	960.41931
2.091676	955.55835
2.0922384	941.47906
2.0928009	964.14618
2.0933633	981.22797
2.0939257	936.33875
2.0944881	929.4129
2.0950506	934.47028
2.095613	936.61188
2.0961754	936.35254
2.0967379	919.8996
2.0973003	950.5249
2.0978627	954.27411
2.0984251	949.39563
2.0989876	954.07263
2.09955	950.48596
2.1001124	917.25989
2.1006749	953.7218
2.1012373	953.36475
2.1017997	930.40686
2.1023622	932.28741
2.1029246	936.78375
2.103487	916.11572
2.1040494	895.74103
2.1046119	943.88391
2.1051743	893.24725
2.1057367	886.35687
2.1062992	901.08783
2.1068616	902.12823
2.107424	883.15765
2.1079865	861.26831
2.1085489	868.72119
2.1091113	873.53503
2.1096737	862.66852
2.1102362	853.40405
2.1107986	860.52783
2.111361	847.10059
2.1119235	850.33051
2.1124859	857.03729
2.1130483	844.74078
2.1136107	829.3078
2.1141732	824.33807
2.1147356	808.70612
2.115298	838.81036
2.1158605	826.71661
2.1164229	798.46686
2.1169853	796.98016
2.1175478	828.17358
2.1181102	832.44067
2.1186726	816.60846
2.119235	826.52338
2.1197975	828.30157
2.1203599	820.67566
2.1209223	813.57562
2.1214848	815.32275
2.1220472	791.2428
2.1226096	804.10095
2.123172	796.06543
2.1237345	792.33264
2.1242969	811.07202
2.1248593	796.99091
2.1254218	787.88281
2.1259842	788.62555
2.1265466	786.1322
2.1271091	776.41608
2.1276715	765.77625
2.1282339	776.51019
2.1287963	759.66968
2.1293588	745.80927
2.1299212	736.06488
2.1304836	741.45209
2.1310461	768.62238
2.1316085	745.57562
2.1321709	732.03711
2.1327333	714.16797
2.1332958	713.12854
2.1338582	729.21429
2.1344206	725.80719
2.1349831	716.78149
2.1355455	720.92505
2.1361079	716.82886
2.1366704	717.6203
2.1372328	733.59106
2.1377952	702.48694
2.1383576	693.22931
2.1389201	692.13959
2.1394825	702.67267
2.1400449	707.00586
2.1406074	663.80157
2.1411698	655.64453
2.1417322	674.17462
2.1422946	684.53442
2.1428571	683.43982
2.1434195	680.96265
2.1439819	672.0116
2.1445444	652.25348
2.1451068	644.46625
2.1456692	641.57733
2.1462317	638.89703
2.1467941	648.63824
2.1473565	620.11957
2.1479189	614.36407
2.1484814	619.2099
2.1490438	624.42224
2.1496062	625.38898
2.1501687	601.12775
2.1507311	616.40204
2.1512935	629.78284
2.1518559	627.69226
2.1524184	614.51477
2.1529808	608.06281
2.1535432	593.52704
2.1541057	584.60254
2.1546681	571.7442
2.1552305	547.08221
2.155793	556.73706
2.1563554	575.47125
2.1569178	586.01617
2.1574802	581.65277
2.1580427	565.4361
2.1586051	568.64673
2.1591675	549.01904
2.15973	550.27167
2.1602924	557.10236
2.1608548	553.11719
2.1614172	553.91766
2.1619797	538.21106
2.1625421	547.51782
2.1631045	559.15302
2.163667	554.37891
2.1642294	563.96185
2.1647918	549.35046
2.1653543	539.94843
2.1659167	533.64001
2.1664791	526.40845
2.1670415	529.59412
2.167604	513.33801
2.1681664	503.55234
2.1687288	504.69873
2.1692913	512.65277
2.1698537	499.1546
2.1704161	503.66818
2.1709785	495.49649
2.171541	484.53177
2.1721034	491.5419
2.1726658	483.62317
2.1732283	473.18909
2.1737907	460.85086
2.1743531	456.28204
2.1749156	475.95975
2.175478	458.57928
2.1760404	460.97546
2.1766028	456.74023
2.1771653	443.07022
2.1777277	453.31992
2.1782901	454.73538
2.1788526	467.54852
2.179415	478.38016
2.1799774	475.74561
2.1805398	465.52328
2.1811023	452.63187
2.1816647	440.6409
2.1822271	441.61368
2.1827896	468.33463
2.183352	446.37579
2.1839144	441
2.1844769	443.62729
2.1850393	447.84158
2.1856017	447.05893
2.1861641	426.02414
2.1867266	435.17453
2.187289	450.56757
2.1878514	445.51855
2.1884139	428.34518
2.1889763	421.23117
2.1895387	412.88257
2.1901011	406.80722
2.1906636	418.49701
2.191226	416.02075
2.1917884	418.66046
2.1923509	415.68616
2.1929133	400.29892
2.1934757	393.30579
2.1940382	386.31836
2.1946006	389.52057
2.195163	397.71524
2.1957254	392.2887
2.1962879	390.53299
2.1968503	403.20923
2.1974127	404.14645
2.1979752	373.66467
2.1985376	369.02551
2.1991	369.80621
2.1996624	377.74347
2.2002249	392.22781
2.2007873	409.20462
2.2013497	398.58292
2.2019122	388.85275
2.2024746	387.23843
2.203037	397.97784
2.2035995	386.43295
2.2041619	387.86557
2.2047243	385.18613
2.2052867	370.93988
2.2058492	380.15775
2.2064116	368.48691
2.206974	362.67059
2.2075365	367
2.2080989	367
2.2086613	361.55008
2.2092237	368.83319
2.2097862	379.30154
2.2103486	373.18024
2.210911	352.96835
2.2114735	359.1604
2.2120359	358.76611
2.2125983	324.2056
2.2131608	351.67133
2.2137232	352.28983
2.2142856	351.82339
2.214848	360.91504
2.2154105	351.01605
2.2159729	359.30176
2.2165353	369.66718
2.2170978	372.31375
2.2176602	350.27411
2.2182226	332.77325
2.218785	336.35809
2.2193475	348.56747
2.2199099	328.0874
2.2204723	338.25391
2.2210348	340.05453
2.2215972	332.84882
2.2221596	324.52383
2.2227221	337.46613
2.2232845	334.16922
2.2238469	321.1337
2.2244093	311.314
2.2249718	305.88644
2.2255342	323.88474
2.2260966	337.34683
2.2266591	313.22925
2.2272215	313.74628
2.2277839	318.49448
2.2283463	319.47174
2.2289088	309.01605
2.2294712	312.02402
2.2300336	319.59555
2.2305961	319.54037
2.2311585	300.97177
2.2317209	298.72153
2.2322834	305.13168
2.2328458	308.633
2.2334082	299.14618
2.2339706	312.62192
2.2345331	309.92853
2.2350955	309.07681
2.2356579	326.97949
2.2362204	313.53363
2.2367828	300.58823
2.2373452	301.65317
2.2379076	331.51395
2.2384701	318.7981
2.2390325	307.77673
2.2395949	298.98691
2.2401574	292.28522
2.2407198	301.26242
2.2412822	304.08755
2.2418447	303
2.2424071	303
2.2429695	303
2.2435319	300.85999
2.2440944	301.22906
2.2446568	315.31931
2.2452192	305.90372
2.2457817	307.47842
2.2463441	315.37723
2.2469065	295.39197
2.2474689	307.96368
2.2480314	311.99448
2.2485938	300.07758
2.2491562	292.69186
2.2497187	307.50192
2.2502813	315.08878
2.2508438	303.64352
2.2514062	297.74786
2.2519686	304.80853
2.2525311	315.80023
2.2530935	323.89917
2.2536559	310.20227
2.2542183	299.4632
2.2547808	294.17841
2.2553432	298.5864
2.2559056	289.02347
2.2564681	281.60703
2.2570305	278.79361
2.2575929	283.19199
2.2581553	288.78421
2.2587178	291.66956
2.2592802	290.49979
2.2598426	284.64798
2.2604051	288.77661
2.2609675	294
2.2615299	294
2.2620924	292.56659
2.2626548	298.2496
2.2632172	310.39456
2.2637796	328.62485
2.2643421	326.56604
2.2649045	331.59409
2.2654669	346.25516
2.2660294	356.44211
2.2665918	354.10016
2.2671542	353.52591
2.2677166	362.97064
2.2682791	399.19064
2.2688415	419.29449
2.2694039	428.57562
2.2699664	435.10019
2.2705288	442.24591
2.2710912	454.71948
2.2716537	471.1452
2.2722161	472.59244
2.2727785	486.50754
2.2733409	497.30267
2.2739034	492.24509
2.2744658	489.25168
2.2750282	477.37195
2.2755907	461.60959
2.2761531	459.44604
2.2767155	448.13223
2.2772779	422.75229
2.2778404	380.73941
2.2784028	365.63144
2.2789652	360.90225
2.2795277	353.83148
2.2800901	319.34106
2.2806525	312.78656
2.281215	307.1322
2.2817774	297.80099
2.2823398	311.42441
2.2829022	319.33139
2.2834647	319.72952
2.2840271	307.55496
2.2845895	310.99292
2.285152	312.64197
2.2857144	308.96021
2.2862768	295.38629
2.2868392	303.08163
2.2874017	315.80283
2.2879641	315.08929
2.2885265	326.85681
2.289089	330.63028
2.2896514	323.60468
2.2902138	317.90833
2.2907763	322.62506
2.2913387	328.33701
2.2919011	321.93442
2.2924635	321.60684
2.293026	325.48914
2.2935884	332.61801
2.2941508	322.68539
2.2947133	327.02979
2.2952757	333.58517
2.2958381	317.99548
2.2964005	319.57559
2.296963	327.75882
2.2975254	339.79456
2.2980878	335.82962
2.2986503	329.17651
2.2992127	319.82858
2.2997751	305.70706
2.3003376	307.72452
2.3009	313.45187
2.3014624	314.86234
2.3020248	315
2.3025873	306.487
2.3031497	290.17868
2.3037121	292.99371
2.3042746	294.45178
2.304837	296.08377
2.3053994	301.00275
2.3059618	293.60382
2.3065243	283.33545
2.3070867	273.50922
2.3076491	281.6438
2.3082116	286.73187
2.308774	288.66711
2.3093364	295.66919
2.3098989	294.26407
2.3104613	292.83548
2.3110237	304.72137
2.3115861	302.4816
2.3121486	305.0582
2.312711	321.12006
2.3132734	336.51328
2.3138359	346.85846
2.3143983	352
2.3149607	352
2.3155231	359.16776
2.3160856	370.16272
2.316648	380.60077
2.3172104	381.9288
2.3177729	385.15552
2.3183353	397.66275
2.3188977	395.89905
2.3194602	394.31445
2.3200226	394.91544
2.320585	387.98331
2.3211474	385
2.3217099	388.68436
2.3222723	417.77362
2.3228347	424.16577
2.3233972	418.70242
2.3239596	409.0202
2.324522	401.53195
2.3250844	413.63504
2.3256469	461.97525
2.3262093	504.09491
2.3267717	571.97339
2.3273342	672.6499
2.3278966	938.09131
2.328459	1102.1812
2.3290215	1179.3615
2.3295839	1237.1666
2.3301463	1273.8312
2.3307087	1317.666
2.3312712	1445.4767
2.3318336	1633.84
2.332396	1766.7443
2.3329585	1692.6395
2.3335209	1457.4875
2.3340833	1177.7405
2.3346457	883.12225
2.3352082	672.87836
2.3357706	519.302
2.336333	426.25555
2.3368955	404.6514
2.3374579	395.35065
2.3380203	395.89853
2.3385828	393.85022
2.3391452	411.36035
2.3397076	441.52426
2.34027	462.65372
2.3408325	473.11053
2.3413949	474.8667
2.3419573	463.29294
2.3425198	485.80185
2.3430822	515.1723
2.3436446	524.01001
2.344207	535.47607
2.3447695	556.33893
2.3453319	597.05817
2.3458943	613.00732
2.3464568	639.06525
2.3470192	692.61731
2.3475816	707.35193
2.3481441	699.86243
2.3487065	667.37122
2.3492689	631.76147
2.3498313	602.28864
2.3503938	580.65265
2.3509562	524.96588
2.3515186	487.73929
2.3520811	470.74127
2.3526435	438.36148
2.3532059	408.47601
2.3537683	381.54849
2.3543308	370.77371
2.3548932	361.12555
2.3554556	352.32611
2.3560181	342.91162
2.3565805	348.43079
2.3571429	363.39087
2.3577054	367.41992
2.3582678	368.59195
2.3588302	365.93903
2.3593926	348.50467
2.3599551	339.05823
2.3605175	336.81021
2.3610799	350.20221
2.3616424	346.84012
2.3622048	335.60547
2.3627672	332.93011
2.3633296	326.33276
2.3638921	320.354
2.3644545	329.03665
2.3650169	324.52731
2.3655794	315.64102
2.3661418	319.6427
2.3667042	325.84399
2.3672667	332.85349
2.3678291	338.18155
2.3683915	344.82166
2.3689539	350.27417
2.3695164	345.62
2.3700788	358.29184
2.3706412	376.22098
2.3712037	370.90793
2.3717661	369.42517
2.3723285	369.29178
2.3728909	363.98618
2.3734534	368.21866
2.3740158	376.30582
2.3745782	370.34875
2.3751407	352.7691
2.3757031	331.99911
2.3762655	353.15607
2.376828	362
2.3773904	361.00955
2.3779528	346.48856
2.3785152	343.28506
2.3790777	348.65213
2.3796401	339.42181
2.3802025	341.17542
2.380765	352.97031
2.3813274	341.11935
2.3818898	334.04553
2.3824522	332.07202
2.3830147	335.79874
2.3835771	326.68112
2.3841395	301.05408
2.384702	315.90533
2.3852644	321.28183
2.3858268	306.8537
2.3863893	306.14249
2.3869517	302.69492
2.3875141	290.24808
2.3880765	289.07236
2.388639	282.19183
2.3892014	255.37756
2.3897638	248.00392
2.3903263	246.09122
2.3908887	242.17152
2.3914511	240.08522
2.3920135	244.92606
2.392576	280.14478
2.3931384	339.34506
2.3937008	420.1113
2.3942633	570.5611
2.3948257	782.67511
2.3953881	1039.2351
2.3959506	1190.7365
2.396513	1408.3943
2.3970754	1694.9049
2.3976378	2018.3934
2.3982003	2314.5422
2.3987627	2568.7981
2.3993251	3070.6121
2.3998876	3529.9905
2.40045	3825.9993
2.4010124	4181.8335
2.4015749	4694.8862
2.4021373	5654.7871
2.4026997	5442.5249
2.4032621	4553.4058
2.4038246	2737.1494
2.404387	1547.3925
2.4049494	795.69592
2.4055119	386.19189
2.4060743	141.11374
2.4066367	61.169445
2.4071991	44.181175
2.4077616	32.439949
2.408324	23.428759
2.4088864	24.16523
2.4094489	24.52471
2.4100113	19.383873
2.4105737	17.530636
2.4111362	17.223118
2.4116986	18.506927
2.412261	18.210123
2.4128234	16.819368
2.4133859	13.615074
2.4139483	13.587495
2.4145107	16.788311
2.4150732	15.206524
2.4156356	13.762334
2.416198	13.123037
2.4167604	13
2.4173229	13.309603
2.4178853	14.586465
2.4184477	12.411426
2.4190102	9.3471966
2.4195726	12.534174
2.420135	12.967587
2.4206975	11.055917
2.4212599	12.236166
2.4218223	12.490968
2.4223847	11.218925
2.4229472	10.473726
2.4235096	10.647285
2.424072	13.187943
2.4246345	13.567966
2.4251969	13.066937
2.4257593	13.701077
2.4263217	14
2.4268842	14
2.4274466	11.590749
2.428009	10.706556
2.4285715	12.604895
2.4291339	9.494339
2.4296963	6.7988501
2.4302588	10.59044
2.4308212	11.206415
2.4313836	10
2.431946	10
2.4325085	9.7096968
2.4330709	9.0791159
2.4336333	9
2.4341958	9.3619041
2.4347582	10.621046
2.4353206	12.319576
2.435883	13.723847
2.4364455	11.20892
2.4370079	8.3692312
2.4375703	5.2289205
2.4381328	7.910615
2.4386952	9.790205
2.4392576	9.1629782
2.4398201	11.784013
2.4403825	16.180704
2.4409449	24.323832
2.4415073	23.191982
2.4420698	14.427116
2.4426322	13.405078
2.4431946	11.899276
2.4437571	8.7747707
2.4443195	8
2.4448819	8.2826548
2.4454443	10.155374
2.4460068	10.315331
2.4465692	9.0681715
2.4471316	12.534162
2.4476941	14.151999
2.4482565	11.660974
2.4488189	11.914302
2.4493814	12.841338
2.4499438	11.598123
2.4505062	9.7101545
2.4510686	7.2243786
2.4516311	10.388523
2.4521935	12.443662
2.4527559	10.582272
2.4533184	10.852074
2.4538808	11.816152
2.4544432	9.3388586
2.4550056	4.870131
2.4555681	-1.9406337
2.4561305	3.7881985
2.4566929	9.7190371
2.4572554	8.4826632
2.4578178	8
2.4583802	8
2.4589427	8
2.4595051	8.4569168
2.4600675	9.6900597
2.4606299	10.46148
2.4611924	10.844422
2.4617548	9.6132107
2.4623172	9
2.4628797	9
2.4634421	10.078254
2.4640045	10.69206
2.4645669	9.4630928
2.4651294	9.7650766
2.4656918	10.992764
2.4662542	11.610067
2.4668167	11.77654
2.4673791	11.163652
2.4679415	9.6529989
2.468504	8.3076048
2.4690664	11.368063
2.4696288	10.71555
2.4701912	5.8213573
2.4707537	5
2.4713161	5.3589654
2.4718785	7.1914368
2.472441	7.6589622
2.4730034	7.0486126
2.4735658	7
2.4741282	6.4875083
2.4746907	4.6588254
2.4752531	5.1686502
2.4758155	6.9954453
2.476378	10.641661
2.4769404	11.49334
2.4775028	7.2374096
2.4780653	6
2.4786277	6.0383749
2.4791901	6.6454258
2.4797525	7
2.480315	7
2.4808774	8.8613863
2.4814398	10.857149
2.4820023	9.6455412
2.4825647	10.130972
2.4831271	12.551702
2.4836895	9.5500145
2.484252	6.3906083
2.4848144	8.8082371
2.4853768	9.387538
2.4859393	8.1796522
2.4865017	8.5137224
2.4870641	9.2342243
2.4876266	10.440257
2.488189	10.031306
2.4887514	8.2236423
2.4893138	8.5276022
2.4898763	9
2.4904387	9
2.4910011	8.3347855
2.4915636	7.1324406
2.492126	8.6040401
2.4926884	9.7291832
2.4932508	8.5286741
2.4938133	8.3356619
2.4943757	8.9354582
2.4949381	15.953016
2.4955006	20.390572
2.496063	13.202147
2.4966254	10
2.4971879	10
2.4977503	10.528306
2.4983127	10.36893
2.4988751	7.3805833
2.4994376	7.9273639
2.5	11.50975
