1.5	-1211.0311
1.5005624	-1209.7262
1.5011249	-1207.5854
1.5016873	-1206.619
1.5022497	-1205.5614
1.5028121	-1201.8687
1.5033746	-1204.844
1.503937	-1199.0127
1.5044994	-1200.3284
1.5050619	-1196.1621
1.5056243	-1189.3506
1.5061867	-1189.376
1.5067492	-1190.7572
1.5073116	-1189.6464
1.507874	-1181.8356
1.5084364	-1175.1096
1.5089989	-1180.4773
1.5095613	-1179.0219
1.5101237	-1177.5962
1.5106862	-1174.8693
1.5112486	-1176.5046
1.511811	-1173.5078
1.5123734	-1179.6256
1.5129359	-1171.4803
1.5134983	-1168.0697
1.5140607	-1165.3873
1.5146232	-1164.647
1.5151856	-1163.8953
1.515748	-1159.3346
1.5163105	-1152.9352
1.5168729	-1154.4619
1.5174353	-1148.324
1.5179977	-1154.7452
1.5185602	-1144.6029
1.5191226	-1144.9578
1.519685	-1146.0734
1.5202475	-1144.1013
1.5208099	-1142.8966
1.5213723	-1134.4238
1.5219347	-1135.3837
1.5224972	-1136.6256
1.5230596	-1132.5438
1.523622	-1130.8358
1.5241845	-1128.5232
1.5247469	-1131.5692
1.5253093	-1121.9548
1.5258718	-1123.2032
1.5264342	-1117.7585
1.5269966	-1118.7258
1.527559	-1111.0006
1.5281215	-1113.613
1.5286839	-1102.5807
1.5292463	-1102.7621
1.5298088	-1112.5686
1.5303712	-1102.9629
1.5309336	-1103.5206
1.531496	-1105.6057
1.5320585	-1105.4469
1.5326209	-1100.4484
1.5331833	-1103.2527
1.5337458	-1100.3051
1.5343082	-1092.7493
1.5348706	-1090.6313
1.5354331	-1086.5251
1.5359955	-1091.9393
1.5365579	-1089.1448
1.5371203	-1086.3459
1.5376828	-1084.9454
1.5382452	-1069.0684
1.5388076	-1072.1716
1.5393701	-1070.4751
1.5399325	-1081.1144
1.5404949	-1072.8007
1.5410573	-1071.3849
1.5416198	-1073.6097
1.5421822	-1067.7701
1.5427446	-1062.5591
1.5433071	-1060.3186
1.5438695	-1062.1487
1.5444319	-1056.9478
1.5449944	-1054.8049
1.5455568	-1053.7494
1.5461192	-1047.374
1.5466816	-1055.7904
1.5472441	-1045.9596
1.5478065	-1048.9744
1.5483689	-1044.5984
1.5489314	-1035.4648
1.5494938	-1026.6315
1.5500562	-1036.3098
1.5506186	-1037.8969
1.5511811	-1029.5386
1.5517435	-1019.8428
1.5523059	-1021.9866
1.5528684	-1027.9546
1.5534308	-1029.3479
1.5539932	-1013.6426
1.5545557	-1024.4146
1.5551181	-1013.8336
1.5556805	-1008.0231
1.5562429	-1012.1115
1.5568054	-1010.8752
1.5573678	-1006.0836
1.5579302	-1010.1686
1.5584927	-999.68402
1.5590551	-1005.0753
1.5596175	-1003.691
1.5601799	-997.87445
1.5607424	-1010.856
1.5613048	-996.02216
1.5618672	-996.09064
1.5624297	-994.33234
1.5629921	-991.31323
1.5635545	-979.49774
1.564117	-982.69495
1.5646794	-979.39545
1.5652418	-979.90491
1.5658042	-982.25848
1.5663667	-970.95923
1.5669291	-964.64355
1.5674915	-974.39215
1.568054	-963.67981
1.5686164	-967.03357
1.5691788	-958.8078
1.5697412	-952.42474
1.5703037	-948.5899
1.5708661	-962.12811
1.5714285	-957.21967
1.571991	-953.16614
1.5725534	-945.59882
1.5731158	-949.58826
1.5736783	-938.47668
1.5742407	-942.19214
1.5748031	-941.96149
1.5753655	-935.80585
1.575928	-934.34979
1.5764904	-933.57068
1.5770528	-934.15076
1.5776153	-923.12665
1.5781777	-926.81738
1.5787401	-927.0672
1.5793025	-925.79572
1.579865	-916.79688
1.5804274	-915.2583
1.5809898	-915.12671
1.5815523	-919.28369
1.5821147	-911.69147
1.5826771	-916.18085
1.5832396	-902.97711
1.583802	-900.91327
1.5843644	-904.26221
1.5849268	-898.08978
1.5854893	-902.29388
1.5860517	-891.28748
1.5866141	-894.83148
1.5871766	-890.60187
1.587739	-893.5387
1.5883014	-882.80585
1.5888638	-879.6925
1.5894263	-886.82745
1.5899887	-881.7785
1.5905511	-873.72058
1.5911136	-877.61212
1.591676	-866.78906
1.5922384	-854.49695
1.5928009	-861.51959
1.5933633	-864.08472
1.5939257	-860.18829
1.5944881	-850.71625
1.5950506	-863.95959
1.595613	-848.51093
1.5961754	-852.52728
1.5967379	-853.10364
1.5973003	-853.13763
1.5978627	-845.55878
1.5984251	-848.3808
1.5989876	-835.27057
1.59955	-837.29449
1.6001124	-827.93982
1.6006749	-828.35803
1.6012373	-821.75189
1.6017997	-827.32587
1.6023622	-826.448
1.6029246	-813.91919
1.603487	-819.64459
1.6040494	-817.24847
1.6046119	-816.03278
1.6051743	-807.64459
1.6057367	-802.96613
1.6062992	-804.13544
1.6068616	-810.17126
1.607424	-808.11316
1.6079865	-796.34967
1.6085489	-785.83545
1.6091113	-786.25653
1.6096737	-793.89941
1.6102362	-788.12744
1.6107986	-787.19983
1.611361	-781.59973
1.6119235	-774.82672
1.6124859	-763.02466
1.6130483	-777.9328
1.6136107	-767.29987
1.6141732	-767.46729
1.6147356	-781.89209
1.615298	-759.95117
1.6158605	-758.0611
1.6164229	-763.26678
1.6169853	-760.5863
1.6175478	-734.73212
1.6181102	-745.88403
1.6186726	-745.7691
1.619235	-747.29254
1.6197975	-752.14886
1.6203599	-742.87439
1.6209223	-734.4198
1.6214848	-731.79504
1.6220472	-730.89386
1.6226096	-716.22491
1.623172	-716.96442
1.6237345	-713.35175
1.6242969	-711.53473
1.6248593	-717.71613
1.6254219	-713.50256
1.6259843	-707.51208
1.6265467	-711.04443
1.6271092	-705.26227
1.6276716	-694.06964
1.628234	-693.58057
1.6287965	-689.63226
1.6293589	-682.3623
1.6299213	-678.05231
1.6304837	-686.92139
1.6310462	-683.81171
1.6316086	-683.54517
1.632171	-672.88458
1.6327335	-679.65375
1.6332959	-682.90839
1.6338583	-664.08978
1.6344208	-656.0611
1.6349832	-649.67847
1.6355456	-664.21344
1.636108	-652.01483
1.6366705	-661.02838
1.6372329	-651.70343
1.6377953	-633.69153
1.6383578	-642.27405
1.6389202	-629.73724
1.6394826	-628
1.640045	-626.00043
1.6406075	-629.86615
1.6411699	-622.3208
1.6417323	-627.97791
1.6422948	-606.62903
1.6428572	-608.59924
1.6434196	-622.87128
1.6439821	-613.36731
1.6445445	-605.72034
1.6451069	-603.05829
1.6456693	-590.5957
1.6462318	-580.93225
1.6467942	-587.41913
1.6473566	-583.14178
1.6479191	-582.57739
1.6484815	-589.77917
1.6490439	-563.84692
1.6496063	-571.97009
1.6501688	-568.50909
1.6507312	-563.99182
1.6512936	-566.13855
1.6518561	-554.70172
1.6524185	-563.64056
1.6529809	-560.10968
1.6535434	-554.75519
1.6541058	-548.40057
1.6546682	-546.50922
1.6552306	-533.14703
1.6557931	-538.40479
1.6563555	-538.75586
1.6569179	-525.23688
1.6574804	-528.76587
1.6580428	-516.13782
1.6586052	-519.047
1.6591676	-518.0957
1.6597301	-513.72656
1.6602925	-522.06805
1.6608549	-497.01505
1.6614174	-496.48026
1.6619798	-493.77304
1.6625422	-500.6777
1.6631047	-486.11127
1.6636671	-493.22699
1.6642295	-488.22125
1.6647919	-484.02838
1.6653544	-469.85873
1.6659168	-473.54605
1.6664792	-466.90945
1.6670417	-457.99771
1.6676041	-449.63876
1.6681665	-451.52628
1.6687289	-444.46173
1.6692914	-428.3078
1.6698538	-438.2226
1.6704162	-427.68893
1.6709787	-430.67072
1.6715411	-427.10977
1.6721035	-401.93329
1.672666	-414.33694
1.6732284	-416.66461
1.6737908	-394.73227
1.6743532	-419.03098
1.6749157	-409.15961
1.6754781	-389.80994
1.6760405	-389.8775
1.676603	-375.00366
1.6771654	-374.55536
1.6777278	-389.97455
1.6782902	-370.43961
1.6788527	-374.06055
1.6794151	-361.29214
1.6799775	-361.11151
1.68054	-349.02551
1.6811024	-351.44327
1.6816648	-344.63315
1.6822273	-339.42258
1.6827897	-334.15613
1.6833521	-339.73193
1.6839145	-320.13504
1.684477	-325.72104
1.6850394	-310.70361
1.6856018	-321.79453
1.6861643	-292.49442
1.6867267	-287.87259
1.6872891	-291.52933
1.6878515	-278.31247
1.688414	-279.62399
1.6889764	-277.17444
1.6895388	-278.69312
1.6901013	-252.13097
1.6906637	-229.56024
1.6912261	-240.18369
1.6917886	-248.56725
1.692351	-227.08202
1.6929134	-223.68298
1.6934758	-227.17471
1.6940383	-225.12462
1.6946007	-196.58607
1.6951631	-211.36853
1.6957256	-209.45451
1.696288	-206.90149
1.6968504	-187.71878
1.6974128	-188.22525
1.6979753	-203.9615
1.6985377	-182.44911
1.6991001	-193.0573
1.6996626	-206.62001
1.700225	-177.25529
1.7007874	-193.00056
1.7013499	-165.88132
1.7019123	-168.93993
1.7024747	-154.42299
1.7030371	-162.42267
1.7035996	-140.87404
1.704162	-136.86476
1.7047244	-133.90094
1.7052869	-114.36804
1.7058493	-105.41882
1.7064117	-119.76186
1.7069741	-98.323708
1.7075366	-92.328796
1.708099	-75.070946
1.7086614	-82.658615
1.7092239	-82.279854
1.7097863	-63.531765
1.7103487	-40.764637
1.7109112	-34.568371
1.7114736	-39.078587
1.712036	-23.696405
1.7125984	-30.030901
1.7131609	-18.567362
1.7137233	-37.082642
1.7142857	-32.508324
1.7148482	-23.84697
1.7154106	-17.939583
1.715973	-11.980253
1.7165354	-18.026661
1.7170979	-22.109814
1.7176603	12.521571
1.7182227	36.648441
1.7187852	36.399456
1.7193476	51.97823
1.71991	27.035826
1.7204725	47.436989
1.7210349	61.65181
1.7215973	73.367485
1.7221597	95.517487
1.7227222	88.901436
1.7232846	104.79589
1.723847	141.65543
1.7244095	116.758
1.7249719	131.45439
1.7255343	158.03566
1.7260967	183.44165
1.7266592	184.27634
1.7272216	185.4296
1.727784	183.34294
1.7283465	161.35489
1.7289089	200.72357
1.7294713	197.13072
1.7300338	221.51645
1.7305962	202.032
1.7311586	221.11278
1.731721	232.2975
1.7322835	255.85588
1.7328459	265.98727
1.7334083	257.65994
1.7339708	236.55388
1.7345332	266.76956
1.7350956	276.49277
1.735658	288.35214
1.7362205	309.04178
1.7367829	328.95386
1.7373453	319.62698
1.7379078	336.32147
1.7384702	335.03888
1.7390326	297.09891
1.7395951	334.58038
1.7401575	336.56345
1.7407199	335.14102
1.7412823	360.52393
1.7418448	398.67465
1.7424072	408.92685
1.7429696	400.39496
1.7435321	409.40048
1.7440945	464.38794
1.7446569	456.21036
1.7452193	471.56281
1.7457818	478.38544
1.7463442	492.10077
1.7469066	470.95642
1.7474691	528.38763
1.7480315	527.55353
1.7485939	562.40204
1.7491564	576.36237
1.7497188	582.73871
1.7502812	591.20459
1.7508436	589.59021
1.7514061	680.29144
1.7519685	659.8985
1.7525309	628.53021
1.7530934	657.22156
1.7536558	648.78235
1.7542182	713.59753
1.7547807	726.10492
1.7553431	725.61041
1.7559055	700.17267
1.7564679	733.33545
1.7570304	740.11462
1.7575928	746.78137
1.7581552	776.07819
1.7587177	789.26886
1.7592801	823.47949
1.7598425	827.41443
1.7604049	819.46887
1.7609674	833.95056
1.7615298	884.11481
1.7620922	881.258
1.7626547	907.50909
1.7632171	935.83691
1.7637795	930.17059
1.764342	918.18097
1.7649044	958.58234
1.7654668	988.23883
1.7660292	997.58447
1.7665917	1047.7627
1.7671541	1001.6768
1.7677165	1047.9657
1.768279	1057.0354
1.7688414	1053.099
1.7694038	1078.1002
1.7699662	1144.1492
1.7705287	1100.3296
1.7710911	1122.1917
1.7716535	1179.0121
1.772216	1177.7198
1.7727784	1193.9828
1.7733408	1220.6539
1.7739033	1259.446
1.7744657	1253.6357
1.7750281	1276.9506
1.7755905	1286.4148
1.776153	1324.6031
1.7767154	1347.2235
1.7772778	1365.5709
1.7778403	1383.5471
1.7784027	1375.5577
1.7789651	1430.6349
1.7795275	1456.377
1.78009	1469.2031
1.7806524	1513.9635
1.7812148	1557.4689
1.7817773	1538.9468
1.7823397	1590.7991
1.7829021	1601.5814
1.7834646	1630.1307
1.784027	1671.3184
1.7845894	1718.9299
1.7851518	1731.2345
1.7857143	1743.217
1.7862767	1728.1262
1.7868391	1754.6515
1.7874016	1765.5154
1.787964	1739.0592
1.7885264	1805.0122
1.7890888	1869.7012
1.7896513	1898.7903
1.7902137	1913.1421
1.7907761	1942.6638
1.7913386	1947.5046
1.791901	1983.0616
1.7924634	2015.2313
1.7930259	2045.6345
1.7935883	2043.066
1.7941507	2041.5569
1.7947131	2064.386
1.7952756	2151.3445
1.795838	2175.9434
1.7964004	2239.408
1.7969629	2301.2253
1.7975253	2333.3376
1.7980877	2335.2825
1.7986501	2393.1201
1.7992126	2445.6067
1.799775	2466.4727
1.8003374	2484.5828
1.8008999	2548.3052
1.8014623	2563.4434
1.8020247	2605.166
1.8025872	2655.3076
1.8031496	2688.542
1.803712	2689.886
1.8042744	2743.6565
1.8048369	2743.0176
1.8053993	2783.0867
1.8059617	2834.5544
1.8065242	2841.489
1.8070866	2880.1067
1.807649	2911.5088
1.8082114	2925.3955
1.8087739	3022.7537
1.8093363	3011.168
1.8098987	2990.9111
1.8104612	3033.8389
1.8110236	3062.3423
1.811586	3105.0979
1.8121485	3114.864
1.8127109	3176.2751
1.8132733	3261.9714
1.8138357	3305.9971
1.8143982	3340.865
1.8149606	3329.896
1.815523	3369.5261
1.8160855	3463.7773
1.8166479	3486.4138
1.8172103	3498.4812
1.8177727	3628.9709
1.8183352	3685.2256
1.8188976	3773.7466
1.81946	3864.3562
1.8200225	3869.7571
1.8205849	3952.1433
1.8211473	3989.2534
1.8217098	4075.5352
1.8222722	4136.9419
1.8228346	4245.1963
1.823397	4297.5791
1.8239595	4319.3599
1.8245219	4438.0635
1.8250843	4469.0356
1.8256468	4564.1753
1.8262092	4587.0454
1.8267716	4660.4434
1.827334	4742.8892
1.8278965	4779.354
1.8284589	4811.1416
1.8290213	4918.5703
1.8295838	4942.668
1.8301462	5043.3408
1.8307086	5019.1938
1.8312711	5074.689
1.8318335	5095.2539
1.8323959	5166.8833
1.8329583	5246.3599
1.8335208	5336.6001
1.8340832	5380.0054
1.8346456	5380.3135
1.8352081	5483.585
1.8357705	5588.9321
1.8363329	5672.5737
1.8368953	5737.1396
1.8374578	5838.686
1.8380202	5915.835
1.8385826	5930.5713
1.8391451	6071.0601
1.8397075	6204.7422
1.8402699	6257.7876
1.8408324	6393.5601
1.8413948	6507.1162
1.8419572	6591.5957
1.8425196	6690.3237
1.8430821	6790.5474
1.8436445	6876.2524
1.8442069	6940.853
1.8447694	7103.9795
1.8453318	7179.6787
1.8458942	7307.4146
1.8464566	7370.186
1.8470191	7501.1245
1.8475815	7581.0747
1.8481439	7602.4463
1.8487064	7714.6445
1.8492688	7844.8462
1.8498312	7896.9385
1.8503937	7883.8838
1.8509561	8039.9834
1.8515185	8139.0835
1.8520809	8188.0884
1.8526434	8274.4336
1.8532058	8337.5986
1.8537682	8407.4932
1.8543307	8468.3564
1.8548931	8608.3193
1.8554555	8634.6748
1.8560179	8735.7246
1.8565804	8810.7383
1.8571428	8972.418
1.8577052	9076.8984
1.8582677	9150.3975
1.8588301	9314.3779
1.8593925	9397.1221
1.859955	9516.0957
1.8605174	9678.3105
1.8610798	9792.9307
1.8616422	9975.9385
1.8622047	10130.161
1.8627671	10231.465
1.8633295	10443.056
1.863892	10561.691
1.8644544	10673.736
1.8650168	10825.199
1.8655792	11000.894
1.8661417	11191.269
1.8667041	11368.861
1.8672665	11463.175
1.867829	11550.836
1.8683914	11697.978
1.8689538	11957.562
1.8695163	12045.976
1.8700787	12189.663
1.8706411	12232.345
1.8712035	12438.338
1.871766	12556.492
1.8723284	12789.251
1.8728908	12827.217
1.8734533	12962.981
1.8740157	13008.851
1.8745781	13145.634
1.8751407	13293.251
1.8757031	13434.637
1.8762655	13556.559
1.876828	13674.78
1.8773904	13895.679
1.8779528	14048.678
1.8785152	14139.181
1.8790777	14242.565
1.8796401	14416.349
1.8802025	14651.722
1.880765	14823.188
1.8813274	14943.918
1.8818898	15119.813
1.8824522	15335.188
1.8830147	15581.486
1.8835771	15804.174
1.8841395	15957.438
1.884702	16174.478
1.8852644	16346.53
1.8858268	16536.893
1.8863893	16776.502
1.8869517	17007.766
1.8875141	17236.414
1.8880765	17459.469
1.888639	17592.611
1.8892014	17905.199
1.8897638	17952.002
1.8903263	18061.506
1.8908887	18327.396
1.8914511	18498.693
1.8920135	18570.686
1.892576	18603.484
1.8931384	18624.197
1.8937008	18653.303
1.8942633	18804.09
1.8948257	19052.65
1.8953881	19034.656
1.8959506	19139.049
1.896513	19143.922
1.8970754	19206.602
1.8976378	19287.111
1.8982003	19291.768
1.8987627	19468.418
1.8993251	19551.172
1.8998876	19651.98
1.90045	19630.273
1.9010124	19817.686
1.9015749	19994.225
1.9021373	19568.641
1.9026997	19618.875
1.9032621	19907.559
1.9038246	19941.57
1.904387	20075.326
1.9049494	20117.039
1.9055119	20209.23
1.9060743	20416.902
1.9066367	20512.045
1.9071991	20601.063
1.9077616	20703.396
1.908324	20867.992
1.9088864	20971.693
1.9094489	21045.318
1.9100113	20953.498
1.9105737	20961.785
1.9111362	20997.279
1.9116986	21035.523
1.912261	21009.699
1.9128234	20914.932
1.9133859	20785.688
1.9139483	20665.428
1.9145107	20665.717
1.9150732	20587.361
1.9156356	20380.459
1.916198	20243.486
1.9167604	20129.992
1.9173229	20020.559
1.9178853	19819.727
1.9184477	19668.855
1.9190102	19689.67
1.9195726	19611.568
1.920135	19448.703
1.9206975	19261.408
1.9212599	19290.15
1.9218223	19235.793
1.9223847	19239.631
1.9229472	19094.684
1.9235096	19078.203
1.924072	19031.174
1.9246345	19022.625
1.9251969	19083.936
1.9257593	18801.844
1.9263217	18739.926
1.9268842	18753.346
1.9274466	18636.777
1.928009	18609.859
1.9285715	18488.34
1.9291339	18401.537
1.9296963	18270.125
1.9302588	18194.535
1.9308212	17971.48
1.9313836	17644.98
1.931946	17568.635
1.9325085	17524.174
1.9330709	17178.303
1.9336333	16797.592
1.9341958	16695.764
1.9347582	16363.248
1.9353206	16132.589
1.935883	15943.474
1.9364455	15729.649
1.9370079	15402.66
1.9375703	15261.212
1.9381328	14880.135
1.9386952	14771.789
1.9392576	14550.735
1.9398201	14253.069
1.9403825	14087.344
1.9409449	13955.011
1.9415073	13617.292
1.9420698	13499.292
1.9426322	13367.687
1.9431946	13231.919
1.9437571	13084.753
1.9443195	12893.595
1.9448819	12775.983
1.9454443	12602.343
1.9460068	12575.632
1.9465692	12279.41
1.9471316	12176.235
1.9476941	11960.827
1.9482565	11908.546
1.9488189	11617.25
1.9493814	11424.734
1.9499438	11301.448
1.9505062	11114.104
1.9510686	10943.841
1.9516311	10693.811
1.9521935	10456.274
1.9527559	10248.894
1.9533184	10035.701
1.9538808	9782.9004
1.9544432	9717.3906
1.9550056	9464.3916
1.9555681	9238.3125
1.9561305	8945.4883
1.9566929	8836.3691
1.9572554	8643.1777
1.9578178	8410.2412
1.9583802	8225.5254
1.9589427	8018.2944
1.9595051	7888.3672
1.9600675	7794.4946
1.9606299	7668.7368
1.9611924	7491.6392
1.9617548	7405.6523
1.9623172	7307.8599
1.9628797	7108.0684
1.9634421	6994.1807
1.9640045	6935.3169
1.9645669	6817.8887
1.9651294	6739.8618
1.9656918	6627.7178
1.9662542	6465.7251
1.9668167	6480.4297
1.9673791	6420.1548
1.9679415	6260.8711
1.968504	6157.1699
1.9690664	6089.5605
1.9696288	6000.0459
1.9701912	5918.3452
1.9707537	5828.2256
1.9713161	5693.0581
1.9718785	5658.3525
1.972441	5404.3276
1.9730034	5398.417
1.9735658	5283.8423
1.9741282	5241.9292
1.9746907	5056.5391
1.9752531	4957.8418
1.9758155	4859.2954
1.976378	4805.4692
1.9769404	4660.2593
1.9775028	4554.9971
1.9780653	4470.25
1.9786277	4403.0186
1.9791901	4327.0688
1.9797525	4224.2749
1.980315	4150.3242
1.9808774	4085.9658
1.9814398	3998.4619
1.9820023	3870.822
1.9825647	3818.2253
1.9831271	3740.4338
1.9836895	3713.271
1.984252	3642.97
1.9848144	3547.2568
1.9853768	3570.072
1.9859393	3465.2542
1.9865017	3462.7505
1.9870641	3362.71
1.9876266	3329.1316
1.988189	3255.2866
1.9887514	3223.3813
1.9893138	3209.9692
1.9898763	3169.6707
1.9904387	3103.981
1.9910011	3036.3279
1.9915636	2998.312
1.992126	2953.2834
1.9926884	2885.783
1.9932508	2917.8831
1.9938133	2873.5767
1.9943757	2819.6245
1.9949381	2692.657
1.9955006	2752.8787
1.996063	2706
1.9966254	2662.3108
1.9971879	2627.9194
1.9977503	2624.7058
1.9983127	2565.5374
1.9988751	2490.7095
1.9994376	2449.2454
2	2427.2112
2.0005624	2390.6375
2.0011249	2353.6428
2.0016873	2341.5286
2.0022497	2311.2107
2.0028121	2246
2.0033746	2236.5854
2.003937	2152.8069
2.0044994	2175.176
2.0050619	2153.5574
2.0056243	2093.7925
2.0061867	2053.1274
2.0067492	2029.5078
2.0073116	1980.2324
2.007874	1965.5352
2.0084364	1955.3938
2.0089989	1919.3691
2.0095613	1877.282
2.0101237	1836.7836
2.0106862	1835.621
2.0112486	1815.8763
2.011811	1776.8325
2.0123734	1796.2598
2.0129359	1769.4363
2.0134983	1744.8568
2.0140607	1776.0953
2.0146232	1729.6295
2.0151856	1712.9714
2.015748	1730.0553
2.0163105	1731.0463
2.0168729	1710.1934
2.0174353	1673.2114
2.0179977	1646.0122
2.0185602	1678.465
2.0191226	1657.2704
2.019685	1667.3712
2.0202475	1644.7688
2.0208099	1600.5619
2.0213723	1593.1658
2.0219347	1560.8099
2.0224972	1580.5895
2.0230596	1611.3745
2.023622	1580.9208
2.0241845	1553.1547
2.0247469	1573.6802
2.0253093	1519.7743
2.0258718	1526.6599
2.0264342	1494.7445
2.0269966	1484.5018
2.027559	1474.0677
2.0281215	1448.7382
2.0286839	1457.3275
2.0292463	1469.6803
2.0298088	1448.3732
2.0303712	1419.7085
2.0309336	1421.9962
2.031496	1432.8195
2.0320585	1422.7288
2.0326209	1405.5098
2.0331833	1391.6028
2.0337458	1387.5358
2.0343082	1385.7261
2.0348706	1394.7428
2.0354331	1376.7289
2.0359955	1354.1163
2.0365579	1361.9214
2.0371203	1325.6095
2.0376828	1308.1171
2.0382452	1326.1454
2.0388076	1333.8644
2.0393701	1322.8646
2.0399325	1324.925
2.0404949	1310.7139
2.0410573	1312.519
2.0416198	1316.8063
2.0421822	1292.7684
2.0427446	1296.5006
2.0433071	1287.7639
2.0438695	1283.2826
2.0444319	1267.8962
2.0449944	1301
2.0455568	1281.9039
2.0461192	1268.7615
2.0466816	1290.7086
2.0472441	1279.1749
2.0478065	1211.1766
2.0483689	1248.7299
2.0489314	1264.7836
2.0494938	1208.7112
2.0500562	1202.541
2.0506186	1203
2.0511811	1212.3573
2.0517435	1205.9215
2.0523059	1179.7778
2.0528684	1168.2137
2.0534308	1188.6813
2.0539932	1202.8868
2.0545557	1178.3663
2.0551181	1177.2981
2.0556805	1155.1809
2.0562429	1179.5441
2.0568054	1187.7748
2.0573678	1155.3866
2.0579302	1157.6237
2.0584927	1173.1484
2.0590551	1174.9148
2.0596175	1170.8002
2.0601799	1151.9513
2.0607424	1143.1899
2.0613048	1130.8589
2.0618672	1134.6953
2.0624297	1161.2648
2.0629921	1154.8892
2.0635545	1126.0762
2.064117	1143.6478
2.0646794	1127.7433
2.0652418	1127.106
2.0658042	1104.749
2.0663667	1099.0314
2.0669291	1117.6169
2.0674915	1088.119
2.068054	1065.5614
2.0686164	1090.9176
2.0691788	1060.2052
2.0697412	1019.1983
2.0703037	1016.9374
2.0708661	1030.6119
2.0714285	1037.2897
2.071991	1047.2845
2.0725534	977.09216
2.0731158	1000.6125
2.0736783	1017.407
2.0742407	998.01526
2.0748031	971.37347
2.0753655	986.19519
2.075928	1024.2521
2.0764904	984.61694
2.0770528	1000.2337
2.0776153	1023.2594
2.0781777	988.60559
2.0787401	971.55713
2.0793025	983.83539
2.079865	1004.8953
2.0804274	1009.3551
2.0809898	967.10382
2.0815523	972.28662
2.0821147	973
2.0826771	978.46338
2.0832396	971.20392
2.083802	953.70013
2.0843644	947.0426
2.0849268	963.83887
2.0854893	961.25787
2.0860517	943.19641
2.0866141	946.237
2.0871766	934.74896
2.087739	921.15808
2.0883014	923.65295
2.0888638	910.53119
2.0894263	904.53088
2.0899887	870.42627
2.0905511	891.57092
2.0911136	906.53668
2.091676	887.64142
2.0922384	868.36401
2.0928009	909.61877
2.0933633	859.22736
2.0939257	854.76495
2.0944881	861.79517
2.0950506	875.40582
2.095613	867.62482
2.0961754	832.47382
2.0967379	848.92505
2.0973003	846.37292
2.0978627	830.75665
2.0984251	827.30219
2.0989876	831.54926
2.09955	830.34454
2.1001124	816.5321
2.1006749	806.35669
2.1012373	806.81763
2.1017997	803.67749
2.1023622	809.15479
2.1029246	812.42773
2.103487	808.63776
2.1040494	818.85571
2.1046119	816.3219
2.1051743	784.30688
2.1057367	781.13031
2.1062992	780.21619
2.1068616	770.46619
2.107424	764.62714
2.1079865	730.95117
2.1085489	734.54987
2.1091113	716.98737
2.1096737	700.30853
2.1102362	685.82104
2.1107986	672.63525
2.111361	697.81134
2.1119235	700.49786
2.1124859	705.69568
2.1130483	698.84448
2.1136107	690.6922
2.1141732	697.12671
2.1147356	718.9408
2.115298	673.78442
2.1158605	688.81409
2.1164229	702.68542
2.1169853	702.02594
2.1175478	689.52325
2.1181102	667.02942
2.1186726	667.86267
2.119235	668.69574
2.1197975	688.54895
2.1203599	682.21606
2.1209223	649.20996
2.1214848	687.29938
2.1220472	662.38916
2.1226096	629.27039
2.123172	630.90649
2.1237345	637.78833
2.1242969	622.44989
2.1248593	615.01819
2.1254218	633.23444
2.1259842	613.37006
2.1265466	592.29736
2.1271091	591.06567
2.1276715	603.39801
2.1282339	569.54462
2.1287963	594.78326
2.1293588	595.87286
2.1299212	588.93933
2.1304836	582.38696
2.1310461	575.25476
2.1316085	577.72406
2.1321709	580.92346
2.1327333	590.29926
2.1332958	587.99689
2.1338582	571.62494
2.1344206	566.17523
2.1349831	574.38043
2.1355455	549.6665
2.1361079	548.42999
2.1366704	561.40552
2.1372328	560.11603
2.1377952	560.93457
2.1383576	551.97241
2.1389201	538.74396
2.1394825	525.58331
2.1400449	517.61078
2.1406074	520.03967
2.1411698	521.67108
2.1417322	527.85712
2.1422946	517.0318
2.1428571	508.56219
2.1434195	526.11383
2.1439819	509.83926
2.1445444	491.41653
2.1451068	491.40469
2.1456692	495.6156
2.1462317	494.26471
2.1467941	500.75888
2.1473565	500.21945
2.1479189	479.31494
2.1484814	459.78391
2.1490438	459.17801
2.1496062	485.18533
2.1501687	452.83701
2.1507311	449.82535
2.1512935	451.10858
2.1518559	457.34839
2.1524184	476.6951
2.1529808	446.04825
2.1535432	432.24258
2.1541057	424.16409
2.1546681	418.57559
2.1552305	415.72147
2.155793	422.15805
2.1563554	444.66434
2.1569178	438.91898
2.1574802	437.77612
2.1580427	466.27435
2.1586051	446.20801
2.1591675	430.44147
2.15973	424.48486
2.1602924	419.8884
2.1608548	409.4762
2.1614172	399.07001
2.1619797	413.78894
2.1625421	422.5863
2.1631045	422.78568
2.163667	419.72363
2.1642294	431.7023
2.1647918	428.73193
2.1653543	425.47421
2.1659167	423.08365
2.1664791	417.73251
2.1670415	392.24701
2.167604	392.47122
2.1681664	394
2.1687288	389.44769
2.1692913	377.44525
2.1698537	371.88718
2.1704161	387.00366
2.1709785	381.65594
2.171541	374.35486
2.1721034	398.67935
2.1726658	393.1362
2.1732283	376.26627
2.1737907	360.69196
2.1743531	353.90152
2.1749156	361.01648
2.175478	368.12665
2.1760404	378.7193
2.1766028	379.07376
2.1771653	366.61127
2.1777277	354.78473
2.1782901	376.06149
2.1788526	356.81155
2.179415	340.67795
2.1799774	360.48242
2.1805398	364.41412
2.1811023	359.6503
2.1816647	349.73245
2.1822271	343.63199
2.1827896	351.76236
2.183352	343.91995
2.1839144	350.28598
2.1844769	360.50394
2.1850393	362.45517
2.1856017	335.06137
2.1861641	355.42245
2.1867266	347.83575
2.187289	335.7244
2.1878514	343.78793
2.1884139	329.73697
2.1889763	327
2.1895387	327
2.1901011	326.2514
2.1906636	323.13412
2.191226	317.78638
2.1917884	317.56876
2.1923509	316.89539
2.1929133	312.07791
2.1934757	312.85492
2.1940382	305.42447
2.1946006	303.44522
2.195163	307.18353
2.1957254	307.95874
2.1962879	319.00253
2.1968503	320.45978
2.1974127	317.71777
2.1979752	316.83234
2.1985376	314.51279
2.1991	312.79587
2.1996624	311.25073
2.2002249	311.76062
2.2007873	321.02069
2.2013497	326.13904
2.2019122	318.78391
2.2024746	309.38791
2.203037	313.97784
2.2035995	302.43298
2.2041619	295.2157
2.2047243	298.1944
2.2052867	310.90347
2.2058492	300.14932
2.2064116	299.84268
2.206974	293.75125
2.2075365	285.41251
2.2080989	303.04562
2.2086613	302.27505
2.2092237	292.50772
2.2097862	289.21841
2.2103486	315.23401
2.210911	288.54922
2.2114735	285.07404
2.2120359	288.83936
2.2125983	283.97116
2.2131608	306.09634
2.2137232	289.63272
2.2142856	278.75278
2.214848	291.24741
2.2154105	275.25674
2.2159729	276.84787
2.2165353	275.5994
2.2170978	269.14401
2.2176602	275.98389
2.2182226	276.35333
2.218785	285.32986
2.2193475	291.28412
2.2199099	255.63361
2.2204723	286.71939
2.2210348	289.4101
2.2215972	271.60889
2.2221596	270.09525
2.2227221	265.03879
2.2232845	260.67612
2.2238469	257.55902
2.2244093	256.04828
2.2249718	262.57458
2.2255342	263.54501
2.2260966	261.76083
2.2266591	261.00717
2.2272215	278.91052
2.2277839	273.01471
2.2283463	261.50403
2.2289088	262.94385
2.2294712	252.41595
2.2300336	250.52205
2.2305961	250.96646
2.2311585	248.03764
2.2317209	251.03795
2.2322834	261.67871
2.2328458	348.18195
2.2334082	568.74011
2.2339706	544.78326
2.2345331	404.15753
2.2350955	269.18918
2.2356579	254.96696
2.2362204	233.3042
2.2367828	234.90657
2.2373452	243.27603
2.2379076	241.03645
2.2384701	244.66719
2.2390325	245.04257
2.2395949	246.23676
2.2401574	253.68311
2.2407198	248.30003
2.2412822	243.26263
2.2418447	241.5975
2.2424071	247.5452
2.2429695	258.97192
2.2435319	265.284
2.2440944	264.11084
2.2446568	251.50378
2.2452192	253.91635
2.2457817	260.72321
2.2463441	263.70636
2.2469065	240.02013
2.2474689	237.22798
2.2480314	242.94572
2.2485938	253.75262
2.2491562	267.78549
2.2497187	260.18839
2.2502813	251.38611
2.2508438	250.13368
2.2514062	252.34454
2.2519686	245.7459
2.2525311	241.03654
2.2530935	246.92668
2.2536559	241.19041
2.2542183	226.08076
2.2547808	216.10638
2.2553432	235.20761
2.2559056	237
2.2564681	236.60117
2.2570305	237.45499
2.2575929	245.51868
2.2581553	241.01973
2.2587178	238.98259
2.2592802	242.93747
2.2598426	242.20599
2.2604051	230.97191
2.2609675	222.28004
2.2615299	225.93288
2.2620924	231.7336
2.2626548	238.01758
2.2632172	247.043
2.2637796	263.81488
2.2643421	252.69812
2.2649045	253.67897
2.2654669	267.74484
2.2660294	257.55789
2.2665918	280.58804
2.2671542	300.10144
2.2677166	295.01581
2.2682791	309.47626
2.2688415	310.95355
2.2694039	310.20163
2.2699664	327.60052
2.2705288	341.24265
2.2710912	354.62683
2.2716537	366.41919
2.2722161	360.63022
2.2727785	359
2.2733409	356.81772
2.2739034	350.31512
2.2744658	340.38092
2.2750282	331.50351
2.2755907	322.78766
2.2761531	310.52747
2.2767155	308.57199
2.2772779	296.1373
2.2778404	264.77664
2.2784028	251.82695
2.2789652	248.35338
2.2795277	249.82982
2.2800901	249.11127
2.2806525	249.60672
2.281215	248.3774
2.2817774	243.73529
2.2823398	222.22464
2.2829022	222.61458
2.2834647	233.8857
2.2840271	244.62798
2.2845895	232.89362
2.285152	223.30244
2.2857144	220.87561
2.2862768	232.30627
2.2868392	240.83266
2.2874017	246.19713
2.2879641	246.91069
2.2885265	249.49617
2.289089	250.66302
2.2896514	250.29649
2.2902138	254.56876
2.2907763	255.52678
2.2913387	256.10864
2.2919011	260.37704
2.2924635	255.53841
2.293026	253.90317
2.2935884	257.89087
2.2941508	255.05298
2.2947133	255.78439
2.2952757	256.91345
2.2958381	251.95311
2.2964005	260.72311
2.296963	270.51938
2.2975254	276.89124
2.2980878	269.35431
2.2986503	259.5687
2.2992127	251.19427
2.2997751	258.96112
2.3003376	266.20413
2.3009	269.19257
2.3014624	263.55072
2.3020248	253.45978
2.3025873	243.23273
2.3031497	234.13402
2.3037121	236.2453
2.3042746	226.6089
2.304837	214.46448
2.3053994	216.57262
2.3059618	223.15721
2.3065243	223.81195
2.3070867	212.58197
2.3076491	205.35091
2.3082116	205.65939
2.308774	211.73315
2.3093364	208.93233
2.3098989	211.73592
2.3104613	214.16528
2.3110237	206.4744
2.3115861	217.99037
2.3121486	234.84837
2.312711	253.00528
2.3132734	244.10461
2.3138359	246.50345
2.3143983	260.54584
2.3149607	267.51483
2.3155231	280.75162
2.3160856	292.99072
2.316648	288.11963
2.3172104	282.71515
2.3177729	279.6926
2.3183353	281.77713
2.3188977	284.48074
2.3194602	283.17004
2.3200226	277.11841
2.320585	286.82336
2.3211474	298.10577
2.3217099	308.21051
2.3222723	301.97708
2.3228347	296.22104
2.3233972	294.46167
2.3239596	304.83548
2.324522	314.10846
2.3250844	339.96204
2.3256469	397.97031
2.3262093	483.13583
2.3267717	567.42426
2.3273342	646.72424
2.3278966	665.54266
2.328459	726.19293
2.3290215	817.14874
2.3295839	861.87891
2.3301463	869.20496
2.3307087	900.75146
2.3312712	1131.6354
2.3318336	1286.7048
2.332396	1315.6072
2.3329585	1083.6868
2.3335209	821.72504
2.3340833	595.1463
2.3346457	444.41141
2.3352082	377.36102
2.3357706	345.89774
2.336333	347.95026
2.3368955	338.6593
2.3374579	337.50656
2.3380203	345.04816
2.3385828	366.21429
2.3391452	384.57932
2.3397076	400.62854
2.34027	414.2605
2.3408325	438.10751
2.3413949	462.25101
2.3419573	463.61258
2.3425198	474.22336
2.3430822	493.522
2.3436446	528.19318
2.344207	544.42322
2.3447695	552.61694
2.3453319	554.65289
2.3458943	612.9845
2.3464568	680.20258
2.3470192	742.56696
2.3475816	718.97858
2.3481441	662.14545
2.3487065	573.47137
2.3492689	535.01575
2.3498313	499.30856
2.3503938	462.12164
2.3509562	420.37958
2.3515186	375.20914
2.3520811	326.90298
2.3526435	314.76056
2.3532059	294.83026
2.3537683	268.40738
2.3543308	254.2655
2.3548932	244.2504
2.3554556	238.43323
2.3560181	244.48538
2.3565805	247.78592
2.3571429	248.80457
2.3577054	246.79005
2.3582678	241.51151
2.3588302	236.18903
2.3593926	246.24728
2.3599551	240.75446
2.3605175	227.27592
2.3610799	221.91913
2.3616424	222.5768
2.3622048	225.90138
2.3627672	225.23254
2.3633296	220.64058
2.3638921	215.31247
2.3644545	217.31613
2.3650169	214.48344
2.3655794	210
2.3661418	210
2.3667042	212.20181
2.3672667	216.17355
2.3678291	223.49963
2.3683915	229.50665
2.3689539	233.48154
2.3695164	230.15715
2.3700788	232.46469
2.3706412	236.80522
2.3712037	235.47696
2.3717661	229.89801
2.3723285	223.53117
2.3728909	227.51038
2.3734534	219.05014
2.3740158	205.69418
2.3745782	211.65126
2.3751407	214
2.3757031	212.93797
2.3762655	201.69833
2.376828	201.99797
2.3773904	210.90042
2.3779528	224.10132
2.3785152	218.68472
2.3790777	198.77637
2.3796401	192.84259
2.3802025	189.31384
2.380765	188.00826
2.3813274	191.30019
2.3818898	189.1821
2.3824522	181.28806
2.3830147	175.30188
2.3835771	176.93387
2.3841395	188.10463
2.384702	184.16991
2.3852644	179.70041
2.3858268	176.42128
2.3863893	176.57124
2.3869517	172.92151
2.3875141	161.12978
2.3880765	157.39146
2.388639	156.95221
2.3892014	160.22224
2.3897638	148.54895
2.3903263	137.81755
2.3908887	145.65694
2.3914511	158.06264
2.3920135	180.53522
2.392576	243.14626
2.3931384	334.69
2.3937008	449.07379
2.3942633	619.06256
2.3948257	833.42578
2.3953881	1081.3253
2.3959506	1307.6022
2.396513	1555.1172
2.3970754	1824.7358
2.3976378	2112.1931
2.3982003	2440.4136
2.3987627	2825.689
2.3993251	3420.74
2.3998876	3855.583
2.40045	3897.0371
2.4010124	4385.6221
2.4015749	5098.7007
2.4021373	6132.9873
2.4026997	5431.6719
2.4032621	3945.9478
2.4038246	2359.0657
2.404387	1290.7601
2.4049494	590.62006
2.4055119	280.4288
2.4060743	97.98027
2.4066367	43.824463
2.4071991	34.895798
2.4077616	29.474264
2.408324	25.612324
2.4088864	23.917387
2.4094489	21.709124
2.4100113	17.21089
2.4105737	15.061271
2.4111362	13.553766
2.4116986	10.986146
2.412261	11.974694
2.4128234	15
2.4133859	15
2.4139483	14.047503
2.4145107	12.127013
2.4150732	12
2.4156356	12
2.416198	12
2.4167604	11.484023
2.4173229	10.535596
2.4178853	8.6203041
2.4184477	8.4314289
2.4190102	8.9305611
2.4195726	8.2931652
2.420135	9.0324125
2.4206975	10.944083
2.4212599	11
2.4218223	10.745483
2.4223847	10.109463
2.4229472	9.4737263
2.4235096	9.4854641
2.424072	11.390958
2.4246345	10.703897
2.4251969	9
2.4257593	9
2.4263217	11.010226
2.4268842	14.813023
2.4274466	11.386123
2.428009	8.5289621
2.4285715	7.2634039
2.4291339	11.00647
2.4296963	14.733717
2.4302588	13.469854
2.4308212	11.809622
2.4313836	10
2.431946	10
2.4325085	10
2.4330709	10
2.4336333	10
2.4341958	9.0952396
2.4347582	5.9473863
2.4353206	8.07901
2.435883	11.585771
2.4364455	7.8133802
2.4370079	6
2.4375703	6
2.4381328	7.7463689
2.4386952	9.629384
2.4392576	11.511065
2.4398201	11.535998
2.4403825	10.72753
2.4409449	8.8483467
2.4415073	6.9697108
2.4420698	5.0915251
2.4426322	11.544143
2.4431946	14.679131
2.4437571	10.929725
2.4443195	9.530302
2.4448819	9.1884365
2.4454443	10.436916
2.4460068	8.2613201
2.4465692	3.2726843
2.4471316	5.3561072
2.4476941	7
2.4482565	7
2.4488189	7.4571509
2.4493814	8.1586618
2.4499438	9.4018774
2.4505062	9.0326166
2.4510686	7.1682844
2.4516311	10.388523
2.4521935	11.701877
2.4527559	7.358634
2.4533184	6.4260368
2.4538808	7.0459623
2.4544432	7.6652851
2.4550056	8.2845335
2.4555681	8.9036942
2.4561305	5.8669853
2.4566929	2.7190375
2.4572554	1.4826638
2.4578178	3.6352232
2.4583802	7.9579997
2.4589427	6.1658611
2.4595051	4.3146243
2.4600675	2.4649107
2.4606299	6.6148028
2.4611924	11.688846
2.4617548	9.2264223
2.4623172	4.9116101
2.4628797	-1.241236
2.4634421	2.8521428
2.4640045	6.8460298
2.4645669	6.2315464
2.4651294	6
2.4656918	6
2.4662542	6
2.4668167	5.7765398
2.4673791	5.1636529
2.4679415	6.3470016
2.468504	7.8154368
2.4690664	5.9791617
2.4696288	5.5711122
2.4701912	6.794661
2.4707537	8.0171537
2.4713161	8.6410341
2.4718785	6.8085632
2.472441	6.6820755
2.4730034	7.9027748
2.4735658	7.4388437
2.4741282	7.1708312
2.4746907	7.7803917
2.4752531	8
2.4758155	8
2.476378	9.2138863
2.4769404	9.3542881
2.4775028	7.5303183
2.4780653	7.8617682
2.4786277	8.8848763
2.4791901	7.0637226
2.4797525	6
2.480315	6
2.4808774	6.4653468
2.4814398	6.8571496
2.4820023	5.6455412
2.4825647	5.565486
2.4831271	6.7758508
2.4836895	7.4928546
2.484252	7.5117397
2.4848144	4.4897032
2.4853768	6.0623112
2.4859393	12.101741
2.4865017	10.94511
2.4870641	9.1171122
2.4876266	9.720129
2.488189	10.645796
2.4887514	11.850904
2.4893138	9.3619871
2.4898763	6.8704033
2.4904387	6.2687712
2.4910011	6.3326073
2.4915636	6.9337797
2.492126	7.5346799
2.4926884	8.2708168
2.4932508	9.4713259
2.4938133	9.3286772
2.4943757	8.1290836
2.4949381	8.5348473
2.4955006	9.134119
2.496063	9.7331543
2.4966254	9.0044422
2.4971879	7.2091599
2.4977503	6.4716945
2.4983127	5.7475719
2.4988751	4.5522332
2.4994376	4.6424546
2.5	5.8365836
