1.5	278.17853
1.5005624	283.18985
1.5011249	281.54034
1.5016873	281.83078
1.5022497	277.44446
1.5028121	276.66257
1.5033746	277.12732
1.503937	284.52457
1.5044994	279.99234
1.5050619	272.61057
1.5056243	277.11633
1.5061867	285.27222
1.5067492	278.39026
1.5073116	273.11884
1.507874	272.07568
1.5084364	273.80212
1.5089989	270.3317
1.5095613	275.00259
1.5101237	271.17282
1.5106862	275.60403
1.5112486	271.29633
1.511811	279.99731
1.5123734	272.13309
1.5129359	273.68729
1.5134983	281.62082
1.5140607	279.58051
1.5146232	271.8793
1.5151856	281.34189
1.515748	280.0535
1.5163105	274.14127
1.5168729	274.52618
1.5174353	277.9668
1.5179977	279.31247
1.5185602	280.18048
1.5191226	269.54474
1.519685	281.35349
1.5202475	275.34555
1.5208099	272.83908
1.5213723	278.29926
1.5219347	276.11899
1.5224972	273.59308
1.5230596	273.73639
1.523622	281.5625
1.5241845	283.82867
1.5247469	277.92365
1.5253093	271.92154
1.5258718	269.70929
1.5264342	271.46237
1.5269966	284.93011
1.527559	276.96622
1.5281215	287.02194
1.5286839	277.48199
1.5292463	270.2186
1.5298088	264.65976
1.5303712	275.2352
1.5309336	274.91571
1.531496	277.82379
1.5320585	271.10535
1.5326209	281.29276
1.5331833	283.7355
1.5337458	272.71127
1.5343082	264.61267
1.5348706	274.31448
1.5354331	281.63559
1.5359955	277.12207
1.5365579	275.9657
1.5371203	277.33853
1.5376828	271.56342
1.5382452	273.66098
1.5388076	277.87222
1.5393701	285.24728
1.5399325	278.02133
1.5404949	279.71518
1.5410573	276.09381
1.5416198	277.33203
1.5421822	280.24042
1.5427446	277.65695
1.5433071	276.28366
1.5438695	277.38046
1.5444319	280.07281
1.5449944	280.38181
1.5455568	278.0343
1.5461192	273.81485
1.5466816	277.26703
1.5472441	279.36459
1.5478065	279.54935
1.5483689	276.71704
1.5489314	277.0914
1.5494938	280.44669
1.5500562	282.88629
1.5506186	279.66876
1.5511811	278.12677
1.5517435	280.92645
1.5523059	279.73474
1.5528684	281.26355
1.5534308	280.53268
1.5539932	277.12982
1.5545557	280.88321
1.5551181	275.88486
1.5556805	277.8898
1.5562429	276.40918
1.5568054	279.69067
1.5573678	271.21259
1.5579302	272.34122
1.5584927	284.27979
1.5590551	274.87283
1.5596175	271.53046
1.5601799	279.14276
1.5607424	274.49026
1.5613048	273.49484
1.5618672	283.88962
1.5624297	277.42221
1.5629921	279.07007
1.5635545	282.01865
1.564117	281.19681
1.5646794	286.93161
1.5652418	278.83286
1.5658042	288.51559
1.5663667	282.21173
1.5669291	276.2919
1.5674915	281.59149
1.568054	278.34766
1.5686164	276.63892
1.5691788	287.65726
1.5697412	287.84787
1.5703037	290.82892
1.5708661	291.3501
1.5714285	281.35779
1.571991	280.87653
1.5725534	291.05841
1.5731158	297.09741
1.5736783	288.40405
1.5742407	282.98547
1.5748031	281.74826
1.5753655	282.4325
1.575928	284.90729
1.5764904	278.22418
1.5770528	283.04108
1.5776153	290.25873
1.5781777	294.20267
1.5787401	292.22446
1.5793025	290.65991
1.579865	293.73688
1.5804274	291.46536
1.5809898	291.00192
1.5815523	285.09827
1.5821147	281.98254
1.5826771	297.9635
1.5832396	285.09705
1.583802	282.84369
1.5843644	291.46738
1.5849268	292.21558
1.5854893	283.15149
1.5860517	291.63803
1.5866141	300.74234
1.5871766	287.71628
1.587739	293.80038
1.5883014	299.94876
1.5888638	298.64276
1.5894263	304.36215
1.5899887	294.35782
1.5905511	304.48007
1.5911136	302.59122
1.591676	306.84222
1.5922384	303.75693
1.5928009	302.57288
1.5933633	293.20401
1.5939257	302.3183
1.5944881	301.83954
1.5950506	309.28589
1.595613	303.26828
1.5961754	302.4689
1.5967379	291.39371
1.5973003	304.17511
1.5978627	308.84869
1.5984251	310.58307
1.5989876	297.43817
1.59955	306.36523
1.6001124	300.24197
1.6006749	299.0181
1.6012373	304.07083
1.6017997	300.26202
1.6023622	307.82419
1.6029246	306.64438
1.603487	310.30884
1.6040494	316.69077
1.6046119	298.61707
1.6051743	309.06757
1.6057367	323.52719
1.6062992	310.53992
1.6068616	296.27148
1.607424	313.7608
1.6079865	307.43716
1.6085489	322.32184
1.6091113	323.457
1.6096737	318.10959
1.6102362	330.13663
1.6107986	319.63269
1.611361	324.58099
1.6119235	325.86078
1.6124859	330.63779
1.6130483	337.69849
1.6136107	338.31113
1.6141732	327.15244
1.6147356	320.52832
1.615298	324.52451
1.6158605	333.72638
1.6164229	339.2742
1.6169853	327.30176
1.6175478	331.43637
1.6181102	327.26227
1.6186726	335.81674
1.619235	328.7298
1.6197975	336.9436
1.6203599	335.85059
1.6209223	339.6423
1.6214848	328.76797
1.6220472	332.43835
1.6226096	342.35065
1.623172	335.57715
1.6237345	343.32785
1.6242969	342.68344
1.6248593	339.09894
1.6254219	337.60019
1.6259843	344.48874
1.6265467	348.25793
1.6271092	346.1105
1.6276716	348.23007
1.628234	350.31107
1.6287965	356.05035
1.6293589	364.12543
1.6299213	367.08453
1.6304837	368.27209
1.6310462	344.90219
1.6316086	349.88339
1.632171	370.40152
1.6327335	360.60181
1.6332959	364.14407
1.6338583	360.22281
1.6344208	364.54895
1.6349832	371.8685
1.6355456	376.59033
1.636108	377.59106
1.6366705	367.41461
1.6372329	377.71631
1.6377953	365.58438
1.6383578	387.1113
1.6389202	381.00272
1.6394826	376.81207
1.640045	367.86588
1.6406075	379.52194
1.6411699	381.24115
1.6417323	389.55142
1.6422948	382.39752
1.6428572	383.63235
1.6434196	383.5798
1.6439821	384.42563
1.6445445	396.74295
1.6451069	389.76816
1.6456693	404.42041
1.6462318	409.96326
1.6467942	412.31482
1.6473566	414.01654
1.6479191	421.92648
1.6484815	420.24054
1.6490439	399.47168
1.6496063	428.27881
1.6501688	421.28195
1.6507312	418.92487
1.6512936	403.18158
1.6518561	422.32159
1.6524185	427.83566
1.6529809	425.38324
1.6535434	420.18762
1.6541058	403.84921
1.6546682	423.89075
1.6552306	410.52145
1.6557931	427.9483
1.6563555	426.58408
1.6569179	422.71948
1.6574804	425.81903
1.6580428	423.98315
1.6586052	439.71625
1.6591676	416.36212
1.6597301	437.33624
1.6602925	430.88849
1.6608549	417.33423
1.6614174	429.21173
1.6619798	443.24619
1.6625422	433.62695
1.6631047	446.98105
1.6636671	442.99335
1.6642295	451.34763
1.6647919	458.62598
1.6653544	469.36929
1.6659168	464.13324
1.6664792	464.40665
1.6670417	460.37735
1.6676041	490.76291
1.6681665	466.14145
1.6687289	469.31815
1.6692914	465.34277
1.6698538	476.87909
1.6704162	488.94818
1.6709787	491.87958
1.6715411	501.37576
1.6721035	496.25046
1.672666	496.00851
1.6732284	494.1048
1.6737908	505.84271
1.6743532	495.37427
1.6749157	498.52725
1.6754781	501.88568
1.6760405	499.3121
1.676603	496.72894
1.6771654	519.78369
1.6777278	508.56927
1.6782902	506.0965
1.6788527	503.63434
1.6794151	526.58545
1.6799775	546.1026
1.68054	510.20514
1.6811024	514.50562
1.6816648	521.4375
1.6822273	523.6673
1.6827897	532.34595
1.6833521	543.96405
1.6839145	555.36487
1.684477	545.48071
1.6850394	560.89172
1.6856018	560.88672
1.6861643	545.25494
1.6867267	569.95306
1.6872891	570.79785
1.6878515	598.53943
1.688414	593.22723
1.6889764	581.82068
1.6895388	586.57751
1.6901013	575.10785
1.6906637	600.20868
1.6912261	598.84204
1.6917886	606.79126
1.692351	618.06293
1.6929134	602.80151
1.6934758	611.18817
1.6940383	629.81732
1.6946007	626.34253
1.6951631	609.05737
1.6957256	612.6109
1.696288	627.99854
1.6968504	610.73767
1.6974128	613.87115
1.6979753	637.7395
1.6985377	620.39655
1.6991001	641.71271
1.6996626	664.85492
1.700225	627.20599
1.7007874	655.04181
1.7013499	646.38556
1.7019123	662.95636
1.7024747	662.28241
1.7030371	652.84155
1.7035996	681.98224
1.704162	657.70398
1.7047244	695.42261
1.7052869	708.5661
1.7058493	685.50842
1.7064117	690.17273
1.7069741	704.86774
1.7075366	724.29828
1.708099	709.57404
1.7086614	710.65643
1.7092239	738.15717
1.7097863	733.03223
1.7103487	731.48163
1.7109112	733.07355
1.7114736	741.24323
1.712036	757.30664
1.7125984	781.42456
1.7131609	761.39307
1.7137233	740.3147
1.7142857	754.00812
1.7148482	781.61737
1.7154106	770.33862
1.715973	795.22888
1.7165354	803.77686
1.7170979	794.1618
1.7176603	787.28613
1.7182227	791.59418
1.7187852	785.30933
1.7193476	826.67627
1.71991	798.16461
1.7204725	821.61145
1.7210349	827.05664
1.7215973	862.69788
1.7221597	838.85138
1.7227222	873.29761
1.7232846	873.59595
1.723847	860.4248
1.7244095	900.18414
1.7249719	903.81348
1.7255343	914.2049
1.7260967	927.51459
1.7266592	917.68933
1.7272216	951.14398
1.727784	922.9057
1.7283465	937.77039
1.7289089	959.9649
1.7294713	959.83142
1.7300338	963.56464
1.7305962	976.77722
1.7311586	987.2525
1.731721	986.19122
1.7322835	983.02203
1.7328459	986.51056
1.7334083	990.1745
1.7339708	1010.2484
1.7345332	977.07336
1.7350956	1033.7813
1.735658	1023.0785
1.7362205	1009.5809
1.7367829	999.70691
1.7373453	1008.2947
1.7379078	1048.1924
1.7384702	1048.1201
1.7390326	1090.3854
1.7395951	1016.0908
1.7401575	1064.3113
1.7407199	1053.4999
1.7412823	1066.4973
1.7418448	1108.9382
1.7424072	1091.692
1.7429696	1120.2086
1.7435321	1150.0707
1.7440945	1162.8079
1.7446569	1157.5699
1.7452193	1167.8606
1.7457818	1207.9285
1.7463442	1170.8477
1.7469066	1216.6071
1.7474691	1213.2332
1.7480315	1248.4401
1.7485939	1241.6243
1.7491564	1235.6765
1.7497188	1312.5477
1.7502812	1296.6112
1.7508436	1317.2422
1.7514061	1311.3156
1.7519685	1348.082
1.7525309	1379.6255
1.7530934	1391.0243
1.7536558	1378.0411
1.7542182	1387.9277
1.7547807	1401.1823
1.7553431	1418.0695
1.7559055	1430.7642
1.7564679	1455.0927
1.7570304	1459.1719
1.7575928	1476.1482
1.7581552	1480.0668
1.7587177	1474.9984
1.7592801	1471.2406
1.7598425	1514.3384
1.7604049	1496.8765
1.7609674	1491.2455
1.7615298	1535.0527
1.7620922	1530.5863
1.7626547	1556.2144
1.7632171	1558.0747
1.7637795	1580.0283
1.764342	1571.9463
1.7649044	1608.3848
1.7654668	1608.4596
1.7660292	1631.9265
1.7665917	1675.3716
1.7671541	1633.2024
1.7677165	1689.6097
1.768279	1688.4987
1.7688414	1713.632
1.7694038	1741.96
1.7699662	1748.6793
1.7705287	1765.1182
1.7710911	1756.9897
1.7716535	1787.7972
1.772216	1808.9886
1.7727784	1862.5049
1.7733408	1922.4524
1.7739033	1854.7056
1.7744657	1876.6754
1.7750281	1906.6682
1.7755905	1960.8806
1.776153	1979.6237
1.7767154	1998.4353
1.7772778	2007.0499
1.7778403	2034.3146
1.7784027	2038.132
1.7789651	2066.1082
1.7795275	2118.842
1.78009	2132.666
1.7806524	2111.1287
1.7812148	2152.7573
1.7817773	2160.5115
1.7823397	2148.2852
1.7829021	2231.3508
1.7834646	2260.0596
1.784027	2279.4365
1.7845894	2308.7854
1.7851518	2304.5107
1.7857143	2349.9026
1.7862767	2383.7185
1.7868391	2371.8965
1.7874016	2416.824
1.787964	2359.8074
1.7885264	2479.8679
1.7890888	2486.8616
1.7896513	2516.5415
1.7902137	2508.6028
1.7907761	2525.96
1.7913386	2556.885
1.791901	2570.5083
1.7924634	2574.7546
1.7930259	2635.7444
1.7935883	2677.9805
1.7941507	2691.895
1.7947131	2721.761
1.7952756	2765.5383
1.795838	2789.8088
1.7964004	2839.4697
1.7969629	2871.5437
1.7975253	2923.9585
1.7980877	2918.9202
1.7986501	2953.7075
1.7992126	3013.0249
1.799775	3047.9634
1.8003374	3066.126
1.8008999	3117.2705
1.8014623	3192.0557
1.8020247	3195.207
1.8025872	3213.6128
1.8031496	3293.6162
1.803712	3353.748
1.8042744	3362.2402
1.8048369	3404.7981
1.8053993	3436.0366
1.8059617	3422.7056
1.8065242	3441.9146
1.8070866	3458.6226
1.807649	3506.4294
1.8082114	3537.896
1.8087739	3557.3435
1.8093363	3503.9258
1.8098987	3599.5237
1.8104612	3579.7769
1.8110236	3685.9539
1.811586	3693.137
1.8121485	3635.3877
1.8127109	3787.2302
1.8132733	3781.1646
1.8138357	3797.6006
1.8143982	3884.4573
1.8149606	3895.395
1.815523	3930.7385
1.8160855	3975.5952
1.8166479	4050.0217
1.8172103	4116.0791
1.8177727	4173.4478
1.8183352	4203.1807
1.8188976	4272.6816
1.81946	4334.4209
1.8200225	4410.7222
1.8205849	4461.4854
1.8211473	4567.7549
1.8217098	4651.6553
1.8222722	4664.8481
1.8228346	4738.6968
1.823397	4832.0215
1.8239595	4922.4307
1.8245219	4988.3403
1.8250843	5067.3193
1.8256468	5097.2524
1.8262092	5151.3013
1.8267716	5201.7622
1.827334	5256.0938
1.8278965	5305.3418
1.8284589	5381.7007
1.8290213	5455.54
1.8295838	5447.9272
1.8301462	5450.0254
1.8307086	5547.4424
1.8312711	5590.6328
1.8318335	5626.8047
1.8323959	5713.416
1.8329583	5809.4961
1.8335208	5851.5747
1.8340832	5870.1938
1.8346456	5976.0723
1.8352081	5999.7778
1.8357705	6152.4165
1.8363329	6143.7339
1.8368953	6234.938
1.8374578	6351.0449
1.8380202	6412.4912
1.8385826	6523.7754
1.8391451	6634.1416
1.8397075	6655.9346
1.8402699	6828.8276
1.8408324	6921.9692
1.8413948	7014.8135
1.8419572	7171.5146
1.8425196	7291.5791
1.8430821	7388.1699
1.8436445	7469.7339
1.8442069	7566.8311
1.8447694	7667.5664
1.8453318	7827.0361
1.8458942	7883.686
1.8464566	7989.584
1.8470191	8109.5493
1.8475815	8200.0332
1.8481439	8290.8232
1.8487064	8348.6201
1.8492688	8464.4541
1.8498312	8525.7324
1.8503937	8670.1045
1.8509561	8738.6318
1.8515185	8793.2979
1.8520809	8847.7373
1.8526434	8975.9609
1.8532058	9063.0352
1.8537682	9112.3467
1.8543307	9192.5371
1.8548931	9300.2979
1.8554555	9405.9717
1.8560179	9487.6807
1.8565804	9617.8584
1.8571428	9745.7813
1.8577052	9836.4443
1.8582677	9891.4287
1.8588301	10097.944
1.8593925	10223.488
1.859955	10368.8
1.8605174	10486.554
1.8610798	10624.831
1.8616422	10882.572
1.8622047	10961.468
1.8627671	11114.912
1.8633295	11324.024
1.863892	11547.26
1.8644544	11722.704
1.8650168	11894.833
1.8655792	12066.438
1.8661417	12204.912
1.8667041	12438.221
1.8672665	12626.613
1.867829	12813.134
1.8683914	12991.014
1.8689538	13135.13
1.8695163	13293.414
1.8700787	13484.611
1.8706411	13682.865
1.8712035	13874.883
1.871766	14109.623
1.8723284	14137.508
1.8728908	14247.159
1.8734533	14546.671
1.8740157	14792.714
1.8745781	14947.992
1.8751407	15079.685
1.8757031	15195.568
1.8762655	15336.207
1.876828	15525.861
1.8773904	15750.524
1.8779528	16010.808
1.8785152	16137.05
1.8790777	16299.345
1.8796401	16460.844
1.8802025	16788.043
1.880765	16981.963
1.8813274	17371.693
1.8818898	17605.592
1.8824522	17816.637
1.8830147	18139.813
1.8835771	18499.377
1.8841395	18756.754
1.884702	19048.465
1.8852644	19320.396
1.8858268	19551.48
1.8863893	19982.564
1.8869517	20255.877
1.8875141	20544.025
1.8880765	20927.582
1.888639	21146.76
1.8892014	21666.188
1.8897638	21964.104
1.8903263	22064.604
1.8908887	22289.928
1.8914511	22520.471
1.8920135	22798.377
1.892576	23197.762
1.8931384	23294.363
1.8937008	23550.203
1.8942633	23791.182
1.8948257	23971.777
1.8953881	24215.68
1.8959506	24390.311
1.896513	24617.371
1.8970754	24724.92
1.8976378	24976.994
1.8982003	25314.01
1.8987627	25508.969
1.8993251	25758.473
1.8998876	25871.021
1.90045	26217.508
1.9010124	26476.172
1.9015749	26762.545
1.9021373	26906.326
1.9026997	27463.262
1.9032621	27806.311
1.9038246	28010.529
1.904387	28423.875
1.9049494	28776.773
1.9055119	29155.701
1.9060743	29459.674
1.9066367	29934.082
1.9071991	30248.039
1.9077616	30394.984
1.908324	30688.258
1.9088864	31205.449
1.9094489	31558.953
1.9100113	31712.648
1.9105737	31954.529
1.9111362	32088.188
1.9116986	32356.256
1.912261	32642.061
1.9128234	32822.855
1.9133859	32956.297
1.9139483	32955.379
1.9145107	33097.082
1.9150732	33299.75
1.9156356	33390
1.916198	33537.223
1.9167604	33449.422
1.9173229	33461.859
1.9178853	33432.625
1.9184477	33561.52
1.9190102	33877.43
1.9195726	33679.422
1.920135	33862.664
1.9206975	33870.965
1.9212599	33879.152
1.9218223	34006.742
1.9223847	34420.418
1.9229472	34419.656
1.9235096	34756.164
1.924072	34862.629
1.9246345	35038.023
1.9251969	35367.582
1.9257593	35535.391
1.9263217	35617.125
1.9268842	35888.781
1.9274466	36041.449
1.928009	36048.516
1.9285715	36078.273
1.9291339	36355.43
1.9296963	36500.938
1.9302588	36236.566
1.9308212	36330.566
1.9313836	36215.543
1.931946	36130.68
1.9325085	35917.309
1.9330709	35849.316
1.9336333	35766.641
1.9341958	35511.816
1.9347582	35147.063
1.9353206	34868.652
1.935883	34637.055
1.9364455	34285.047
1.9370079	34040.859
1.9375703	33953.531
1.9381328	33414.637
1.9386952	33297.59
1.9392576	32805.668
1.9398201	32781.496
1.9403825	32587.381
1.9409449	31946.271
1.9415073	31821.752
1.9420698	31723.74
1.9426322	31591.268
1.9431946	31345.98
1.9437571	31161.109
1.9443195	30942.609
1.9448819	30716.352
1.9454443	30674.582
1.9460068	30361.625
1.9465692	30206.771
1.9471316	29911.734
1.9476941	29923.91
1.9482565	29586.086
1.9488189	29509.064
1.9493814	29075.17
1.9499438	28607.211
1.9505062	28225.25
1.9510686	27983.674
1.9516311	27514.66
1.9521935	26983.221
1.9527559	26744.42
1.9533184	26218.305
1.9538808	25720.732
1.9544432	25216.816
1.9550056	24746.725
1.9555681	24489.51
1.9561305	24010.953
1.9566929	23572.951
1.9572554	23074.561
1.9578178	22660.939
1.9583802	22240.391
1.9589427	21928.072
1.9595051	21568.535
1.9600675	21125.402
1.9606299	20636.055
1.9611924	20387.482
1.9617548	20098.078
1.9623172	19800.975
1.9628797	19535.471
1.9634421	19149.107
1.9640045	18893.855
1.9645669	18724.717
1.9651294	18412.26
1.9656918	18222.621
1.9662542	18167.344
1.9668167	17888.205
1.9673791	17633.947
1.9679415	17416.672
1.968504	17166.219
1.9690664	16842.566
1.9696288	16445.441
1.9701912	16249.712
1.9707537	16181.839
1.9713161	15891.834
1.9718785	15443.556
1.972441	15184.374
1.9730034	14962.985
1.9735658	14666.215
1.9741282	14277.307
1.9746907	14044.977
1.9752531	13725.581
1.9758155	13457.515
1.976378	13192.052
1.9769404	12963.692
1.9775028	12672.18
1.9780653	12390.011
1.9786277	12143.385
1.9791901	11847.794
1.9797525	11558.54
1.980315	11365.496
1.9808774	11117.785
1.9814398	10775.817
1.9820023	10639.319
1.9825647	10438.935
1.9831271	10208.596
1.9836895	10020.3
1.984252	9909.0488
1.9848144	9684.9453
1.9853768	9502.4238
1.9859393	9245.2207
1.9865017	9102.1602
1.9870641	8899.0566
1.9876266	8770.9785
1.988189	8670.458
1.9887514	8494.6689
1.9893138	8356.6416
1.9898763	8308.877
1.9904387	8130.1309
1.9910011	7931.9165
1.9915636	7803.2373
1.992126	7624.5674
1.9926884	7549.7329
1.9932508	7415.0576
1.9938133	7307.6196
1.9943757	7102.2012
1.9949381	7085.9087
1.9955006	6879.8374
1.996063	6745.8462
1.9966254	6735
1.9971879	6592.1904
1.9977503	6488.8115
1.9983127	6378.042
1.9988751	6191.3394
1.9994376	6051.6445
2	5984.0015
2.0005624	5900.7183
2.0011249	5766.6372
2.0016873	5647.0762
2.0022497	5589.6655
2.0028121	5470.5039
2.0033746	5341.6748
2.003937	5193.0166
2.0044994	5138.0259
2.0050619	5024.6846
2.0056243	4900.0723
2.0061867	4844.3286
2.0067492	4769.8203
2.0073116	4670.9604
2.007874	4554.9443
2.0084364	4452.9185
2.0089989	4381.396
2.0095613	4287.8608
2.0101237	4200.0337
2.0106862	4234.2114
2.0112486	4088.3413
2.011811	4089.0571
2.0123734	4043.7273
2.0129359	3954.8633
2.0134983	3948.8792
2.0140607	3862.3398
2.0146232	3786.802
2.0151856	3744.2073
2.015748	3683.6362
2.0163105	3620.1387
2.0168729	3589.0774
2.0174353	3552.2878
2.0179977	3483.646
2.0185602	3454.6357
2.0191226	3334.499
2.019685	3390.5125
2.0202475	3323.4458
2.0208099	3274.6726
2.0213723	3220.9534
2.0219347	3242.906
2.0224972	3230.0427
2.0230596	3184.8411
2.023622	3148.1401
2.0241845	3116.344
2.0247469	3131.3704
2.0253093	3063.0649
2.0258718	3071.9702
2.0264342	2975.312
2.0269966	2942.8391
2.027559	2874.7295
2.0281215	2847.1072
2.0286839	2829.3191
2.0292463	2790.0205
2.0298088	2759.3835
2.0303712	2734.6353
2.0309336	2671.0024
2.031496	2662.1414
2.0320585	2655.0999
2.0326209	2661.4438
2.0331833	2595.0549
2.0337458	2599.303
2.0343082	2544.853
2.0348706	2493.762
2.0354331	2475.9924
2.0359955	2481.814
2.0365579	2479.843
2.0371203	2412.4587
2.0376828	2402.436
2.0382452	2377.1965
2.0388076	2399.1667
2.0393701	2389.3477
2.0399325	2361.958
2.0404949	2332.7141
2.0410573	2316.7178
2.0416198	2317.5483
2.0421822	2309.5999
2.0427446	2266.7002
2.0433071	2265.9436
2.0438695	2283.8691
2.0444319	2247.2407
2.0449944	2248.0815
2.0455568	2240.3013
2.0461192	2215.1443
2.0466816	2180.8738
2.0472441	2165.3953
2.0478065	2176.6584
2.0483689	2150.0181
2.0489314	2168.7473
2.0494938	2103.0364
2.0500562	2123.2776
2.0506186	2095.0076
2.0511811	2041.8732
2.0517435	2026.7587
2.0523059	2044.9734
2.0528684	2043.7863
2.0534308	2019.851
2.0539932	1976.3467
2.0545557	2018.2292
2.0551181	1968.0789
2.0556805	1947.088
2.0562429	1962.7346
2.0568054	1977.1554
2.0573678	1966.7997
2.0579302	1948.0979
2.0584927	1958.4099
2.0590551	1975.1906
2.0596175	1930.6421
2.0601799	1958.0975
2.0607424	1965.9663
2.0613048	1945.5305
2.0618672	1926.5399
2.0624297	1932.8218
2.0629921	1947.6676
2.0635545	1860.825
2.064117	1820.4099
2.0646794	1841.6243
2.0652418	1850
2.0658042	1855.1532
2.0663667	1853.7281
2.0669291	1840.2467
2.0674915	1823.8192
2.068054	1787.3678
2.0686164	1803.9805
2.0691788	1815.9849
2.0697412	1795.8987
2.0703037	1750.5498
2.0708661	1740.5656
2.0714285	1757.3792
2.071991	1715.9104
2.0725534	1734.8054
2.0731158	1685.1514
2.0736783	1698.8553
2.0742407	1680.1703
2.0748031	1691.6128
2.0753655	1712.5236
2.075928	1695.67
2.0764904	1693.6051
2.0770528	1718.7655
2.0776153	1735.6641
2.0781777	1688.5475
2.0787401	1688.8435
2.0793025	1712.0723
2.079865	1705.754
2.0804274	1676.2108
2.0809898	1693.9653
2.0815523	1692.2378
2.0821147	1701.6763
2.0826771	1697.1084
2.0832396	1701.3879
2.083802	1701.0691
2.0843644	1673.0323
2.0849268	1649.0205
2.0854893	1665.3666
2.0860517	1699.5109
2.0866141	1684.9226
2.0871766	1666.0753
2.087739	1656.7892
2.0883014	1637.7036
2.0888638	1592.9242
2.0894263	1566.3512
2.0899887	1579.6157
2.0905511	1598.0117
2.0911136	1583.3373
2.091676	1577.4027
2.0922384	1598.0272
2.0928009	1553.0059
2.0933633	1582.899
2.0939257	1553.8726
2.0944881	1531.6451
2.0950506	1545.6333
2.095613	1559.0393
2.0961754	1543.2949
2.0967379	1577.4003
2.0973003	1556.9834
2.0978627	1590.2937
2.0984251	1589.0358
2.0989876	1566.5284
2.09955	1554.2861
2.1001124	1557.4955
2.1006749	1519.3376
2.1012373	1502.4648
2.1017997	1540.1992
2.1023622	1532.381
2.1029246	1507.5006
2.103487	1514.8407
2.1040494	1524.1726
2.1046119	1492.0774
2.1051743	1490.2112
2.1057367	1481.7083
2.1062992	1463.9762
2.1068616	1456.7401
2.107424	1468.0518
2.1079865	1391.439
2.1085489	1395.7212
2.1091113	1386.5924
2.1096737	1375.2571
2.1102362	1378.4935
2.1107986	1393.7552
2.111361	1376.132
2.1119235	1338.5321
2.1124859	1313.559
2.1130483	1316.6987
2.1136107	1330.7689
2.1141732	1338.9296
2.1147356	1351.5096
2.115298	1330.604
2.1158605	1321.4694
2.1164229	1316.3677
2.1169853	1311.4711
2.1175478	1305.8263
2.1181102	1301.8538
2.1186726	1326.0188
2.119235	1320.9553
2.1197975	1313.83
2.1203599	1298.7477
2.1209223	1274.5056
2.1214848	1264.5605
2.1220472	1284.4886
2.1226096	1280.4756
2.123172	1286.2524
2.1237345	1288.8186
2.1242969	1272.5217
2.1248593	1250.9958
2.1254218	1246.8558
2.1259842	1238.7798
2.1265466	1215.1775
2.1271091	1210.7517
2.1276715	1245.814
2.1282339	1232.6029
2.1287963	1195.7639
2.1293588	1170.0695
2.1299212	1170.9309
2.1304836	1190.7487
2.1310461	1204.1128
2.1316085	1176.1274
2.1321709	1162.0371
2.1327333	1156.3401
2.1332958	1171.8809
2.1338582	1187.0349
2.1344206	1134.2454
2.1349831	1145.7327
2.1355455	1124.9581
2.1361079	1111.0876
2.1366704	1102.1632
2.1372328	1083.7955
2.1377952	1068.2435
2.1383576	1106.8719
2.1389201	1146.21
2.1394825	1137.3689
2.1400449	1093.8324
2.1406074	1101.3771
2.1411698	1116.8754
2.1417322	1079.0001
2.1422946	1064.9153
2.1428571	1066.9979
2.1434195	1045.5106
2.1439819	1015.4027
2.1445444	1005.5108
2.1451068	1004.0674
2.1456692	1010.5375
2.1462317	1017.9963
2.1467941	1002.5727
2.1473565	983.26678
2.1479189	975.63593
2.1484814	980.4198
2.1490438	985.35541
2.1496062	967.30756
2.1501687	939.81146
2.1507311	936.55023
2.1512935	941.11981
2.1518559	941.1991
2.1524184	927.99841
2.1529808	901.38403
2.1535432	902.38916
2.1541057	907.39746
2.1546681	908.0058
2.1552305	903.45093
2.155793	907.47375
2.1563554	876.55176
2.1569178	868.52972
2.1574802	885.02087
2.1580427	907.81946
2.1586051	891.76636
2.1591675	894.28156
2.15973	876.94159
2.1602924	865.95801
2.1608548	880.41394
2.1614172	876.4115
2.1619797	857.34033
2.1625421	838.10297
2.1631045	832.06128
2.163667	840.01239
2.1642294	819.24933
2.1647918	809.88654
2.1653543	835.48138
2.1659167	852.00372
2.1664791	824.14093
2.1670415	801.84113
2.167604	779.56104
2.1681664	786.6651
2.1687288	797.30963
2.1692913	780.78101
2.1698537	758.54871
2.1704161	751.66589
2.1709785	746.77899
2.171541	728.82202
2.1721034	689.0155
2.1726658	723.85809
2.1732283	719.04236
2.1737907	723.35449
2.1743531	739.63385
2.1749156	741.96155
2.175478	725.37115
2.1760404	726.23157
2.1766028	717.40674
2.1771653	694.88519
2.1777277	689.36621
2.1782901	722.8277
2.1788526	718.26862
2.179415	708.57867
2.1799774	720.22809
2.1805398	713.93744
2.1811023	701.6319
2.1816647	693.72882
2.1822271	690.28217
2.1827896	687.6673
2.183352	676.68793
2.1839144	672.81628
2.1844769	670.87402
2.1850393	674.22797
2.1856017	700.05646
2.1861641	662.94153
2.1867266	650.02051
2.187289	650.854
2.1878514	646.58594
2.1884139	630.19312
2.1889763	620.09045
2.1895387	623.34088
2.1901011	635.12286
2.1906636	639.79883
2.191226	613.93188
2.1917884	609.18341
2.1923509	616.30725
2.1929133	623.61047
2.1934757	619.7254
2.1940382	604.48022
2.1946006	595.59247
2.195163	593.89874
2.1957254	589.24744
2.1962879	592.66748
2.1968503	601.62073
2.1974127	608.71777
2.1979752	606.09979
2.1985376	579.81134
2.1991	573.39795
2.1996624	582.7406
2.2002249	595.33203
2.2007873	576.04022
2.2013497	588.48657
2.2019122	594.53918
2.2024746	587.75446
2.203037	566.97638
2.2035995	554.66187
2.2041619	553.70306
2.2047243	556
2.2052867	556.23499
2.2058492	558.53943
2.2064116	546.71539
2.206974	535.18488
2.2075365	531.81903
2.2080989	546.3855
2.2086613	530.28778
2.2092237	524.2348
2.2097862	523.17847
2.2103486	509.40555
2.210911	517.90295
2.2114735	528.59253
2.2120359	535.18976
2.2125983	532.59814
2.2131608	523.44287
2.2137232	521
2.2142856	517.78442
2.214848	508.49625
2.2154105	485.6525
2.2159729	499.78555
2.2165353	507.5994
2.2170978	498.2204
2.2176602	487.5806
2.2182226	502.16678
2.218785	496.80237
2.2193475	479.77588
2.2199099	497.22186
2.2204723	482.66147
2.2210348	479.8222
2.2215972	482.28433
2.2221596	467.90479
2.2227221	469.83496
2.2232845	463.5636
2.2238469	463.59885
2.2244093	493.05804
2.2249718	490.34744
2.2255342	481.72507
2.2260966	471.13007
2.2266591	462.08597
2.2272215	449.31335
2.2277839	440.00613
2.2283463	443.5686
2.2289088	468.85156
2.2294712	441.02786
2.2300336	439.10291
2.2305961	444.96646
2.2311585	442.13171
2.2317209	452.63284
2.2322834	452.94357
2.2328458	447.151
2.2334082	439.03247
2.2339706	442.02713
2.2345331	455.12247
2.2350955	458.13797
2.2356579	431.98978
2.2362204	425.26678
2.2367828	440.81314
2.2373452	453.2081
2.2379076	435.29166
2.2384701	421.7981
2.2390325	440.45691
2.2395949	457.05295
2.2401574	427.26761
2.2407198	441.6749
2.2412822	445.26266
2.2418447	444.39627
2.2424071	453.31781
2.2429695	443.02808
2.2435319	449.55603
2.2440944	462.62067
2.2446568	452.2384
2.2452192	436.64008
2.2457817	432.936
2.2463441	438.73166
2.2469065	437.25125
2.2474689	442.52588
2.2480314	442.11407
2.2485938	436.47589
2.2491562	448.29306
2.2497187	451.56903
2.2502813	447.39572
2.2508438	436.59897
2.2514062	429.96637
2.2519686	440.95374
2.2525311	449.43607
2.2530935	439.12833
2.2536559	418.66653
2.2542183	420.22803
2.2547808	428.44681
2.2553432	418.89618
2.2559056	419.3302
2.2564681	418.00583
2.2570305	415
2.2575929	415
2.2581553	395.26514
2.2587178	391.9129
2.2592802	410.24927
2.2598426	389.76801
2.2604051	409.20706
2.2609675	426.3678
2.2615299	410.29532
2.2620924	404.26642
2.2626548	403.78558
2.2632172	409.69144
2.2637796	425.00488
2.2643421	440.93533
2.2649045	441.76752
2.2654669	430.16553
2.2660294	439.62482
2.2665918	439.8223
2.2671542	451.01877
2.2677166	485.89157
2.2682791	493.96191
2.2688415	495.65118
2.2694039	500.47754
2.2699664	527.30084
2.2705288	557.85748
2.2710912	572.2561
2.2716537	571.90399
2.2722161	600.84875
2.2727785	599.12909
2.2733409	590.72742
2.2739034	592.89496
2.2744658	574.44891
2.2750282	571.72278
2.2755907	576.87665
2.2761531	559.56818
2.2767155	543.98828
2.2772779	522.13727
2.2778404	490.62775
2.2784028	469.04495
2.2789652	456.03763
2.2795277	447.78769
2.2800901	438.44653
2.2806525	420.01175
2.281215	411.92068
2.2817774	416.48233
2.2823398	390.66956
2.2829022	389.13867
2.2834647	396.80762
2.2840271	396.09146
2.2845895	394.75177
2.285152	386.19128
2.2857144	371.16418
2.2862768	373.30743
2.2868392	385.11508
2.2874017	392.86029
2.2879641	377.8757
2.2885265	387.85681
2.289089	402.07642
2.2896514	415.80234
2.2902138	412.95416
2.2907763	422.884
2.2913387	435.36954
2.2919011	436.79233
2.2924635	433.35895
2.293026	431.3172
2.2935884	432.08185
2.2941508	434.21027
2.2947133	428.75461
2.2952757	421.77609
2.2958381	425.31921
2.2964005	420.28052
2.296963	421.59863
2.2975254	435.7583
2.2980878	425.57404
2.2986503	425.01956
2.2992127	432.73712
2.2997751	444.03433
2.3003376	443.35712
2.3009	437.74069
2.3014624	430.68839
2.3020248	429.36398
2.3025873	422.53012
2.3031497	409.01721
2.3037121	393.53452
2.3042746	391.61426
2.304837	391.04559
2.3053994	368.55884
2.3059618	375.75467
2.3065243	378.45618
2.3070867	360.90933
2.3076491	356.67545
2.3082116	349.87683
2.308774	341.66711
2.3093364	348.66922
2.3098989	353.33496
2.3104613	359.33585
2.3110237	373.31924
2.3115861	382.77759
2.3121486	394.58499
2.312711	412.04355
2.3132734	390.5704
2.3138359	392.22037
2.3143983	417.2554
2.3149607	433.28412
2.3155231	446.61572
2.3160856	458.88361
2.316648	472.80103
2.3172104	470.64395
2.3177729	467.84689
2.3183353	473.40564
2.3188977	471.51926
2.3194602	478.17542
2.3200226	495.71246
2.320585	472.14325
2.3211474	466.34241
2.3217099	473.78949
2.3222723	480.02292
2.3228347	471.13547
2.3233972	462.11813
2.3239596	475.25827
2.324522	474.17239
2.3250844	475.03995
2.3256469	486.77969
2.3262093	499.12848
2.3267717	543.27246
2.3273342	626.70984
2.3278966	905.8266
2.328459	1077.6831
2.3290215	1159.3401
2.3295839	1238.4781
2.3301463	1257.3253
2.3307087	1311.163
2.3312712	1668.4832
2.3318336	1928.3611
2.332396	2061.7417
2.3329585	1954.7015
2.3335209	1772.7811
2.3340833	1505.47
2.3346457	1114.9294
2.3352082	837.09186
2.3357706	651.19226
2.336333	567.03998
2.3368955	532.30756
2.3374579	516
2.3380203	517.89343
2.3385828	556.12909
2.3391452	588.76379
2.3397076	615.62854
2.34027	629.2605
2.3408325	637.99927
2.3413949	645.50983
2.3419573	659.12598
2.3425198	684.42041
2.3430822	710.67615
2.3436446	725.63232
2.344207	729
2.3447695	742.98407
2.3453319	789.13251
2.3458943	846.54016
2.3464568	922.64795
2.3470192	1028.3962
2.3475816	1020.7168
2.3481441	994.13617
2.3487065	962.32184
2.3492689	913.59149
2.3498313	853.22406
2.3503938	780.20251
2.3509562	736.72443
2.3515186	687.24402
2.3520811	630.80597
2.3526435	606.52112
2.3532059	562.40961
2.3537683	502.37921
2.3543308	487.56387
2.3548932	456.25272
2.3554556	416.29965
2.3560181	434.45618
2.3565805	423.92432
2.3571429	395.54398
2.3577054	390.84344
2.3582678	389.8161
2.3588302	391.07925
2.3593926	391.74982
2.3599551	392.84052
2.3605175	395.08612
2.3610799	403.12134
2.3616424	392.25708
2.3622048	371.92874
2.3627672	357.88309
2.3633296	359.97507
2.3638921	367.43768
2.3644545	357.41925
2.3650169	350.04388
2.3655794	345.96152
2.3661418	351.96405
2.3667042	358.40363
2.3672667	365.92035
2.3678291	377.90851
2.3683915	377.6167
2.3689539	374.90326
2.3695164	393.51996
2.3700788	402.59851
2.3706412	407.36331
2.3712037	416.66119
2.3717661	423.82651
2.3723285	425.01624
2.3728909	395.17224
2.3734534	393.94986
2.3740158	407.69147
2.3745782	405.04388
2.3751407	394.78128
2.3757031	381.06247
2.3762655	381.72363
2.376828	388.92026
2.3773904	399.18964
2.3779528	387.30884
2.3785152	367.39966
2.3790777	342.27335
2.3796401	349.52573
2.3802025	344.07993
2.380765	327.02969
2.3813274	338.88065
2.3818898	331.00107
2.3824522	302.05624
2.3830147	301
2.3835771	302.74136
2.3841395	306.68399
2.384702	300.96237
2.3852644	298.81943
2.3858268	303.41019
2.3863893	298.85876
2.3869517	289.10886
2.3875141	272.07632
2.3880765	277.04269
2.388639	278.09625
2.3892014	257.82205
2.3897638	249.01567
2.3903263	241.66782
2.3908887	227.29561
2.3914511	233.97745
2.3920135	256.65729
2.392576	314.05072
2.3931384	382.17264
2.3937008	466.7934
2.3942633	643.94641
2.3948257	843.78064
2.3953881	1062.2523
2.3959506	1321.6904
2.396513	1578.4767
2.3970754	1832.5029
2.3976378	2134.6318
2.3982003	2446.2781
2.3987627	2767.9895
2.3993251	3403.2366
2.3998876	3860.0901
2.40045	3854.2603
2.4010124	4356.4761
2.4015749	5000.5298
2.4021373	5649.9502
2.4026997	4944.0679
2.4032621	3617.3169
2.4038246	2162.8904
2.404387	1183.6968
2.4049494	541.61133
2.4055119	251.41161
2.4060743	84.77021
2.4066367	42.219215
2.4071991	30.233278
2.4077616	22.728554
2.408324	19.510271
2.4088864	20.62392
2.4094489	20.893534
2.4100113	17.037905
2.4105737	19.754917
2.4111362	22.995975
2.4116986	17.218828
2.412261	15.394938
2.4128234	15.819368
2.4133859	12.615074
2.4139483	12.269996
2.4145107	14.830648
2.4150732	13.80435
2.4156356	13.950664
2.416198	16.507847
2.4167604	13.904133
2.4173229	11
2.4178853	11
2.4184477	9.2742834
2.4190102	7.6943927
2.4195726	14.068349
2.420135	14.935174
2.4206975	11.111835
2.4212599	11
2.4218223	10.490968
2.4223847	9.2189255
2.4229472	11.105097
2.4235096	12.514536
2.424072	10.609042
2.4246345	10.432034
2.4251969	11.267751
2.4257593	13.804312
2.4263217	13.32481
2.4268842	10.155814
2.4274466	12.409251
2.428009	13.764482
2.4285715	13.131702
2.4291339	12.499191
2.4296963	12.399425
2.4302588	14.295219
2.4308212	15.396792
2.4313836	15.801458
2.431946	11.383853
2.4325085	9.2903032
2.4330709	9.9208841
2.4336333	9.4489784
2.4341958	9.7238083
2.4347582	12.242091
2.4353206	11.240565
2.435883	9
2.4364455	9
2.4370079	8.3476925
2.4375703	7.091568
2.4381328	8.7463694
2.4386952	10.419589
2.4392576	11.674044
2.4398201	10.607994
2.4403825	8.9091768
2.4409449	8.2827816
2.4415073	8.3434296
2.4420698	8.969492
2.4426322	8.4050779
2.4431946	8.6604347
2.4437571	10.535138
2.4443195	11
2.4448819	11
2.4454443	11
2.4460068	10.657665
2.4465692	10.034085
2.4471316	11.76708
2.4476941	12.788
2.4482565	12.165244
2.4488189	10.171396
2.4493814	8
2.4499438	8
2.4505062	7.3550773
2.4510686	6.1121893
2.4516311	7.6942616
2.4521935	9
2.4527559	9
2.4533184	9
2.4538808	9.275774
2.4544432	12.991712
2.4550056	13.008265
2.4555681	8.6741428
2.4561305	9.0443382
2.4566929	9.0166311
2.4572554	4.6893229
2.4578178	5.6352229
2.4583802	9.9580002
2.4589427	9.3886204
2.4595051	8.3146238
2.4600675	6.4649105
2.4606299	8.3074017
2.4611924	11.233366
2.4617548	13.080183
2.4623172	13.382322
2.4628797	12.151753
2.4634421	9.8434925
2.4640045	7.5380888
2.4645669	5.6946392
2.4651294	6.9126921
2.4656918	9.9819098
2.4662542	8.7798662
2.4668167	9.3407612
2.4673791	13.018082
2.4679415	9.0609951
2.468504	3.4306471
2.4690664	7.7152886
2.4696288	9.7144442
2.4701912	9.1026697
2.4707537	7.4742694
2.4713161	6.2393103
2.4718785	7.4609575
2.472441	8.6820755
2.4730034	9.9027748
2.4735658	9.4388437
2.4741282	9.1708307
2.4746907	9.7803917
2.4752531	8.8313503
2.4758155	7.0045552
2.476378	8.2138863
2.4769404	8.1390514
2.4775028	5.7070909
2.4780653	7.5853043
2.4786277	10.884876
2.4791901	9.0637226
2.4797525	8
2.480315	8
2.4808774	9.8613863
2.4814398	11.428597
2.4820023	6.5821643
2.4825647	5.1309724
2.4831271	7.551702
2.4836895	9.4785652
2.484252	10.707044
2.4848144	8.8938227
2.4853768	9.2249241
2.4859393	11.640697
2.4865017	10.972555
2.4870641	10.702673
2.4876266	14.320772
2.488189	12.771022
2.4887514	6.7454762
2.4893138	8.1104107
2.4898763	10.38879
2.4904387	12.193687
2.4910011	11.669571
2.4915636	9.2648811
2.492126	10.06936
2.4926884	11.541633
2.4932508	13.942652
2.4938133	13.657353
2.4943757	11.258165
2.4949381	10.465153
2.4955006	10.134119
2.496063	10.733154
2.4966254	9.6725893
2.4971879	7.2788796
2.4977503	7.5283055
2.4983127	7.873786
2.4988751	7.2761168
2.4994376	7.6424546
2.5	8.8365831
