1.5	124.31792
1.5005624	124.94624
1.5011249	123.84436
1.5016873	122.22737
1.5022497	119.15702
1.5028121	116.53792
1.5033746	117.91488
1.503937	118.47236
1.5044994	117.89114
1.5050619	122.20563
1.5056243	118.54447
1.5061867	120.0638
1.5067492	119.48319
1.5073116	121.5228
1.507874	120.45175
1.5084364	113.64478
1.5089989	119.08621
1.5095613	120.6048
1.5101237	116.71852
1.5106862	124.96439
1.5112486	119.44132
1.511811	116.40364
1.5123734	121.26646
1.5129359	122.03773
1.5134983	118.59917
1.5140607	115.86098
1.5146232	119.84718
1.5151856	118.72131
1.515748	118.14621
1.5163105	119.60842
1.5168729	116.41752
1.5174353	122.42343
1.5179977	120.29982
1.5185602	113.09705
1.5191226	116.43459
1.519685	113.92084
1.5202475	120.51539
1.5208099	119.16587
1.5213723	119.64535
1.5219347	119.07157
1.5224972	116.98055
1.5230596	115.67313
1.523622	119.83446
1.5241845	124.45905
1.5247469	118.76328
1.5253093	116.64938
1.5258718	121.96194
1.5264342	119.67951
1.5269966	123.21668
1.527559	116.29686
1.5281215	119.24718
1.5286839	122.56436
1.5292463	119.13143
1.5298088	118.37924
1.5303712	115.66478
1.5309336	118.38256
1.531496	118.85874
1.5320585	116.71762
1.5326209	115.00196
1.5331833	118.07581
1.5337458	116.14732
1.5343082	120.08979
1.5348706	118.64746
1.5354331	123.72814
1.5359955	117.5696
1.5365579	119.62987
1.5371203	119.48686
1.5376828	117.12122
1.5382452	116.93145
1.5388076	118.51215
1.5393701	118.61234
1.5399325	119.69214
1.5404949	120.8593
1.5410573	116.26048
1.5416198	120.04978
1.5421822	123.04668
1.5427446	122.00037
1.5433071	122.64582
1.5438695	117.94399
1.5444319	120.51666
1.5449944	119.97565
1.5455568	125.977
1.5461192	113.57577
1.5466816	115.17104
1.5472441	121.61886
1.5478065	116.93695
1.5483689	118.54334
1.5489314	116.76135
1.5494938	120.68205
1.5500562	119.11434
1.5506186	111.54021
1.5511811	122.69508
1.5517435	117.37157
1.5523059	115.81379
1.5528684	117.15715
1.5534308	117.45937
1.5539932	114.29549
1.5545557	121.09431
1.5551181	120.76571
1.5556805	115.93364
1.5562429	118.75564
1.5568054	119.98859
1.5573678	118.3671
1.5579302	115.45844
1.5584927	117.23164
1.5590551	120.38327
1.5596175	121.86592
1.5601799	120.16508
1.5607424	119.85841
1.5613048	114.69815
1.5618672	117.32367
1.5624297	114.87199
1.5629921	115.2761
1.5635545	126.18625
1.564117	117.30328
1.5646794	119.53251
1.5652418	122.90158
1.5658042	130.13377
1.5663667	123.27132
1.5669291	116.59769
1.5674915	121.18606
1.568054	123.56592
1.5686164	119.02609
1.5691788	120.37405
1.5697412	125.585
1.5703037	119.42618
1.5708661	118.31178
1.5714285	117.83903
1.571991	121.25559
1.5725534	118.31068
1.5731158	118.29632
1.5736783	120.27454
1.5742407	123.09405
1.5748031	121.46732
1.5753655	118.85118
1.575928	121.44955
1.5764904	123.56892
1.5770528	119.34447
1.5776153	122.49198
1.5781777	124.35908
1.5787401	119.36406
1.5793025	117.42658
1.579865	128.65639
1.5804274	123.90673
1.5809898	116.6447
1.5815523	123.65923
1.5821147	122.40732
1.5826771	119.71038
1.5832396	119.06812
1.583802	124.43713
1.5843644	124.54174
1.5849268	127.05697
1.5854893	122.68791
1.5860517	121.58368
1.5866141	134.50737
1.5871766	122.51217
1.587739	119.13727
1.5883014	123.74419
1.5888638	126.4063
1.5894263	124.87149
1.5899887	125.70194
1.5905511	128.70512
1.5911136	128.28328
1.591676	126.68675
1.5922384	132.05405
1.5928009	123.32684
1.5933633	124.61849
1.5939257	120.54055
1.5944881	129.61217
1.5950506	133.04602
1.595613	122.00449
1.5961754	126.06154
1.5967379	124.48143
1.5973003	130.75987
1.5978627	136.47198
1.5984251	130.02762
1.5989876	127.63643
1.59955	124.75712
1.6001124	129.64177
1.6006749	123.18443
1.6012373	124.72028
1.6017997	129.44955
1.6023622	128.52667
1.6029246	120.89708
1.603487	131.37816
1.6040494	126.02585
1.6046119	134.39381
1.6051743	135.91022
1.6057367	133.38838
1.6062992	125.4473
1.6068616	128.47298
1.607424	128.27451
1.6079865	131.01753
1.6085489	129.09985
1.6091113	131.79872
1.6096737	130.11874
1.6102362	124.48494
1.6107986	132.83716
1.611361	130.50999
1.6119235	130.90196
1.6124859	130.62619
1.6130483	129.69054
1.6136107	133.37123
1.6141732	136.03616
1.6147356	139.20674
1.615298	132.3596
1.6158605	138.42046
1.6164229	141.03119
1.6169853	139.49313
1.6175478	135.24515
1.6181102	135.7085
1.6186726	134.98473
1.619235	146.13669
1.6197975	140.86621
1.6203599	137.90155
1.6209223	137.41647
1.6214848	145.95561
1.6220472	138.92682
1.6226096	139.3093
1.623172	135.77042
1.6237345	138.42638
1.6242969	134.5735
1.6248593	143.59546
1.6254219	147.03218
1.6259843	143.84579
1.6265467	152.44087
1.6271092	145.24915
1.6276716	146.65361
1.628234	146.73842
1.6287965	142.28737
1.6293589	141.28044
1.6299213	139.16226
1.6304837	146.46863
1.6310462	147.20158
1.6316086	140.05658
1.632171	149.96263
1.6327335	152.02615
1.6332959	145.72299
1.6338583	154.69934
1.6344208	147.59361
1.6349832	147.66515
1.6355456	155.4362
1.636108	149.11028
1.6366705	150.76782
1.6372329	147.81584
1.6377953	149.9863
1.6383578	158.55237
1.6389202	156.11008
1.6394826	154.13025
1.640045	149.24977
1.6406075	170.81346
1.6411699	165.16443
1.6417323	150.83511
1.6422948	155.93004
1.6428572	163.17986
1.6434196	159.07289
1.6439821	159.00745
1.6445445	170.58244
1.6451069	161.3112
1.6456693	158.04045
1.6462318	169.74947
1.6467942	167.91954
1.6473566	172.32013
1.6479191	165.99571
1.6484815	170.81662
1.6490439	161.68721
1.6496063	171.76868
1.6501688	166.20432
1.6507312	159.96867
1.6512936	179.06949
1.6518561	170.35599
1.6524185	163.84651
1.6529809	172.15385
1.6535434	169.08012
1.6541058	181.31781
1.6546682	173.25151
1.6552306	176.44203
1.6557931	183.91998
1.6563555	170.327
1.6569179	185.117
1.6574804	178.24727
1.6580428	182.30777
1.6586052	177.994
1.6591676	164.80695
1.6597301	181.83347
1.6602925	182.89821
1.6608549	172.09315
1.6614174	183.78813
1.6619798	194.52663
1.6625422	176.23555
1.6631047	171.08421
1.6636671	179.77127
1.6642295	192.345
1.6647919	186.84567
1.6653544	184.05663
1.6659168	184.53668
1.6664792	196.00787
1.6670417	194.55075
1.6676041	189.73303
1.6681665	197.46852
1.6687289	197.69667
1.6692914	203.32402
1.6698538	206.14256
1.6704162	199.28813
1.6709787	208.63239
1.6715411	206.37323
1.6721035	192.5802
1.672666	202.09163
1.6732284	207.50288
1.6737908	218.02179
1.6743532	209.88152
1.6749157	196.41673
1.6754781	217.49985
1.6760405	213.98792
1.676603	212.97615
1.6771654	209.78673
1.6777278	208.10344
1.6782902	209.7935
1.6788527	206.30682
1.6794151	204.3287
1.6799775	200.09727
1.68054	210.29591
1.6811024	208.73433
1.6816648	215.13846
1.6822273	224.36656
1.6827897	218.72037
1.6833521	235.91777
1.6839145	222.14012
1.684477	233.54794
1.6850394	234.07361
1.6856018	214.49863
1.6861643	223.76479
1.6867267	230.34641
1.6872891	228.74498
1.6878515	220.42761
1.688414	237.62302
1.6889764	248.0332
1.6895388	239.9953
1.6901013	239.90559
1.6906637	254.08653
1.6912261	247.4635
1.6917886	248.0119
1.692351	241.36151
1.6929134	255.66899
1.6934758	245.77429
1.6940383	246.44814
1.6946007	245.36942
1.6951631	265.56055
1.6957256	255.7437
1.696288	242.64117
1.6968504	252.69398
1.6974128	276.63208
1.6979753	253.91017
1.6985377	264.92236
1.6991001	262.55289
1.6996626	271.00089
1.700225	268.60214
1.7007874	267.01248
1.7013499	281.78546
1.7019123	254.77745
1.7024747	265.90833
1.7030371	261.87659
1.7035996	269.15829
1.704162	265.10248
1.7047244	272.13544
1.7052869	288.06693
1.7058493	275.29059
1.7064117	285.19858
1.7069741	293.13266
1.7075366	307.57544
1.708099	293.70764
1.7086614	300.48578
1.7092239	298.71304
1.7097863	293.97305
1.7103487	307.52933
1.7109112	299.61639
1.7114736	314.6113
1.712036	305.90793
1.7125984	317.78467
1.7131609	299.20792
1.7137233	314.19421
1.7142857	296.06387
1.7148482	331.29935
1.7154106	309.04401
1.715973	317.62384
1.7165354	311.35239
1.7170979	302.76968
1.7176603	311.28598
1.7182227	335.93643
1.7187852	327.34775
1.7193476	343.06607
1.71991	339.91898
1.7204725	317.32715
1.7210349	328.14633
1.7215973	323.58542
1.7221597	342.84888
1.7227222	349.37283
1.7232846	346.6879
1.723847	355.48547
1.7244095	354.37082
1.7249719	357.42557
1.7255343	376.25821
1.7260967	347.62912
1.7266592	369.98318
1.7272216	385.56741
1.727784	369.94958
1.7283465	371.82339
1.7289089	376.58743
1.7294713	379.54965
1.7300338	402.18353
1.7305962	404.59235
1.7311586	395.56082
1.731721	394.27261
1.7322835	401.72827
1.7328459	399.76163
1.7334083	408.01437
1.7339708	410.37375
1.7345332	409.09464
1.7350956	403.87793
1.735658	410.44275
1.7362205	410.83713
1.7367829	413.04639
1.7373453	416.20786
1.7379078	418.40158
1.7384702	418.12851
1.7390326	416.66043
1.7395951	421.81638
1.7401575	420.17303
1.7407199	433.15909
1.7412823	416.91708
1.7418448	444.58749
1.7424072	426.30463
1.7429696	449.1622
1.7435321	452.8522
1.7440945	480.04758
1.7446569	457.67871
1.7452193	461.54968
1.7457818	477.63498
1.7463442	488.47672
1.7469066	468.09805
1.7474691	496.97681
1.7480315	503.01266
1.7485939	489.745
1.7491564	514.672
1.7497188	528.69586
1.7502812	523.0459
1.7508436	517.33282
1.7514061	533.53473
1.7519685	533.19635
1.7525309	547.40228
1.7530934	541.87183
1.7536558	557.02161
1.7542182	541.20581
1.7547807	539.32294
1.7553431	574.70911
1.7559055	565.39465
1.7564679	578.25012
1.7570304	567.71448
1.7575928	599.18921
1.7581552	587.67297
1.7587177	576.38654
1.7592801	580.36011
1.7598425	607.36719
1.7604049	619.25439
1.7609674	606.51978
1.7615298	624.16931
1.7620922	602.15326
1.7626547	612.04059
1.7632171	651.45972
1.7637795	652.15216
1.764342	606.31042
1.7649044	645.98468
1.7654668	644.38831
1.7660292	680.45758
1.7665917	654.1615
1.7671541	672.71387
1.7677165	675.20844
1.768279	695.64667
1.7688414	646.09314
1.7694038	672.56769
1.7699662	683.05505
1.7705287	691.33087
1.7710911	705.96088
1.7716535	710.60571
1.772216	722.76422
1.7727784	737.21167
1.7733408	724.5824
1.7739033	727.83087
1.7744657	741.64435
1.7750281	751.57764
1.7755905	755.30597
1.776153	769.67908
1.7767154	769.17212
1.7772778	811.7688
1.7778403	797.02252
1.7784027	805.86621
1.7789651	841.31555
1.7795275	828.33606
1.78009	819.86987
1.7806524	828.87671
1.7812148	840.97906
1.7817773	865.336
1.7823397	884.72156
1.7829021	879.99567
1.7834646	878.1098
1.784027	911.81384
1.7845894	924.19116
1.7851518	926.75226
1.7857143	945.66205
1.7862767	931.66565
1.7868391	933.82446
1.7874016	967.24536
1.787964	954.90393
1.7885264	987.21716
1.7890888	1007.0574
1.7896513	995.04755
1.7902137	964.96033
1.7907761	1015.5941
1.7913386	1029.1688
1.791901	1001.5962
1.7924634	1030.1431
1.7930259	1036.8861
1.7935883	1044.9186
1.7941507	1085.4701
1.7947131	1097.144
1.7952756	1111.2979
1.795838	1102.1444
1.7964004	1090.9679
1.7969629	1120.3949
1.7975253	1119.649
1.7980877	1178.9424
1.7986501	1170.1708
1.7992126	1171.543
1.799775	1176.712
1.8003374	1224.0477
1.8008999	1276.4631
1.8014623	1294.566
1.8020247	1293.9849
1.8025872	1327.9849
1.8031496	1298.5634
1.803712	1309.5553
1.8042744	1340.006
1.8048369	1351.1277
1.8053993	1321.4916
1.8059617	1325.8315
1.8065242	1395.9019
1.8070866	1383.6949
1.807649	1412.4795
1.8082114	1423.8762
1.8087739	1404.8641
1.8093363	1391.422
1.8098987	1437.696
1.8104612	1462.6278
1.8110236	1457.2194
1.811586	1453.2073
1.8121485	1499.605
1.8127109	1490.1591
1.8132733	1531.5894
1.8138357	1532.2535
1.8143982	1555.9674
1.8149606	1569.1395
1.815523	1592.1921
1.8160855	1598.6622
1.8166479	1616.3593
1.8172103	1624.8698
1.8177727	1679.701
1.8183352	1727.4045
1.8188976	1716.9855
1.81946	1744.6083
1.8200225	1777.2279
1.8205849	1782.2523
1.8211473	1833.5126
1.8217098	1863.3464
1.8222722	1883.0162
1.8228346	1872.2129
1.823397	1938.6113
1.8239595	1967.7891
1.8245219	1988.1644
1.8250843	2034.5769
1.8256468	2056.6365
1.8262092	2042.2133
1.8267716	2078.3398
1.827334	2123.8955
1.8278965	2143.96
1.8284589	2162.0964
1.8290213	2191.5254
1.8295838	2244.3743
1.8301462	2244.1448
1.8307086	2214.5559
1.8312711	2273.1587
1.8318335	2301.6687
1.8323959	2302.0789
1.8329583	2337.1047
1.8335208	2393.8723
1.8340832	2423.2173
1.8346456	2410.5435
1.8352081	2419.8101
1.8357705	2449.0291
1.8363329	2505.4292
1.8368953	2530.8386
1.8374578	2572.564
1.8380202	2590.46
1.8385826	2676.7837
1.8391451	2674.1294
1.8397075	2757.9685
1.8402699	2795.3484
1.8408324	2827.5815
1.8413948	2873.4346
1.8419572	2931.2634
1.8425196	2978.4536
1.8430821	2999.2734
1.8436445	3026.615
1.8442069	3102.9038
1.8447694	3152.0417
1.8453318	3182.8359
1.8458942	3227.6858
1.8464566	3284.1143
1.8470191	3301.1772
1.8475815	3375.3938
1.8481439	3416.7747
1.8487064	3445.3577
1.8492688	3457.2947
1.8498312	3550.5986
1.8503937	3521.0002
1.8509561	3623.0288
1.8515185	3653.9128
1.8520809	3675.49
1.8526434	3738.3911
1.8532058	3744.865
1.8537682	3772.3821
1.8543307	3844.9124
1.8548931	3893.8049
1.8554555	3917.2507
1.8560179	3989.2327
1.8565804	4047.1404
1.8571428	4106.8574
1.8577052	4068.1042
1.8582677	4126.793
1.8588301	4221.3428
1.8593925	4273.939
1.859955	4339.8823
1.8605174	4408.3853
1.8610798	4467.7773
1.8616422	4566.1685
1.8622047	4657.6382
1.8627671	4763.6162
1.8633295	4750.0874
1.863892	4811.2554
1.8644544	4916.8496
1.8650168	4987.248
1.8655792	5085.3975
1.8661417	5202.1572
1.8667041	5276.8247
1.8672665	5310.7275
1.867829	5376.1846
1.8683914	5472.8916
1.8689538	5596.0151
1.8695163	5642.7065
1.8700787	5757.8853
1.8706411	5831.1851
1.8712035	5986.4146
1.871766	6008.3857
1.8723284	6135.5151
1.8728908	6178.5239
1.8734533	6171.3984
1.8740157	6277.7153
1.8745781	6382.1973
1.8751407	6458.8262
1.8757031	6477.3584
1.8762655	6543.4507
1.876828	6617.7354
1.8773904	6702.9658
1.8779528	6857.8384
1.8785152	6927.4878
1.8790777	7039.3877
1.8796401	7126.0215
1.8802025	7232.5615
1.880765	7425.2271
1.8813274	7396.9897
1.8818898	7530.4805
1.8824522	7700.6191
1.8830147	7781.2603
1.8835771	8006.0703
1.8841395	8142.1191
1.884702	8227.4648
1.8852644	8308.3809
1.8858268	8486.3135
1.8863893	8601.2275
1.8869517	8740.3535
1.8875141	8918.0176
1.8880765	9024.6201
1.888639	9145.2715
1.8892014	9371.1465
1.8897638	9445.9541
1.8903263	9465.9268
1.8908887	9558.3682
1.8914511	9786.3682
1.8920135	9870.1377
1.892576	9954.3594
1.8931384	10092.702
1.8937008	10188.634
1.8942633	10320.387
1.8948257	10365.37
1.8953881	10425.162
1.8959506	10611.968
1.896513	10723.38
1.8970754	10769.286
1.8976378	10847.678
1.8982003	10818.594
1.8987627	10920.713
1.8993251	11021.343
1.8998876	11135.276
1.90045	11217.532
1.9010124	11284.968
1.9015749	11475.838
1.9021373	11687.623
1.9026997	11671.553
1.9032621	11752.447
1.9038246	11953.855
1.904387	12001.145
1.9049494	12275.783
1.9055119	12264.605
1.9060743	12366.736
1.9066367	12442.872
1.9071991	12664.967
1.9077616	12768.68
1.908324	12801.655
1.9088864	12852.814
1.9094489	12995.587
1.9100113	13157.776
1.9105737	13278.127
1.9111362	13350.209
1.9116986	13436.589
1.912261	13373.902
1.9128234	13388.067
1.9133859	13455.462
1.9139483	13446.164
1.9145107	13501.759
1.9150732	13586.525
1.9156356	13514.729
1.916198	13402.476
1.9167604	13551.92
1.9173229	13442.475
1.9178853	13303.215
1.9184477	13303.53
1.9190102	13401.014
1.9195726	13257.471
1.920135	13330.937
1.9206975	13286.803
1.9212599	13340.074
1.9218223	13274.588
1.9223847	13398.779
1.9229472	13280.997
1.9235096	13271.102
1.924072	13282.956
1.9246345	13343.605
1.9251969	13302.314
1.9257593	13359.615
1.9263217	13266.908
1.9268842	13397.236
1.9274466	13434.134
1.928009	13401.766
1.9285715	13336.74
1.9291339	13336.149
1.9296963	13249.252
1.9302588	13268.849
1.9308212	13228.472
1.9313836	12971.884
1.931946	12890.209
1.9325085	12949.512
1.9330709	12830.651
1.9336333	12695.456
1.9341958	12587.183
1.9347582	12394.198
1.9353206	12209.938
1.935883	11935.842
1.9364455	11832.308
1.9370079	11731.896
1.9375703	11500.237
1.9381328	11373.345
1.9386952	11208.964
1.9392576	11081.268
1.9398201	10936.193
1.9403825	10814.508
1.9409449	10718.763
1.9415073	10494.791
1.9420698	10429.949
1.9426322	10288.104
1.9431946	10284.928
1.9437571	10086.617
1.9443195	10031.169
1.9448819	9999.0078
1.9454443	9842.1309
1.9460068	9719.6533
1.9465692	9765.8076
1.9471316	9452.0283
1.9476941	9503.9668
1.9482565	9334.0215
1.9488189	9167.1436
1.9493814	9080.2344
1.9499438	8945.8105
1.9505062	8770.5547
1.9510686	8706.4326
1.9516311	8520.3076
1.9521935	8376.5869
1.9527559	8054.4199
1.9533184	7982.0215
1.9538808	7904.7852
1.9544432	7738.1748
1.9550056	7554.3472
1.9555681	7383.6533
1.9561305	7191.082
1.9566929	7096.6987
1.9572554	6909.0703
1.9578178	6772.7524
1.9583802	6583.4072
1.9589427	6434.4619
1.9595051	6342.0176
1.9600675	6198.3931
1.9606299	6049.3564
1.9611924	5929.6885
1.9617548	5815.4429
1.9623172	5728.4287
1.9628797	5625.8735
1.9634421	5515.877
1.9640045	5445.2744
1.9645669	5356.103
1.9651294	5249.8896
1.9656918	5164.9102
1.9662542	5081.2261
1.9668167	5021.5303
1.9673791	4968.1021
1.9679415	4900.9268
1.968504	4748.749
1.9690664	4696.1016
1.9696288	4644.96
1.9701912	4527.23
1.9707537	4419.8027
1.9713161	4325.1045
1.9718785	4328.9604
1.972441	4206.9321
1.9730034	4083.6587
1.9735658	4073
1.9741282	3990.583
1.9746907	3922.8669
1.9752531	3832.9583
1.9758155	3699.8196
1.976378	3635.4695
1.9769404	3546.7219
1.9775028	3468.197
1.9780653	3398.1123
1.9786277	3318.7268
1.9791901	3273.332
1.9797525	3224.5583
1.980315	3100.7329
1.9808774	2983.4924
1.9814398	2952.3506
1.9820023	2917.2803
1.9825647	2881.8027
1.9831271	2791.488
1.9836895	2747.9492
1.984252	2675.7976
1.9848144	2591.8015
1.9853768	2485.3303
1.9859393	2452.7402
1.9865017	2453.4446
1.9870641	2401.3291
1.9876266	2354.8396
1.988189	2335.5144
1.9887514	2280.2832
1.9893138	2237.3596
1.9898763	2229.7397
1.9904387	2191.0054
1.9910011	2143.2898
1.9915636	2099.519
1.992126	2034.1046
1.9926884	2009.9316
1.9932508	1979.771
1.9938133	1957.7336
1.9943757	1903.7986
1.9949381	1909.3395
1.9955006	1871.7008
1.996063	1810.077
1.9966254	1843.8263
1.9971879	1775.386
1.9977503	1732.5411
1.9983127	1708.3749
1.9988751	1712.7268
1.9994376	1653.4536
2	1608.8417
2.0005624	1596.2018
2.0011249	1551.387
2.0016873	1511.182
2.0022497	1484.9579
2.0028121	1483.1693
2.0033746	1409.701
2.003937	1415.2604
2.0044994	1394.7555
2.0050619	1357.194
2.0056243	1324.8108
2.0061867	1300.005
2.0067492	1273.9871
2.0073116	1265.6199
2.007874	1240.7325
2.0084364	1191.3081
2.0089989	1164.4706
2.0095613	1172.3367
2.0101237	1163.7668
2.0106862	1124.116
2.0112486	1088.406
2.011811	1075.3259
2.0123734	1059.5992
2.0129359	1067.8915
2.0134983	1021.0209
2.0140607	996.00385
2.0146232	994.95801
2.0151856	1000.4929
2.015748	980.32214
2.0163105	959.27576
2.0168729	958.57703
2.0174353	969.18646
2.0179977	995.16193
2.0185602	930.33038
2.0191226	965.74683
2.019685	918.91571
2.0202475	897.07086
2.0208099	896.33295
2.0213723	895.61145
2.0219347	887.06305
2.0224972	873.57678
2.0230596	847.44867
2.023622	830.41003
2.0241845	842.8103
2.0247469	843.71283
2.0253093	835.5799
2.0258718	812.72791
2.0264342	787.19562
2.0269966	785
2.027559	778.30078
2.0281215	810.70251
2.0286839	795.68542
2.0292463	768.10309
2.0298088	755.27063
2.0303712	739.74921
2.0309336	742.80151
2.031496	735.20947
2.0320585	712.27118
2.0326209	729.49017
2.0331833	716.94983
2.0337458	721.32117
2.0343082	718.90442
2.0348706	700.30322
2.0354331	687.44525
2.0359955	699.16278
2.0365579	698.09479
2.0371203	637.00702
2.0376828	657.6037
2.0382452	635.0683
2.0388076	633.14197
2.0393701	649.68616
2.0399325	649.73328
2.0404949	648.67285
2.0410573	659.58539
2.0416198	660.35468
2.0421822	639.23157
2.0427446	632.80054
2.0433071	626.3775
2.0438695	633.54767
2.0444319	635.67822
2.0449944	632.32654
2.0455568	636.03467
2.0461192	624.33441
2.0466816	600.97485
2.0472441	600.68127
2.0478065	629.36853
2.0483689	622.32727
2.0489314	616.08417
2.0494938	588.73511
2.0500562	593.4751
2.0506186	596.66058
2.0511811	590.94525
2.0517435	576.76099
2.0523059	573.22223
2.0528684	581.96222
2.0534308	556.57275
2.0539932	586.75946
2.0545557	564.12585
2.0551181	551.04144
2.0556805	541.48029
2.0562429	554.12244
2.0568054	555.75403
2.0573678	549.1203
2.0579302	568.75781
2.0584927	556.70679
2.0590551	577.02014
2.0596175	564.56061
2.0601799	572.82922
2.0607424	574.58655
2.0613048	569.60919
2.0618672	572.57013
2.0624297	580.81439
2.0629921	568.13489
2.0635545	547.95428
2.064117	537.41132
2.0646794	559.58154
2.0652418	556.1499
2.0658042	535.05554
2.0663667	532.36761
2.0669291	542.2254
2.0674915	520.56879
2.068054	518.34845
2.0686164	534.08679
2.0691788	536
2.0697412	525.09106
2.0703037	507.15311
2.0708661	494.44788
2.0714285	496.4259
2.071991	507.80936
2.0725534	499.99316
2.0731158	498.25092
2.0736783	492.04132
2.0742407	494.91995
2.0748031	493.64008
2.0753655	494.29776
2.075928	502.89169
2.0764904	498.82034
2.0770528	497.08514
2.0776153	502.77097
2.0781777	504.69113
2.0787401	517.81464
2.0793025	521.23694
2.079865	502.78537
2.0804274	482.29349
2.0809898	495.19037
2.0815523	504.69202
2.0821147	500.04532
2.0826771	490.10843
2.0832396	502.83704
2.083802	517.03766
2.0843644	504.42249
2.0849268	502.21484
2.0854893	505.65613
2.0860517	487.42233
2.0866141	490.87061
2.0871766	487.13574
2.087739	483.61441
2.0883014	494.2092
2.0888638	493.79468
2.0894263	478.36517
2.0899887	468.41138
2.0905511	464.7262
2.0911136	456.11734
2.091676	460.18192
2.0922384	480.56485
2.0928009	472.03156
2.0933633	487.40521
2.0939257	467.58173
2.0944881	465.32419
2.0950506	469.41086
2.095613	470.35526
2.0961754	468.13156
2.0967379	464.24988
2.0973003	472.75693
2.0978627	475.45175
2.0984251	462.18683
2.0989876	461.34723
2.09955	469.07071
2.1001124	458.81342
2.1006749	478.31631
2.1012373	461.01196
2.1017997	453.67749
2.1023622	458.13266
2.1029246	461.49939
2.103487	456.3913
2.1040494	453.90381
2.1046119	452.2146
2.1051743	440.20721
2.1057367	456.32571
2.1062992	452.76855
2.1068616	429.3345
2.107424	434.74915
2.1079865	448.21954
2.1085489	441.07162
2.1091113	451.04138
2.1096737	433.81137
2.1102362	418.32468
2.1107986	442.22745
2.111361	438.03143
2.1119235	428.84119
2.1124859	414.92542
2.1130483	408.49136
2.1136107	400.38562
2.1141732	389.66193
2.1147356	406.01962
2.115298	406.85583
2.1158605	414.60471
2.1164229	411.6821
2.1169853	408.52896
2.1175478	413.58679
2.1181102	416.11777
2.1186726	419.45087
2.119235	417.91278
2.1197975	406.43298
2.1203599	403.84686
2.1209223	413.88937
2.1214848	405.28024
2.1220472	415.24435
2.1226096	401.26712
2.123172	398.11212
2.1237345	409.21167
2.1242969	418.69412
2.1248593	397.98264
2.1254218	380.59442
2.1259842	389.47134
2.1265466	389.23132
2.1271091	382
2.1276715	382.68317
2.1282339	386.81161
2.1287963	386.21225
2.1293588	366.3931
2.1299212	363.18195
2.1304836	372.64828
2.1310461	367.10394
2.1316085	377.8042
2.1321709	368.03711
2.1327333	365.10657
2.1332958	370.12643
2.1338582	373.46405
2.1344206	359.21027
2.1349831	369.05652
2.1355455	367.04999
2.1361079	368.34653
2.1366704	367.83847
2.1372328	356.72372
2.1377952	347.71994
2.1383576	359.0368
2.1389201	354.45328
2.1394825	352.25598
2.1400449	358.79642
2.1406074	358.23813
2.1411698	368.02652
2.1417322	365.44446
2.1422946	359.74075
2.1428571	354.31952
2.1434195	348.39679
2.1439819	334.56339
2.1445444	325.78976
2.1451068	325.13489
2.1456692	331.49921
2.1462317	334.94119
2.1467941	308.96457
2.1473565	328.29434
2.1479189	315.08795
2.1484814	306.41364
2.1490438	314.90005
2.1496062	321.49084
2.1501687	301.27313
2.1507311	312.93912
2.1512935	309.52069
2.1518559	300.33484
2.1524184	318.09018
2.1529808	305.99274
2.1535432	296.58987
2.1541057	299.23334
2.1546681	303.72095
2.1552305	297.00797
2.155793	288.15768
2.1563554	277.91495
2.1569178	269.97839
2.1574802	273.34726
2.1580427	289.01877
2.1586051	281.79486
2.1591675	304.54901
2.15973	296.48685
2.1602924	287.90689
2.1608548	302.18683
2.1614172	282.9754
2.1619797	283.87073
2.1625421	271.03394
2.1631045	265.59192
2.163667	283.60873
2.1642294	294.78882
2.1647918	286.75253
2.1653543	270.7937
2.1659167	261.44363
2.1664791	267.91898
2.1670415	275.08676
2.167604	271.8345
2.1681664	271.95813
2.1687288	275.70712
2.1692913	278.73199
2.1698537	266.02783
2.1704161	243.99541
2.1709785	243.20279
2.171541	252.73412
2.1721034	248.12967
2.1726658	233.084
2.1732283	230.62935
2.1737907	228.05624
2.1743531	231.18356
2.1749156	257.96341
2.175478	242.16299
2.1760404	231.60583
2.1766028	237.37096
2.1771653	252.45204
2.1777277	239.83705
2.1782901	239
2.1788526	241.61427
2.179415	243.38014
2.1799774	239.78069
2.1805398	221.69501
2.1811023	222.34357
2.1816647	223.54578
2.1822271	224.19635
2.1827896	227.80989
2.183352	221.53596
2.1839144	220.59186
2.1844769	217.99738
2.1850393	215.05948
2.1856017	225.23436
2.1861641	204.30084
2.1867266	205.59752
2.187289	220.44334
2.1878514	233.19194
2.1884139	223.82465
2.1889763	205.04022
2.1895387	199.89394
2.1901011	208.68434
2.1906636	215.69823
2.191226	195.89032
2.1917884	194.22925
2.1923509	208.01979
2.1929133	226.58508
2.1934757	202.4978
2.1940382	195.47482
2.1946006	201.33568
2.195163	209.98108
2.1957254	201.45363
2.1962879	205.40099
2.1968503	207.50804
2.1974127	211.10451
2.1979752	218.38522
2.1985376	209.88016
2.1991	208
2.1996624	203.1297
2.2002249	194.2664
2.2007873	190.40804
2.2013497	195.51869
2.2019122	203.99046
2.2024746	206.37366
2.203037	190.99704
2.2035995	189.45772
2.2041619	184.67509
2.2047243	185.95552
2.2052867	196.45174
2.2058492	191.07465
2.2064116	177.71538
2.206974	176.48572
2.2075365	184.77444
2.2080989	173.2746
2.2086613	173.36247
2.2092237	174.44696
2.2097862	174.36308
2.2103486	172.06758
2.210911	170.51617
2.2114735	171.01234
2.2120359	172.81024
2.2125983	174.66512
2.2131608	167.03574
2.2137232	168.35509
2.2142856	164.89035
2.214848	153.0015
2.2154105	162.13901
2.2159729	163.39401
2.2165353	165.56702
2.2170978	170.38133
2.2176602	172.6613
2.2182226	163.29994
2.218785	159.62259
2.2193475	163.31334
2.2199099	169.38152
2.2204723	169.31923
2.2210348	173.82222
2.2215972	175.30652
2.2221596	157.14288
2.2227221	159.54372
2.2232845	155.42267
2.2238469	150.32291
2.2244093	154.85509
2.2249718	149.15593
2.2255342	152.33493
2.2260966	156.8042
2.2266591	153.03581
2.2272215	155.98509
2.2277839	159.99632
2.2283463	160.73184
2.2289088	154.00803
2.2294712	155.51201
2.2300336	151.94121
2.2305961	147.22485
2.2311585	144.89651
2.2317209	136.64563
2.2322834	143.1693
2.2328458	150.705
2.2334082	147.01625
2.2339706	148.51355
2.2345331	153.04083
2.2350955	154.72119
2.2356579	148
2.2362204	148
2.2367828	146.02077
2.2373452	142.3107
2.2379076	137.08507
2.2384701	142.86752
2.2390325	143.56386
2.2395949	141.1053
2.2401574	138.12677
2.2407198	147.26244
2.2412822	145.98151
2.2418447	141.7972
2.2424071	148.48834
2.2429695	149.68575
2.2435319	152.996
2.2440944	154.96059
2.2446568	146.06149
2.2452192	148.91634
2.2457817	148.6384
2.2463441	145.53671
2.2469065	148.4975
2.2474689	157.59584
2.2480314	156.64122
2.2485938	144.81552
2.2491562	143.33836
2.2497187	149.82838
2.2502813	155.61391
2.2508438	156.50986
2.2514062	148.40334
2.2519686	147.0363
2.2525311	149.27284
2.2530935	152.95418
2.2536559	149.36902
2.2542183	139.69478
2.2547808	134.51718
2.2553432	151.41443
2.2559056	149.67448
2.2564681	140.4222
2.2570305	130.58723
2.2575929	139.38402
2.2581553	143.39211
2.2587178	142.02612
2.2592802	136.50021
2.2598426	142.35201
2.2604051	140.32397
2.2609675	135.20795
2.2615299	130.09398
2.2620924	134.30019
2.2626548	144.92798
2.2632172	154.41795
2.2637796	147.85506
2.2643421	145.09973
2.2649045	139.66052
2.2654669	133.25517
2.2660294	143.44209
2.2665918	152.53311
2.2671542	156.64388
2.2677166	153.01129
2.2682791	153
2.2688415	161.09291
2.2694039	168.54906
2.2699664	158.39969
2.2705288	161.99673
2.2710912	168.83658
2.2716537	176.5808
2.2722161	182.36975
2.2727785	190.23425
2.2733409	198.66722
2.2739034	206.61485
2.2744658	207.68707
2.2750282	200.23335
2.2755907	189.26028
2.2761531	190.70265
2.2767155	186.99609
2.2772779	176.10698
2.2778404	157.06204
2.2784028	160.65918
2.2789652	160.1955
2.2795277	156.4684
2.2800901	150.00145
2.2806525	138.6857
2.281215	134.59616
2.2817774	139.15686
2.2823398	124.81642
2.2829022	126.18684
2.2834647	131.46095
2.2840271	125.73174
2.2845895	131.24113
2.285152	131.94441
2.2857144	126.21889
2.2862768	129.07657
2.2868392	130
2.2874017	132.36555
2.2879641	140.92818
2.2885265	133.2634
2.289089	132.38063
2.2896514	140.45642
2.2902138	132.62395
2.2907763	130.94644
2.2913387	134.21732
2.2919011	142.7541
2.2924635	140.35893
2.293026	140.53755
2.2935884	146.02728
2.2941508	146.73676
2.2947133	142.98511
2.2952757	138
2.2958381	138
2.2964005	141.43169
2.296963	143.1602
2.2975254	141.03625
2.2980878	143.78024
2.2986503	145.80389
2.2992127	146.67427
2.2997751	144.55606
2.3003376	146.60207
2.3009	145.61104
2.3014624	135.03256
2.3020248	142.26819
2.3025873	143.25429
2.3031497	136.44673
2.3037121	143.48433
2.3042746	141.93391
2.304837	134.67763
2.3053994	124.13696
2.3059618	135.99367
2.3065243	140.97969
2.3070867	124.83656
2.3076491	124
2.3082116	124
2.308774	123.79986
2.3093364	121.69923
2.3098989	125.66991
2.3104613	131
2.3110237	131
2.3115861	135.51839
2.3121486	136.62941
2.312711	130.34433
2.3132734	135.93724
2.3138359	137.21347
2.3143983	133.94542
2.3149607	133.24852
2.3155231	140.16774
2.3160856	149.28836
2.316648	150.6801
2.3172104	157.96286
2.3177729	166.07776
2.3183353	172.33138
2.3188977	163.077
2.3194602	157
2.3200226	156.97462
2.320585	154.89499
2.3211474	157.15813
2.3217099	162.26317
2.3222723	164.34097
2.3228347	162.63812
2.3233972	162.62579
2.3239596	173.69118
2.324522	163.97031
2.3250844	158.03995
2.3256469	169.77971
2.3262093	169.7635
2.3267717	177.317
2.3273342	195.93526
2.3278966	240.63971
2.328459	285.40674
2.3290215	330.34024
2.3295839	377.13492
2.3301463	395.75903
2.3307087	401.68985
2.3312712	421.61734
2.3318336	494.14841
2.332396	564.56348
2.3329585	577.60046
2.3335209	555.9469
2.3340833	507.62524
2.3346457	425.40622
2.3352082	349.37753
2.3357706	278.272
2.336333	212.59215
2.3368955	178.30754
2.3374579	164.80525
2.3380203	169.66188
2.3385828	162.83409
2.3391452	163.59224
2.3397076	170.14
2.34027	179.68233
2.3408325	179.88947
2.3413949	177.50589
2.3419573	185.6756
2.3425198	196.27608
2.3430822	207.00516
2.3436446	215.1631
2.344207	213.84131
2.3447695	219.43156
2.3453319	247.25639
2.3458943	242.42975
2.3464568	249.2386
2.3470192	289.23318
2.3475816	302.94849
2.3481441	310.3685
2.3487065	313.75302
2.3492689	287.0329
2.3498313	272.82089
2.3503938	276.87762
2.3509562	254.72427
2.3515186	239.36528
2.3520811	231.82213
2.3526435	209.56104
2.3532059	190.14392
2.3537683	173.74602
2.3543308	167.68521
2.3548932	165.74992
2.3554556	166.66306
2.3560181	161.95581
2.3565805	151.35512
2.3571429	137.86971
2.3577054	136.52669
2.3582678	143.75282
2.3588302	154.36586
2.3593926	149.00145
2.3599551	144.89874
2.3605175	140.18979
2.3610799	126.79779
2.3616424	124.14732
2.3622048	128.57809
2.3627672	139.27956
2.3633296	134.28117
2.3638921	124.56232
2.3644545	134.58073
2.3650169	128.32948
2.3655794	116.10683
2.3661418	116.77379
2.3667042	125.36687
2.3672667	136.32005
2.3678291	138.31808
2.3683915	139.43832
2.3689539	139.68893
2.3695164	137.69429
2.3700788	136.13383
2.3706412	135.8764
2.3712037	141.85361
2.3717661	147.40134
2.3723285	151.46883
2.3728909	147.48962
2.3734534	146.41458
2.3740158	147.30853
2.3745782	149.95612
2.3751407	146.59105
2.3757031	140.24989
2.3762655	142.8945
2.376828	139.38649
2.3773904	131.95499
2.3779528	131.29494
2.3785152	135.01509
2.3790777	141.60242
2.3796401	131.05351
2.3802025	126.68616
2.380765	128.00661
2.3813274	130.64015
2.3818898	130.09105
2.3824522	126.14403
2.3830147	122.83438
2.3835771	120.70977
2.3841395	120.05267
2.384702	112.75486
2.3852644	112.41859
2.3858268	123.5676
2.3863893	126.71375
2.3869517	123.92151
2.3875141	112.12978
2.3880765	112.14472
2.388639	113.23823
2.3892014	110.6222
2.3897638	109.00391
2.3903263	105.72806
2.3908887	95.928825
2.3914511	97.573936
2.3920135	102.67078
2.392576	100.71418
2.3931384	111.58627
2.3937008	130.94376
2.3942633	160.25217
2.3948257	229.24384
2.3953881	327.4541
2.3959506	379.47177
2.396513	453.43481
2.3970754	550.23773
2.3976378	619.84296
2.3982003	690.93597
2.3987627	766.17499
2.3993251	932.76782
2.3998876	1101.7524
2.40045	1247.4897
2.4010124	1293.2111
2.4015749	1366.1757
2.4021373	1613.266
2.4026997	1708.7212
2.4032621	1649.0039
2.4038246	1074.599
2.404387	666.24878
2.4049494	375.27084
2.4055119	199.21635
2.4060743	84.945259
2.4066367	32.723587
2.4071991	19.012438
2.4077616	11.491422
2.408324	10.204108
2.4088864	12.165228
2.4094489	13.631176
2.4100113	12.345968
2.4105737	11.061271
2.4111362	9.7768831
2.4116986	8.4930725
2.412261	8
2.4128234	8
2.4133859	8
2.4139483	8
2.4145107	8
2.4150732	9.1956501
2.4156356	9.0493364
2.416198	6.4921536
2.4167604	6
2.4173229	6
2.4178853	6
2.4184477	7.7257166
2.4190102	9.5833645
2.4195726	5.7589908
2.420135	5.0324125
2.4206975	6.9440827
2.4212599	8.236167
2.4218223	8.7454834
2.4223847	8.1094627
2.4229472	8
2.4235096	7.6763568
2.424072	6.4060283
2.4246345	6.8640685
2.4251969	8.0669374
2.4257593	8.7010775
2.4263217	9
2.4268842	9
2.4274466	6.5907493
2.428009	5.4710379
2.4285715	6.7365971
2.4291339	6.4991913
2.4296963	5.8668585
2.4302588	5.2349267
2.4308212	5
2.4313836	5.0283632
2.431946	5.6594496
2.4325085	5.419394
2.4330709	4.1582332
2.4336333	4
2.4341958	3.8190479
2.4347582	3.1894772
2.4353206	3
2.435883	3
2.4364455	3
2.4370079	4.304615
2.4375703	6.8168635
2.4381328	6.4178772
2.4386952	6
2.4392576	6
2.4398201	4.1439919
2.4403825	2.8174107
2.4409449	8.4549599
2.4415073	8.9394217
2.4420698	5.1830502
2.4426322	6.1898441
2.4431946	7.2201447
2.4437571	7.845046
2.4443195	6.1212077
2.4448819	4.1884365
2.4454443	5.4369159
2.4460068	4.2883253
2.4465692	1.1704277
2.4471316	2.7670805
2.4476941	4.4240003
2.4482565	5.6695132
2.4488189	6.9143019
2.4493814	7.7620072
2.4499438	5.8971844
2.4505062	5
2.4510686	5
2.4516311	6.6942616
2.4521935	7.4436612
2.4527559	5.5822711
2.4533184	4.1479268
2.4538808	3.1378868
2.4544432	4.9958558
2.4550056	6
2.4555681	6
2.4561305	4.4334927
2.4566929	3
2.4572554	3
2.4578178	3.7529209
2.4583802	4.9879999
2.4589427	4.3886204
2.4595051	4
2.4600675	4
2.4606299	5.845921
2.4611924	8
2.4617548	8
2.4623172	6.7646441
2.4628797	4.3035059
2.4634421	5.0782537
2.4640045	5.692059
2.4645669	4.4630928
2.4651294	4.3825383
2.4656918	4.9963818
2.4662542	6.2201338
2.4668167	5.882699
2.4673791	2.8182652
2.4679415	2.898001
2.468504	3.8154368
2.4690664	1.979162
2.4696288	1.8566685
2.4701912	3.6919911
2.4707537	5.5257306
2.4713161	7.1196551
2.4718785	7.7304788
2.472441	6.6358495
2.4730034	4.1944509
2.4735658	4.5611563
2.4741282	5.1708312
2.4746907	5.7803917
2.4752531	6
2.4758155	6
2.476378	3.5722268
2.4769404	3.2914233
2.4775028	6.9393635
2.4780653	5.8455796
2.4786277	3.115124
2.4791901	4.9362779
2.4797525	6
2.480315	6
2.4808774	5.0693069
2.4814398	3.9285748
2.4820023	3.3227706
2.4825647	3.282743
2.4831271	3.8879254
2.4836895	4
2.484252	4.2929564
2.4848144	6.1061778
2.4853768	6.387538
2.4859393	5.1796517
2.4865017	4.4862776
2.4870641	4
2.4876266	4
2.488189	4
2.4887514	4
2.4893138	4.5276027
2.4898763	4.6112099
2.4904387	2.8063123
2.4910011	2.3326073
2.4915636	2.9337797
2.492126	3
2.4926884	3.1354082
2.4932508	3.7356629
2.4938133	4.3356614
2.4943757	4.9354582
2.4949381	3.9303052
2.4955006	3.6705949
2.496063	6.665772
2.4966254	7.3362942
2.4971879	6.1394396
2.4977503	4.9433889
2.4983127	3.8737862
2.4988751	3.2761166
2.4994376	4.6061368
2.5	7.5914588
