1.5	1309.1461
1.5005624	1321.7054
1.5011249	1313.2733
1.5016873	1318.7977
1.5022497	1309.853
1.5028121	1306.7161
1.5033746	1319.4259
1.503937	1309.6293
1.5044994	1315.6074
1.5050619	1297.3156
1.5056243	1303.5994
1.5061867	1303.2524
1.5067492	1300.7931
1.5073116	1295.9144
1.507874	1300.0067
1.5084364	1298.5968
1.5089989	1293.059
1.5095613	1291.3894
1.5101237	1288.3315
1.5106862	1289.1282
1.5112486	1287.6042
1.511811	1284.3035
1.5123734	1289.8301
1.5129359	1290.0978
1.5134983	1278.4276
1.5140607	1288.557
1.5146232	1277.5236
1.5151856	1278.1873
1.515748	1273.547
1.5163105	1273.6396
1.5168729	1263.6532
1.5174353	1267.6914
1.5179977	1284.5857
1.5185602	1267.4724
1.5191226	1274.1732
1.519685	1255.2948
1.5202475	1264.6118
1.5208099	1271.8757
1.5213723	1260.188
1.5219347	1261.9701
1.5224972	1260.9723
1.5230596	1261.0472
1.523622	1258.9725
1.5241845	1258.7574
1.5247469	1263.0968
1.5253093	1253.0122
1.5258718	1260.1238
1.5264342	1251.8409
1.5269966	1243.7621
1.527559	1249.8793
1.5281215	1242.8854
1.5286839	1247.8063
1.5292463	1239.0161
1.5298088	1248.3729
1.5303712	1236.4088
1.5309336	1234.6064
1.531496	1231.161
1.5320585	1232.1339
1.5326209	1228.2515
1.5331833	1235.238
1.5337458	1234.7256
1.5343082	1224.4865
1.5348706	1234.9091
1.5354331	1224.3076
1.5359955	1223.358
1.5365579	1227.5841
1.5371203	1213.2148
1.5376828	1217.1555
1.5382452	1215.6587
1.5388076	1213.3729
1.5393701	1224.8949
1.5399325	1213.6107
1.5404949	1220.1725
1.5410573	1218.3816
1.5416198	1209.2915
1.5421822	1209.9302
1.5427446	1213.5426
1.5433071	1213.6776
1.5438695	1206.186
1.5444319	1204.8671
1.5449944	1200.8624
1.5455568	1199.7894
1.5461192	1207.3276
1.5466816	1211.8364
1.5472441	1196.7614
1.5478065	1198.2861
1.5483689	1195.8468
1.5489314	1188.8789
1.5494938	1203.2279
1.5500562	1190.6119
1.5506186	1199.9406
1.5511811	1187.8433
1.5517435	1191.2955
1.5523059	1187.9939
1.5528684	1174.7175
1.5534308	1186.3527
1.5539932	1181.1559
1.5545557	1187.197
1.5551181	1183.4066
1.5556805	1176.463
1.5562429	1173.2034
1.5568054	1167.8656
1.5573678	1174.1046
1.5579302	1174.0339
1.5584927	1172.323
1.5590551	1170.0557
1.5596175	1167.6117
1.5601799	1166.7992
1.5607424	1174.073
1.5613048	1172.4873
1.5618672	1163.4539
1.5624297	1154.6742
1.5629921	1158.7732
1.5635545	1161.0797
1.564117	1162.5669
1.5646794	1160.7913
1.5652418	1157.6001
1.5658042	1160.8745
1.5663667	1155.2188
1.5669291	1163.8724
1.5674915	1155.7238
1.568054	1155.5577
1.5686164	1152.3276
1.5691788	1150.1743
1.5697412	1156.2955
1.5703037	1148.3871
1.5708661	1152.8705
1.5714285	1145.4434
1.571991	1151.9442
1.5725534	1138.6324
1.5731158	1150.356
1.5736783	1151.6831
1.5742407	1141.4214
1.5748031	1140.0112
1.5753655	1139.979
1.575928	1138.8044
1.5764904	1131.2488
1.5770528	1134.9641
1.5776153	1139.1792
1.5781777	1132.0031
1.5787401	1125.3837
1.5793025	1133.3811
1.579865	1128.9045
1.5804274	1131.9259
1.5809898	1128.6259
1.5815523	1122.3293
1.5821147	1129.2861
1.5826771	1133.438
1.5832396	1114.4326
1.583802	1126.984
1.5843644	1136.8164
1.5849268	1129.9279
1.5854893	1120.0032
1.5860517	1139.8655
1.5866141	1128.8314
1.5871766	1114.5868
1.587739	1116.8722
1.5883014	1126.0483
1.5888638	1114.8969
1.5894263	1118.9667
1.5899887	1113.3073
1.5905511	1116.6722
1.5911136	1118.3971
1.591676	1111.6864
1.5922384	1121.3077
1.5928009	1105.2068
1.5933633	1122.028
1.5939257	1113.3151
1.5944881	1125.0721
1.5950506	1108.9126
1.595613	1122.4978
1.5961754	1106.3478
1.5967379	1100.5636
1.5973003	1102.3364
1.5978627	1107.0293
1.5984251	1099.092
1.5989876	1110.3307
1.59955	1097.8909
1.6001124	1091.4436
1.6006749	1111.8511
1.6012373	1092.3923
1.6017997	1104.5464
1.6023622	1109.2205
1.6029246	1102.7209
1.603487	1104.4213
1.6040494	1104.2267
1.6046119	1107.7107
1.6051743	1097.8872
1.6057367	1100.2979
1.6062992	1088.7776
1.6068616	1099.4823
1.607424	1094.8739
1.6079865	1099.0231
1.6085489	1092.8804
1.6091113	1098.4766
1.6096737	1096.6371
1.6102362	1108.064
1.6107986	1113.0887
1.611361	1098.6045
1.6119235	1109.6163
1.6124859	1111.7888
1.6130483	1093.8489
1.6136107	1092.1034
1.6141732	1095.9917
1.6147356	1102.4504
1.615298	1103.3567
1.6158605	1103.0734
1.6164229	1086.8805
1.6169853	1097.864
1.6175478	1100.0378
1.6181102	1087.7693
1.6186726	1082.9907
1.619235	1100.5306
1.6197975	1093.9685
1.6203599	1098.4402
1.6209223	1096.7069
1.6214848	1095.2542
1.6220472	1089.886
1.6226096	1102.0636
1.623172	1095.9878
1.6237345	1093.7666
1.6242969	1095.4409
1.6248593	1099.1926
1.6254219	1077.5101
1.6259843	1085.8298
1.6265467	1103.2095
1.6271092	1087.3202
1.6276716	1091.2708
1.628234	1100.5013
1.6287965	1094.6196
1.6293589	1081.7577
1.6299213	1085.0142
1.6304837	1095.2928
1.6310462	1105.3662
1.6316086	1103.0576
1.632171	1108.7063
1.6327335	1097.9349
1.6332959	1083.4686
1.6338583	1112.8887
1.6344208	1110.7074
1.6349832	1096.0498
1.6355456	1090.3517
1.636108	1135.5228
1.6366705	1105.8508
1.6372329	1100.0974
1.6377953	1104.7528
1.6383578	1098.267
1.6389202	1110.3334
1.6394826	1092.899
1.640045	1102.9478
1.6406075	1104.2892
1.6411699	1085.9084
1.6417323	1081.934
1.6422948	1098.1793
1.6428572	1102.2561
1.6434196	1107.4718
1.6439821	1109.4891
1.6445445	1101.2112
1.6451069	1119.2773
1.6456693	1126.4541
1.6462318	1120.9288
1.6467942	1113.7972
1.6473566	1104.9597
1.6479191	1122.6503
1.6484815	1121.7111
1.6490439	1153.3256
1.6496063	1100.0276
1.6501688	1121.3052
1.6507312	1135.579
1.6512936	1123.4294
1.6518561	1125.3956
1.6524185	1117.0503
1.6529809	1132.7372
1.6535434	1140.2495
1.6541058	1122.5093
1.6546682	1126.8076
1.6552306	1133.0044
1.6557931	1136.2749
1.6563555	1117.6449
1.6569179	1138.2251
1.6574804	1153.8691
1.6580428	1126.8832
1.6586052	1114.2246
1.6591676	1116.45
1.6597301	1135.1494
1.6602925	1126.2284
1.6608549	1137.6962
1.6614174	1121.2493
1.6619798	1124.7117
1.6625422	1122.2084
1.6631047	1152.6011
1.6636671	1152.0251
1.6642295	1131.53
1.6647919	1150.3761
1.6653544	1143.1749
1.6659168	1148.8077
1.6664792	1161.7648
1.6670417	1166.9578
1.6676041	1155.5876
1.6681665	1163.959
1.6687289	1167.9604
1.6692914	1167.3898
1.6698538	1171.4584
1.6704162	1170.5295
1.6709787	1173.8912
1.6715411	1185.7455
1.6721035	1180.0533
1.672666	1203.8021
1.6732284	1191.8147
1.6737908	1179.2974
1.6743532	1184.9451
1.6749157	1178.2305
1.6754781	1175.2841
1.6760405	1183.269
1.676603	1162.3518
1.6771654	1206.7168
1.6777278	1179.8525
1.6782902	1183.0603
1.6788527	1186.4434
1.6794151	1193.6782
1.6799775	1185.2343
1.68054	1197.3757
1.6811024	1206.9369
1.6816648	1192.7683
1.6822273	1226.509
1.6827897	1207.6047
1.6833521	1214.2616
1.6839145	1205.4686
1.684477	1229.2926
1.6850394	1232.6771
1.6856018	1235.0294
1.6861643	1237.7378
1.6867267	1234.9647
1.6872891	1245.1644
1.6878515	1224.9731
1.688414	1257.6278
1.6889764	1255.5062
1.6895388	1260.7612
1.6901013	1259.8813
1.6906637	1259.0913
1.6912261	1271.4147
1.6917886	1274.053
1.692351	1289.1145
1.6929134	1301.3097
1.6934758	1290.54
1.6940383	1267.2736
1.6946007	1309.3347
1.6951631	1292.2108
1.6957256	1278.6785
1.696288	1296.8192
1.6968504	1295.4045
1.6974128	1305.2374
1.6979753	1302.8708
1.6985377	1300.7224
1.6991001	1309.0846
1.6996626	1288.6139
1.700225	1318.6736
1.7007874	1316.2997
1.7013499	1352.793
1.7019123	1303.787
1.7024747	1348.9526
1.7030371	1348.4587
1.7035996	1341.2666
1.704162	1342.938
1.7047244	1357.3744
1.7052869	1357.0599
1.7058493	1354.6003
1.7064117	1360.5491
1.7069741	1364.8699
1.7075366	1375.262
1.708099	1390.0077
1.7086614	1366.5328
1.7092239	1383.6218
1.7097863	1406.2809
1.7103487	1421.7029
1.7109112	1414.3289
1.7114736	1433.9198
1.712036	1414.7609
1.7125984	1425.156
1.7131609	1424.4219
1.7137233	1467.8588
1.7142857	1423.6908
1.7148482	1411.0005
1.7154106	1431.6224
1.715973	1427.6592
1.7165354	1429.4058
1.7170979	1444.3489
1.7176603	1456.817
1.7182227	1458.3838
1.7187852	1477.7174
1.7193476	1481.4886
1.71991	1489.1926
1.7204725	1495.0193
1.7210349	1497.639
1.7215973	1518.8964
1.7221597	1522.2657
1.7227222	1537.3529
1.7232846	1552.9229
1.723847	1537.2931
1.7244095	1573.6519
1.7249719	1554.575
1.7255343	1570.8708
1.7260967	1585.1975
1.7266592	1622.8536
1.7272216	1629.1874
1.727784	1640.0712
1.7283465	1639.0432
1.7289089	1630.0931
1.7294713	1678.8577
1.7300338	1650.6722
1.7305962	1706.2881
1.7311586	1685.176
1.731721	1657.3948
1.7322835	1678.521
1.7328459	1682.287
1.7334083	1686.7469
1.7339708	1711.536
1.7345332	1674.0479
1.7350956	1675.723
1.735658	1697.1101
1.7362205	1722.1444
1.7367829	1690.2745
1.7373453	1705.9414
1.7379078	1717.6995
1.7384702	1732.1445
1.7390326	1749.6635
1.7395951	1722.3411
1.7401575	1736.8666
1.7407199	1745.2349
1.7412823	1795.6768
1.7418448	1802.7494
1.7424072	1797.3757
1.7429696	1818.3674
1.7435321	1836.3036
1.7440945	1857.7548
1.7446569	1870.1785
1.7452193	1862.0459
1.7457818	1860.9735
1.7463442	1923.322
1.7469066	1921.9404
1.7474691	1963.536
1.7480315	1976.9022
1.7485939	1968.6846
1.7491564	1985.4608
1.7497188	2006.7848
1.7502812	2009.3192
1.7508436	2041.0363
1.7514061	2085.8013
1.7519685	2058.9949
1.7525309	2064.4792
1.7530934	2090.8445
1.7536558	2111.3516
1.7542182	2123.5256
1.7547807	2114.3989
1.7553431	2195.7036
1.7559055	2169.1506
1.7564679	2156.1206
1.7570304	2148.5295
1.7575928	2186.1443
1.7581552	2204.1589
1.7587177	2228.6655
1.7592801	2205.2744
1.7598425	2234.8882
1.7604049	2261.4363
1.7609674	2261.4536
1.7615298	2261.4846
1.7620922	2290.4402
1.7626547	2343.8635
1.7632171	2334.4604
1.7637795	2340.6069
1.764342	2439.2766
1.7649044	2345.2341
1.7654668	2364.2566
1.7660292	2396.9597
1.7665917	2435.8789
1.7671541	2455.5166
1.7677165	2447.7021
1.768279	2511.8586
1.7688414	2492.8403
1.7694038	2543.0459
1.7699662	2525.6201
1.7705287	2516.8367
1.7710911	2563.4443
1.7716535	2608.3545
1.772216	2611.0117
1.7727784	2630.6182
1.7733408	2689.6504
1.7739033	2677.2847
1.7744657	2705.2688
1.7750281	2730.3279
1.7755905	2773.9604
1.776153	2763.8638
1.7767154	2833.6599
1.7772778	2862.071
1.7778403	2826.9998
1.7784027	2912.7148
1.7789651	2933.6282
1.7795275	2921.4692
1.78009	2981.6458
1.7806524	2990.2913
1.7812148	3026.0396
1.7817773	3026.3462
1.7823397	3083.7554
1.7829021	3088.0796
1.7834646	3101.6169
1.784027	3173.4272
1.7845894	3169.4543
1.7851518	3167.3167
1.7857143	3236.2588
1.7862767	3197.0901
1.7868391	3229.3308
1.7874016	3306.3628
1.787964	3319
1.7885264	3395.7625
1.7890888	3409.031
1.7896513	3375.6636
1.7902137	3376.5823
1.7907761	3418.3167
1.7913386	3427.145
1.791901	3422.8086
1.7924634	3510.6975
1.7930259	3566.9114
1.7935883	3581.5747
1.7941507	3644.8403
1.7947131	3683.5818
1.7952756	3692.6013
1.795838	3770.5564
1.7964004	3756.1021
1.7969629	3809.0276
1.7975253	3891.1174
1.7980877	3887.063
1.7986501	3909.7502
1.7992126	4057.3826
1.799775	4040.3489
1.8003374	4073.8716
1.8008999	4136.4238
1.8014623	4209.5938
1.8020247	4284.0293
1.8025872	4339.1787
1.8031496	4293.0854
1.803712	4339.7803
1.8042744	4403.3911
1.8048369	4432.2114
1.8053993	4429.5869
1.8059617	4487.3623
1.8065242	4563.8955
1.8070866	4551.8755
1.807649	4531.5391
1.8082114	4632.6479
1.8087739	4558.9438
1.8093363	4634.9409
1.8098987	4678.4697
1.8104612	4679.5195
1.8110236	4711.437
1.811586	4728.6636
1.8121485	4790.5259
1.8127109	4898.312
1.8132733	4889.6245
1.8138357	4946.5747
1.8143982	4971.2134
1.8149606	5015.1016
1.815523	5082.3149
1.8160855	5116.937
1.8166479	5260.8281
1.8172103	5329.7896
1.8177727	5367.4951
1.8183352	5423.2285
1.8188976	5501.6567
1.81946	5600.4629
1.8200225	5681.8516
1.8205849	5715.917
1.8211473	5842.9141
1.8217098	5942.8267
1.8222722	6013.21
1.8228346	6038.5259
1.823397	6092.9399
1.8239595	6206.1992
1.8245219	6351.9263
1.8250843	6423.0332
1.8256468	6434.0645
1.8262092	6583.7827
1.8267716	6587.6392
1.827334	6642.6196
1.8278965	6692.9092
1.8284589	6759.0366
1.8290213	6841.7412
1.8295838	6922.4277
1.8301462	6898.7856
1.8307086	6999.3784
1.8312711	7090.7139
1.8318335	7119.8955
1.8323959	7188.2607
1.8329583	7274.8047
1.8335208	7356.0884
1.8340832	7413.5034
1.8346456	7438.603
1.8352081	7588.6377
1.8357705	7627.3608
1.8363329	7751.7676
1.8368953	7836.8989
1.8374578	7905.9653
1.8380202	8029.208
1.8385826	8163.7114
1.8391451	8284.8857
1.8397075	8446.4248
1.8402699	8560.6846
1.8408324	8722.1641
1.8413948	8802.7197
1.8419572	8967.1533
1.8425196	9101.999
1.8430821	9168.0615
1.8436445	9263.2568
1.8442069	9446.4043
1.8447694	9611.5459
1.8453318	9772.7734
1.8458942	9780.1914
1.8464566	9969.9609
1.8470191	10060.254
1.8475815	10170.316
1.8481439	10272.13
1.8487064	10384.357
1.8492688	10508.771
1.8498312	10654.552
1.8503937	10745.682
1.8509561	10773.251
1.8515185	10878.656
1.8520809	11028.732
1.8526434	11143.008
1.8532058	11178.595
1.8537682	11314.653
1.8543307	11472.717
1.8548931	11575.489
1.8554555	11706.653
1.8560179	11912.984
1.8565804	11927.274
1.8571428	12118.304
1.8577052	12250.38
1.8582677	12433.923
1.8588301	12551.851
1.8593925	12658.599
1.859955	12919.228
1.8605174	13121.808
1.8610798	13286.409
1.8616422	13439.47
1.8622047	13661.623
1.8627671	13943.645
1.8633295	14088.74
1.863892	14257.818
1.8644544	14532.376
1.8650168	14739.22
1.8655792	15009.826
1.8661417	15191.787
1.8667041	15366.33
1.8672665	15604.532
1.867829	15834.588
1.8683914	16085.887
1.8689538	16236.49
1.8695163	16552.791
1.8700787	16863.086
1.8706411	16954.914
1.8712035	17190.143
1.871766	17332.07
1.8723284	17637.652
1.8728908	17733.494
1.8734533	17867.205
1.8740157	18150.902
1.8745781	18408.498
1.8751407	18581.777
1.8757031	18820.715
1.8762655	19142.398
1.876828	19276.096
1.8773904	19535.184
1.8779528	19946.539
1.8785152	20105.803
1.8790777	20358.043
1.8796401	20622.184
1.8802025	20834.375
1.880765	21163.313
1.8813274	21588.545
1.8818898	21878.59
1.8824522	22127.795
1.8830147	22515.375
1.8835771	22795.703
1.8841395	23208.102
1.884702	23663.414
1.8852644	24157.521
1.8858268	24671.209
1.8863893	24905.4
1.8869517	25177.209
1.8875141	25759.484
1.8880765	26100.602
1.888639	26367.021
1.8892014	27035.01
1.8897638	27176.355
1.8903263	27579.566
1.8908887	27950.646
1.8914511	28291.666
1.8920135	28472.203
1.892576	29069.48
1.8931384	29220.553
1.8937008	29402.643
1.8942633	29705.521
1.8948257	29979.828
1.8953881	30233.492
1.8959506	30551.756
1.896513	30845.775
1.8970754	31129.184
1.8976378	31488.357
1.8982003	31622.102
1.8987627	31778.439
1.8993251	32306.494
1.8998876	32589.479
1.90045	32922.48
1.9010124	33230.98
1.9015749	33844.633
1.9021373	34249.328
1.9026997	34704.207
1.9032621	35115.246
1.9038246	35650.012
1.904387	35950.875
1.9049494	36398.719
1.9055119	37245.523
1.9060743	37438.27
1.9066367	38095.117
1.9071991	38467.875
1.9077616	38613.016
1.908324	39182.754
1.9088864	39674.16
1.9094489	40089.668
1.9100113	40497.414
1.9105737	40889.305
1.9111362	41124.07
1.9116986	41451.27
1.912261	41663.586
1.9128234	41747.18
1.9133859	42124.016
1.9139483	42320.238
1.9145107	42563.008
1.9150732	42807.957
1.9156356	42694.457
1.916198	42823.176
1.9167604	43295.438
1.9173229	43327.586
1.9178853	43408.488
1.9184477	43380.27
1.9190102	43703.656
1.9195726	43999.859
1.920135	43864.25
1.9206975	44330.648
1.9212599	44443.766
1.9218223	44552.27
1.9223847	44910.996
1.9229472	45237.039
1.9235096	45733.578
1.924072	45835.652
1.9246345	46131.965
1.9251969	46251.711
1.9257593	46981.48
1.9263217	47127.52
1.9268842	47480.039
1.9274466	47779.047
1.928009	48092.52
1.9285715	48215.777
1.9291339	48550.367
1.9296963	48689.309
1.9302588	48717.691
1.9308212	48683.609
1.9313836	49147.367
1.931946	48825.66
1.9325085	48503.41
1.9330709	48108.738
1.9336333	48211.445
1.9341958	48041.723
1.9347582	47851.023
1.9353206	47580.484
1.935883	47483.598
1.9364455	46957.707
1.9370079	46764.602
1.9375703	46523.375
1.9381328	45968.121
1.9386952	45581.172
1.9392576	45631.336
1.9398201	45192.934
1.9403825	44798.332
1.9409449	44670.473
1.9415073	44391.977
1.9420698	44112.441
1.9426322	44095.477
1.9431946	43967.828
1.9437571	43760.77
1.9443195	43610.605
1.9448819	43392.934
1.9454443	43207.066
1.9460068	43191.531
1.9465692	42911.418
1.9471316	42820.84
1.9476941	42374.203
1.9482565	42336.258
1.9488189	41936.344
1.9493814	41472.59
1.9499438	40979.906
1.9505062	40725.594
1.9510686	40383.137
1.9516311	39657.27
1.9521935	39139.941
1.9527559	38814.945
1.9533184	38194.063
1.9538808	37505.914
1.9544432	36940.84
1.9550056	36411.254
1.9555681	35682.277
1.9561305	35046.332
1.9566929	34541.84
1.9572554	34047.309
1.9578178	33317.965
1.9583802	32686.369
1.9589427	32303.373
1.9595051	31880.709
1.9600675	31264.602
1.9606299	30751.447
1.9611924	30321.176
1.9617548	29926.023
1.9623172	29597.242
1.9628797	29165.459
1.9634421	28701.494
1.9640045	28361.115
1.9645669	28072.941
1.9651294	27779.645
1.9656918	27454.514
1.9662542	27141.295
1.9668167	26864.365
1.9673791	26610.729
1.9679415	26200.887
1.968504	25814.98
1.9690664	25463.246
1.9696288	25125.32
1.9701912	24555.15
1.9707537	24181.654
1.9713161	24042.619
1.9718785	23623.262
1.972441	23124.053
1.9730034	22741.559
1.9735658	22450.555
1.9741282	21790.145
1.9746907	21250.924
1.9752531	20978.424
1.9758155	20608.582
1.976378	20218.68
1.9769404	19684.645
1.9775028	19141.57
1.9780653	18754.496
1.9786277	18460.373
1.9791901	18109.117
1.9797525	17725.381
1.980315	17332.115
1.9808774	16914.928
1.9814398	16585.568
1.9820023	16240.779
1.9825647	15932.043
1.9831271	15646.16
1.9836895	15345.436
1.984252	15041.27
1.9848144	14772.207
1.9853768	14524.092
1.9859393	14177.619
1.9865017	13985.686
1.9870641	13716.903
1.9876266	13344.204
1.988189	13228.443
1.9887514	12944.432
1.9893138	12700.549
1.9898763	12494.077
1.9904387	12233.271
1.9910011	12064.038
1.9915636	11954.206
1.992126	11746.821
1.9926884	11525.964
1.9932508	11307.657
1.9938133	11102.407
1.9943757	10843.745
1.9949381	10597.078
1.9955006	10372.188
1.996063	10247.077
1.9966254	10115.344
1.9971879	9912.2734
1.9977503	9708.3877
1.9983127	9520.5254
1.9988751	9308.0186
1.9994376	9153.4443
2	8991.5146
2.0005624	8767.7188
2.0011249	8595.3154
2.0016873	8496.709
2.0022497	8318.2773
2.0028121	8070.3389
2.0033746	7882.0767
2.003937	7740.9731
2.0044994	7546.1763
2.0050619	7486.0356
2.0056243	7242.0498
2.0061867	7045.5981
2.0067492	6954.1436
2.0073116	6893.0918
2.007874	6714.1987
2.0084364	6543.5273
2.0089989	6413.3105
2.0095613	6302.354
2.0101237	6272.5
2.0106862	6108.9009
2.0112486	5969.6582
2.011811	5959.3477
2.0123734	5780.8032
2.0129359	5709.981
2.0134983	5649.1421
2.0140607	5480.0957
2.0146232	5390.3569
2.0151856	5378.2393
2.015748	5327.0693
2.0163105	5213.8872
2.0168729	5103.1948
2.0174353	5010.897
2.0179977	4919.6084
2.0185602	4918.5371
2.0191226	4812.5332
2.019685	4795.0859
2.0202475	4734.6313
2.0208099	4706.3364
2.0213723	4636.4302
2.0219347	4584.189
2.0224972	4522.146
2.0230596	4453.498
2.023622	4434.2446
2.0241845	4415.7031
2.0247469	4287.7256
2.0253093	4247.9023
2.0258718	4217.8242
2.0264342	4107.4883
2.0269966	4088.0024
2.027559	4017.5188
2.0281215	3942.9287
2.0286839	3903.5776
2.0292463	3868.3914
2.0298088	3819.6909
2.0303712	3759.0112
2.0309336	3685.2073
2.031496	3653.1992
2.0320585	3580.228
2.0326209	3594.7285
2.0331833	3492.6899
2.0337458	3487.1064
2.0343082	3447.7766
2.0348706	3390.0652
2.0354331	3349.1965
2.0359955	3322.5815
2.0365579	3300.7197
2.0371203	3288.1541
2.0376828	3284.6436
2.0382452	3214.3333
2.0388076	3191.2654
2.0393701	3174.3477
2.0399325	3152.2249
2.0404949	3126.8291
2.0410573	3134.54
2.0416198	3134.5159
2.0421822	3080.3999
2.0427446	3052
2.0433071	3051.198
2.0438695	3035.9612
2.0444319	2977.9414
2.0449944	2922.1836
2.0455568	2884.6025
2.0461192	2862.0483
2.0466816	2886.835
2.0472441	2892.0234
2.0478065	2807.3611
2.0483689	2837.5015
2.0489314	2814.3127
2.0494938	2784.0964
2.0500562	2783.082
2.0506186	2727.8508
2.0511811	2662.6714
2.0517435	2633.8799
2.0523059	2620.8579
2.0528684	2587.6553
2.0534308	2572
2.0539932	2572
2.0545557	2550.8855
2.0551181	2531.9131
2.0556805	2521.7842
2.0562429	2537.272
2.0568054	2532.7305
2.0573678	2486.9063
2.0579302	2444.0928
2.0584927	2436.0742
2.0590551	2436.9573
2.0596175	2452.9592
2.0601799	2437.2292
2.0607424	2432.4136
2.0613048	2428.1873
2.0618672	2448.6455
2.0624297	2473.9258
2.0629921	2407.3806
2.0635545	2395.802
2.064117	2350.1157
2.0646794	2348.5642
2.0652418	2350.6382
2.0658042	2344.3008
2.0663667	2322.3206
2.0669291	2298.2681
2.0674915	2290.5195
2.068054	2239.3225
2.0686164	2208.7202
2.0691788	2250.3157
2.0697412	2205.6052
2.0703037	2142.095
2.0708661	2120.7607
2.0714285	2132.4792
2.071991	2130.603
2.0725534	2127.8533
2.0731158	2090.395
2.0736783	2070.8481
2.0742407	2117.0444
2.0748031	2137.3735
2.0753655	2120.0554
2.075928	2093.0457
2.0764904	2034.4017
2.0770528	2076.9141
2.0776153	2060.8628
2.0781777	2059.0735
2.0787401	2076.7148
2.0793025	2083.2368
2.079865	2063.6335
2.0804274	2048.8557
2.0809898	2109.2769
2.0815523	2123.0974
2.0821147	2062.4761
2.0826771	2032.5013
2.0832396	2030.7551
2.083802	2039.6373
2.0843644	2039.7598
2.0849268	2002.6112
2.0854893	2028.4209
2.0860517	2006.2297
2.0866141	1976.8235
2.0871766	1942.8243
2.087739	1934.3342
2.0883014	1955.0254
2.0888638	1937.6564
2.0894263	1907.6545
2.0899887	1922.1772
2.0905511	1919.9941
2.0911136	1903.6833
2.091676	1887.1714
2.0922384	1877.9707
2.0928009	1868.7965
2.0933633	1850.8606
2.0939257	1822.2272
2.0944881	1839.3274
2.0950506	1834.7776
2.095613	1805.8749
2.0961754	1796.9949
2.0967379	1816.125
2.0973003	1820.3784
2.0978627	1851.4867
2.0984251	1835.9492
2.0989876	1808.7771
2.09955	1805.8462
2.1001124	1819.3517
2.1006749	1787.1295
2.1012373	1804.8057
2.1017997	1820.2965
2.1023622	1814.7568
2.1029246	1795.7838
2.103487	1772.6809
2.1040494	1741.1061
2.1046119	1760.5321
2.1051743	1714.3549
2.1057367	1692.9348
2.1062992	1678.9762
2.1068616	1651.7227
2.107424	1619.6398
2.1079865	1632.2683
2.1085489	1631.4143
2.1091113	1611.3535
2.1096737	1609.4857
2.1102362	1593.8904
2.1107986	1544.7255
2.111361	1586.6857
2.1119235	1567.0171
2.1124859	1571.0497
2.1130483	1550.5853
2.1136107	1537.0371
2.1141732	1546.2959
2.1147356	1503.9612
2.115298	1544.9364
2.1158605	1531.9512
2.1164229	1524.053
2.1169853	1523.9161
2.1175478	1518.4792
2.1181102	1504.1472
2.1186726	1508.3136
2.119235	1495.7809
2.1197975	1493.6985
2.1203599	1500.6036
2.1209223	1495.4875
2.1214848	1447.5839
2.1220472	1468.3424
2.1226096	1456.9512
2.123172	1440.2336
2.1237345	1435.4644
2.1242969	1436.0771
2.1248593	1398
2.1254218	1398
2.1259842	1409.1586
2.1265466	1396.6279
2.1271091	1385.0657
2.1276715	1396.3049
2.1282339	1355.8462
2.1287963	1335.882
2.1293588	1318.7457
2.1299212	1314.4979
2.1304836	1314.0352
2.1310461	1301.5284
2.1316085	1316.3442
2.1321709	1282.9188
2.1327333	1277.7458
2.1332958	1302.3812
2.1338582	1322.785
2.1344206	1280.9124
2.1349831	1276.8097
2.1355455	1293.1169
2.1361079	1283.8331
2.1366704	1262.5138
2.1372328	1255.8672
2.1377952	1233.767
2.1383576	1241.0276
2.1389201	1219.4994
2.1394825	1206.8037
2.1400449	1221.7007
2.1406074	1243.3649
2.1411698	1217.2626
2.1417322	1208.0952
2.1422946	1188.7726
2.1428571	1168.1598
2.1434195	1166.3772
2.1439819	1169.6321
2.1445444	1115.2025
2.1451068	1111.0791
2.1456692	1129.4609
2.1462317	1125.0919
2.1467941	1069.0798
2.1473565	1084.9526
2.1479189	1092.955
2.1484814	1092.9938
2.1490438	1081.3441
2.1496062	1048.9796
2.1501687	1048.1709
2.1507311	1062.6639
2.1512935	1039.3561
2.1518559	1003.2941
2.1524184	1013.4852
2.1529808	1019.9372
2.1535432	1002.8115
2.1541057	993.52057
2.1546681	996.70349
2.1552305	1006.6313
2.155793	1012.2633
2.1563554	936.12653
2.1569178	946.23224
2.1574802	984.10175
2.1580427	968.96594
2.1586051	939.26782
2.1591675	947.41772
2.15973	957.66602
2.1602924	949.40015
2.1608548	920.46887
2.1614172	923.67084
2.1619797	916.10559
2.1625421	899.03394
2.1631045	899.60217
2.163667	921.18622
2.1642294	866.88287
2.1647918	856.73199
2.1653543	873.81805
2.1659167	893.8327
2.1664791	897.38739
2.1670415	892.60883
2.167604	852.4278
2.1681664	829.12561
2.1687288	822.71545
2.1692913	820.8905
2.1698537	809.77435
2.1704161	805.99951
2.1709785	797.63776
2.171541	784.69598
2.1721034	772.77875
2.1726658	786.24066
2.1732283	785.85333
2.1737907	775.1687
2.1743531	759.61951
2.1749156	746.95978
2.175478	729.57935
2.1760404	743.01984
2.1766028	747.85138
2.1771653	736.22949
2.1777277	747.26758
2.1782901	730.35083
2.1788526	731.32001
2.179415	738.61987
2.1799774	741.54388
2.1805398	754.12524
2.1811023	722.56433
2.1816647	719.62659
2.1822271	734.08588
2.1827896	727.6673
2.183352	716.68793
2.1839144	695.06061
2.1844769	684.62738
2.1850393	688.20789
2.1856017	684.29449
2.1861641	700.63605
2.1867266	702.4538
2.187289	679.95099
2.1878514	639.17493
2.1884139	687.57269
2.1889763	657.42719
2.1895387	635.63129
2.1901011	639.31006
2.1906636	644.76526
2.191226	641.276
2.1917884	640
2.1923509	638.79736
2.1929133	636.31158
2.1934757	639.41962
2.1940382	627.37408
2.1946006	627.33569
2.195163	635.79755
2.1957254	626.49487
2.1962879	620.13202
2.1968503	619.52417
2.1974127	625.51563
2.1979752	634.65271
2.1985376	602.17871
2.1991	593.79584
2.1996624	601.6167
2.2002249	612.77216
2.2007873	595.79541
2.2013497	572.61505
2.2019122	584.65784
2.2024746	599.82202
2.203037	566.02509
2.2035995	579.10925
2.2041619	573.26892
2.2047243	562.52222
2.2052867	557
2.2058492	557
2.2064116	552.08612
2.206974	553.19666
2.2075365	555.40051
2.2080989	531.63416
2.2086613	524.91254
2.2092237	525.2348
2.2097862	527.78772
2.2103486	527.02252
2.210911	530.70953
2.2114735	533.51849
2.2120359	526.0874
2.2125983	502.8707
2.2131608	522.70709
2.2137232	549.80811
2.2142856	554.13757
2.214848	528.00146
2.2154105	537.13898
2.2159729	514.1546
2.2165353	503.50079
2.2170978	516.05072
2.2176602	534.29041
2.2182226	520.18658
2.218785	507.75482
2.2193475	506.94006
2.2199099	525.14453
2.2204723	501.13065
2.2210348	503.90503
2.2215972	513.61304
2.2221596	477.2858
2.2227221	499.80603
2.2232845	495.59192
2.2238469	474.59033
2.2244093	459.48303
2.2249718	467.76611
2.2255342	474.39499
2.2260966	478.95663
2.2266591	481.97131
2.2272215	467.07455
2.2277839	469.9902
2.2283463	480.01614
2.2289088	485.89972
2.2294712	467.09988
2.2300336	455.92651
2.2305961	450.74158
2.2311585	450.15048
2.2317209	462.15182
2.2322834	454.79309
2.2328458	447.62604
2.2334082	457.91879
2.2339706	450.43228
2.2345331	439.41327
2.2350955	442.64725
2.2356579	476.99313
2.2362204	472.51123
2.2367828	456.65051
2.2373452	443.6893
2.2379076	448.91495
2.2384701	456.33438
2.2390325	460.91486
2.2395949	462.10526
2.2401574	459.12677
2.2407198	439.7626
2.2412822	447.05548
2.2418447	465
2.2424071	465
2.2429695	457.45685
2.2435319	458.28003
2.2440944	460.94089
2.2446568	447.59225
2.2452192	446
2.2457817	447.96802
2.2463441	453.95184
2.2469065	470.23618
2.2474689	476.68396
2.2480314	474.05429
2.2485938	463.06293
2.2491562	447.55289
2.2497187	451.39746
2.2502813	449.01929
2.2508438	431.75748
2.2514062	444.28577
2.2519686	440.74591
2.2525311	430.18149
2.2530935	419.13748
2.2536559	426.26196
2.2542183	427.15439
2.2547808	420.67923
2.2553432	404.51666
2.2559056	413.64163
2.2564681	411.42221
2.2570305	400.13226
2.2575929	400.86533
2.2581553	394.42172
2.2587178	395.94775
2.2592802	407.49979
2.2598426	401.64798
2.2604051	413.12869
2.2609675	419.3678
2.2615299	403.29532
2.2620924	410.8837
2.2626548	418.46399
2.2632172	425.05469
2.2637796	429.42996
2.2643421	419.23181
2.2649045	428.5498
2.2654669	455.91034
2.2660294	455.18271
2.2665918	465.34412
2.2671542	474.54245
2.2677166	475.99548
2.2682791	478.17145
2.2688415	492.48819
2.2694039	514.77722
2.2699664	538.70074
2.2705288	545.74756
2.2710912	556.71948
2.2716537	574.96021
2.2722161	594.49792
2.2727785	589.60956
2.2733409	574.4231
2.2739034	557.8053
2.2744658	567.30615
2.2750282	555.64917
2.2755907	529.26709
2.2761531	514.12219
2.2767155	520.72375
2.2772779	517.18365
2.2778404	490.54086
2.2784028	463.92209
2.2789652	442.72186
2.2795277	425.08594
2.2800901	408.55927
2.2806525	402.96637
2.281215	395.80768
2.2817774	386.68628
2.2823398	415.36713
2.2829022	407.86716
2.2834647	389.57715
2.2840271	391.72559
2.2845895	395.74469
2.285152	396.64197
2.2857144	394.2189
2.2862768	397.07657
2.2868392	401.86612
2.2874017	406.39426
2.2879641	407.82138
2.2885265	405.50381
2.289089	404.33698
2.2896514	405.8895
2.2902138	418.7063
2.2907763	419.21426
2.2913387	419.43463
2.2919011	436.50821
2.2924635	441.42737
2.293026	441.41403
2.2935884	437.39972
2.2941508	421.79129
2.2947133	415.10779
2.2952757	416.17307
2.2958381	426.09375
2.2964005	429.71585
2.296963	436.03876
2.2975254	448.78244
2.2980878	449
2.2986503	446.18631
2.2992127	441.13144
2.2997751	435.48282
2.3003376	434
2.3009	431.28882
2.3014624	422.82602
2.3020248	420.72797
2.3025873	414.21115
2.3031497	402.41925
2.3037121	393.27039
2.3042746	384.57855
2.304837	376.14209
2.3053994	367.70956
2.3059618	368.79871
2.3065243	364.71793
2.3070867	347.87292
2.3076491	374.26126
2.3082116	375.92398
2.308774	355.33356
2.3093364	358.83459
2.3098989	363.73593
2.3104613	373.67096
2.3110237	397.44275
2.3115861	393.52802
2.3121486	384.89279
2.312711	379.30609
2.3132734	410.66531
2.3138359	414.85159
2.3143983	395.34711
2.3149607	425.31375
2.3155231	445.85565
2.3160856	463.47882
2.316648	489.92191
2.3172104	487.96594
2.3177729	485.84808
2.3183353	500.43985
2.3188977	511.923
2.3194602	509.51013
2.3200226	491.06766
2.320585	496.61334
2.3211474	507.68484
2.3217099	521.78949
2.3222723	528.02295
2.3228347	511.57751
2.3233972	489.35889
2.3239596	482.44302
2.324522	492.48285
2.3250844	503.18823
2.3256469	506.64108
2.3262093	552.75043
2.3267717	624.12518
2.3273342	720.66431
2.3278966	931.83685
2.328459	1074.1851
2.3290215	1155.4679
2.3295839	1203.6388
2.3301463	1227.5963
2.3307087	1276.4612
2.3312712	1494.9763
2.3318336	1628.1639
2.332396	1677.9933
2.3329585	1590.1655
2.3335209	1398.9156
2.3340833	1162.3499
2.3346457	886.2309
2.3352082	711.07483
2.3357706	583.68848
2.336333	502.957
2.3368955	480.98422
2.3374579	485.72754
2.3380203	513.57477
2.3385828	525.18207
2.3391452	550.35608
2.3397076	581
2.34027	581
2.3408325	595.2196
2.3413949	609.36078
2.3419573	589.61731
2.3425198	615.15692
2.3430822	649.83807
2.3436446	657.31616
2.344207	660.57935
2.3447695	678.45184
2.3453319	732.74414
2.3458943	770.14777
2.3464568	826.99323
2.3470192	925.28491
2.3475816	929.24457
2.3481441	905.11475
2.3487065	858.40863
2.3492689	796.67584
2.3498313	741.36328
2.3503938	695.38678
2.3509562	644.20721
2.3515186	594.20911
2.3520811	545.77362
2.3526435	517.44135
2.3532059	478.14026
2.3537683	430.04056
2.3543308	407.14417
2.3548932	399.99966
2.3554556	406.01083
2.3560181	420.13254
2.3565805	413.42563
2.3571429	394.06516
2.3577054	394.73666
2.3582678	384.39087
2.3588302	370.42682
2.3593926	382.49673
2.3599551	383.21774
2.3605175	380.26276
2.3610799	397.00275
2.3616424	386.25079
2.3622048	364.19727
2.3627672	365.53494
2.3633296	370.35941
2.3638921	373.9169
2.3644545	360.55902
2.3650169	358.19785
2.3655794	360.89316
2.3661418	360.2262
2.3667042	362.20181
2.3672667	365.96017
2.3678291	371.95425
2.3683915	381.45163
2.3689539	389.9631
2.3695164	383.31427
2.3700788	383.16544
2.3706412	388.62924
2.3712037	406.56082
2.3717661	407.04767
2.3723285	398.38031
2.3728909	393.73792
2.3734534	384.5376
2.3740158	376.85388
2.3745782	401.34409
2.3751407	403.38455
2.3757031	392.24988
2.3762655	394.8945
2.376828	386.38852
2.3773904	371.63028
2.3779528	380.87091
2.3785152	377.33481
2.3790777	364
2.3796401	364
2.3802025	364.34308
2.380765	364.98514
2.3813274	359.05966
2.3818898	349.63684
2.3824522	336.48013
2.3830147	348.66248
2.3835771	353.67819
2.3841395	348.42136
2.384702	330.49091
2.3852644	319.77975
2.3858268	321.74722
2.3863893	324.285
2.3869517	325.77341
2.3875141	325.11832
2.3880765	312.13168
2.388639	300.80957
2.3892014	300.15555
2.3897638	282.0705
2.3903263	264
2.3908887	264
2.3914511	259.42606
2.3920135	263.21832
2.392576	318.00299
2.3931384	391.37958
2.3937008	489.63422
2.3942633	714.98334
2.3948257	907.47491
2.3953881	1078.7972
2.3959506	1393.5042
2.396513	1650.4614
2.3970754	1847.3156
2.3976378	2173.8042
2.3982003	2514.5457
2.3987627	2866.0933
2.3993251	3447.7175
2.3998876	3855.4207
2.40045	3835.3413
2.4010124	4289.813
2.4015749	4883.4033
2.4021373	5503.0703
2.4026997	4712.769
2.4032621	3321.1899
2.4038246	2057.3699
2.404387	1150.4462
2.4049494	502.60254
2.4055119	232.39436
2.4060743	80.273506
2.4066367	46.748478
2.4071991	32.181175
2.4077616	25.271446
2.408324	28.489729
2.4088864	21.963009
2.4094489	16.553234
2.4100113	18.481049
2.4105737	16.183813
2.4111362	13.334676
2.4116986	15.26039
2.412261	15.605062
2.4128234	15.036126
2.4133859	15.676986
2.4139483	15.682501
2.4145107	15.042337
2.4150732	16.19565
2.4156356	16.762335
2.416198	16.123039
2.4167604	13.420112
2.4173229	11.619206
2.4178853	14.172928
2.4184477	13.274283
2.4190102	11
2.4195726	11
2.420135	11.344137
2.4206975	11.981361
2.4212599	12
2.4218223	11.745483
2.4223847	11.109463
2.4229472	13.105096
2.4235096	14.190893
2.424072	11.01507
2.4246345	10.864068
2.4251969	12
2.4257593	12
2.4263217	12
2.4268842	12
2.4274466	12
2.428009	12
2.4285715	12
2.4291339	11.499191
2.4296963	10.733717
2.4302588	9.4698534
2.4308212	8.6032076
2.4313836	8.1134529
2.431946	10.637799
2.4325085	10.838788
2.4330709	8.3164663
2.4336333	10.204088
2.4341958	11.276192
2.4347582	8.7579098
2.4353206	8.4398584
2.435883	9.2071142
2.4364455	11.093309
2.4370079	10.369231
2.4375703	7.2289209
2.4381328	7.5821228
2.4386952	9.0489731
2.4392576	12.185108
2.4398201	10.67999
2.4403825	8
2.4409449	8
2.4415073	8
2.4420698	8
2.4426322	10.97461
2.4431946	12.11942
2.4437571	9.6198168
2.4443195	8.530302
2.4448819	8.5653095
2.4454443	12.310748
2.4460068	11.603655
2.4465692	7.2385988
2.4471316	8.1780539
2.4476941	10.272001
2.4482565	14.008541
2.4488189	12.714245
2.4493814	9.8413382
2.4499438	8.5981236
2.4505062	8.9673834
2.4510686	10.831716
2.4516311	12.694263
2.4521935	12.51643
2.4527559	7.5527239
2.4533184	6.4260368
2.4538808	7.0459623
2.4544432	7.6652851
2.4550056	8.2845335
2.4555681	8.9036942
2.4561305	8.4778309
2.4566929	8.8428879
2.4572554	12.552009
2.4578178	11.741238
2.4583802	8.0360003
2.4589427	9.8341389
2.4595051	10.771542
2.4600675	10.15497
2.4606299	8.1540785
2.4611924	6.233366
2.4617548	8.080183
2.4623172	9
2.4628797	9
2.4634421	9.5391273
2.4640045	9.8460293
2.4645669	9.2315464
2.4651294	9.7650766
2.4656918	10.992764
2.4662542	8.5597324
2.4668167	7.4469204
2.4673791	8.6726942
2.4679415	9.4490004
2.468504	10
2.4690664	10
2.4696288	9.4288874
2.4701912	8.2053394
2.4707537	8.5085773
2.4713161	9.3589659
2.4718785	11.191438
2.472441	9.271699
2.4730034	4.3889022
2.4735658	5.1223121
2.4741282	6.5124917
2.4746907	8.3411751
2.4752531	7.8313498
2.4758155	6.0045547
2.476378	6.6069436
2.4769404	7
2.4775028	7
2.4780653	9.5853043
2.4786277	12.846501
2.4791901	10.418297
2.4797525	9
2.480315	9
2.4808774	8.5346537
2.4814398	8.2857008
2.4820023	10.708918
2.4825647	10.586285
2.4831271	7.5603724
2.4836895	9.9571304
2.484252	12.51174
2.4848144	9.4897032
2.4853768	7.387538
2.4859393	6.1796517
2.4865017	7.0274448
2.4870641	8
2.4876266	8
2.488189	8.6457958
2.4887514	9.8509045
2.4893138	8.9447947
2.4898763	8.1295967
2.4904387	8.7312288
2.4910011	6.6717491
2.4915636	2.463541
2.492126	7.3467984
2.4926884	11.458367
2.4932508	9.0573483
2.4938133	6.9930158
2.4943757	5.1936245
2.4949381	6.6045423
2.4955006	7.7317615
2.496063	6.5336914
2.4966254	7.6592627
2.4971879	10.651402
2.4977503	9.4150829
2.4983127	8
2.4988751	8
2.4994376	7.0363178
2.5	5.2451248
