1.5	592.90863
1.5005624	590.41595
1.5011249	587.3833
1.5016873	592.72943
1.5022497	587.48633
1.5028121	592.08179
1.5033746	591.14905
1.503937	588.57288
1.5044994	590.25153
1.5050619	586.87604
1.5056243	582.55322
1.5061867	581.29871
1.5067492	583.60986
1.5073116	584.45496
1.507874	582.10785
1.5084364	582.99335
1.5089989	582.63422
1.5095613	580.76001
1.5101237	582.54193
1.5106862	573.52179
1.5112486	575.9729
1.511811	581.35822
1.5123734	576.37408
1.5129359	579.55206
1.5134983	577.12878
1.5140607	571.35327
1.5146232	576.40271
1.5151856	575.51843
1.515748	578.80347
1.5163105	566.04346
1.5168729	575.60376
1.5174353	573.67737
1.5179977	568.94501
1.5185602	574.46094
1.5191226	569.04553
1.519685	575.64642
1.5202475	568.73883
1.5208099	580.26141
1.5213723	574.42285
1.5219347	569.9881
1.5224972	571.05878
1.5230596	571.05878
1.523622	570.44299
1.5241845	571.177
1.5247469	565.43616
1.5253093	575.72894
1.5258718	570.29486
1.5264342	557.61523
1.5269966	561.29279
1.527559	560.7262
1.5281215	561.87909
1.5286839	560.17651
1.5292463	560.242
1.5298088	563.35406
1.5303712	559.24762
1.5309336	560.22913
1.531496	563.18707
1.5320585	555.81622
1.5326209	554.15277
1.5331833	557.24634
1.5337458	552.40375
1.5343082	557.33295
1.5348706	559.09784
1.5354331	550.68372
1.5359955	559.36151
1.5365579	550.74414
1.5371203	553.21228
1.5376828	550.49359
1.5382452	558.95917
1.5388076	552.62952
1.5393701	556.06989
1.5399325	550.51385
1.5404949	544.35333
1.5410573	556.20898
1.5416198	554.65582
1.5421822	554.70215
1.5427446	553.64313
1.5433071	544.35199
1.5438695	542.66522
1.5444319	539.6001
1.5449944	547.27057
1.5455568	543.14807
1.5461192	542.40369
1.5466816	547.11798
1.5472441	538.51489
1.5478065	546.90619
1.5483689	541.3689
1.5489314	542.47742
1.5494938	537.76892
1.5500562	533.49164
1.5506186	539.10187
1.5511811	544.28369
1.5517435	527.8302
1.5523059	535.00067
1.5528684	536.04169
1.5534308	540.87341
1.5539932	536.59967
1.5545557	548.10443
1.5551181	537.91846
1.5556805	535.38019
1.5562429	539.75586
1.5568054	530.03534
1.5573678	540.45905
1.5579302	535.21368
1.5584927	530.07184
1.5590551	533.47064
1.5596175	530.71942
1.5601799	539.42889
1.5607424	529.40607
1.5613048	526.09985
1.5618672	533.77826
1.5624297	531.41174
1.5629921	535.46814
1.5635545	536.84711
1.564117	531.74841
1.5646794	524.68604
1.5652418	528.27521
1.5658042	525.14539
1.5663667	530.50763
1.5669291	520.7959
1.5674915	531.54346
1.568054	523.47766
1.5686164	528.10095
1.5691788	527.9209
1.5697412	522.51563
1.5703037	532.646
1.5708661	524.5011
1.5714285	527.41815
1.571991	518.38464
1.5725534	535.50195
1.5731158	525.32172
1.5736783	524.55579
1.5742407	519.21057
1.5748031	517.80273
1.5753655	524.47345
1.575928	514.45715
1.5764904	517.12982
1.5770528	523.70319
1.5776153	529.21161
1.5781777	522.6615
1.5787401	524.44348
1.5793025	519.53802
1.579865	525.87933
1.5804274	518.61346
1.5809898	521.6759
1.5815523	522.11169
1.5821147	509.23364
1.5826771	524.1297
1.5832396	523.54156
1.583802	514.93549
1.5843644	524.36591
1.5849268	521.11658
1.5854893	521.76349
1.5860517	508.90732
1.5866141	528.58502
1.5871766	515.70801
1.587739	523.72034
1.5883014	522.19238
1.5888638	516.78265
1.5894263	515.19415
1.5899887	509.67041
1.5905511	522.96161
1.5911136	522.8634
1.591676	517.58746
1.5922384	514.83069
1.5928009	513.83167
1.5933633	510.85809
1.5939257	510.97873
1.5944881	505.90079
1.5950506	519.39526
1.595613	518.44763
1.5961754	514.95276
1.5967379	507.16489
1.5973003	512.90472
1.5978627	511.95984
1.5984251	510.5347
1.5989876	512.69879
1.59955	511.60706
1.6001124	505.5881
1.6006749	511.97186
1.6012373	522.10864
1.6017997	512.05151
1.6023622	504.60016
1.6029246	509.97137
1.603487	504.13773
1.6040494	513.87006
1.6046119	511.62903
1.6051743	502.77328
1.6057367	518.45282
1.6062992	513.78412
1.6068616	510.75681
1.607424	503.03705
1.6079865	515.58026
1.6085489	511.86224
1.6091113	511.47339
1.6096737	517.13391
1.6102362	511.83124
1.6107986	513.91754
1.611361	513.04871
1.6119235	509.36539
1.6124859	509.22879
1.6130483	515.26868
1.6136107	520.28143
1.6141732	522.97058
1.6147356	527.2959
1.615298	521.98077
1.6158605	512.40875
1.6164229	505.28726
1.6169853	512.42651
1.6175478	512.41333
1.6181102	512.14526
1.6186726	514.06537
1.619235	516.22363
1.6197975	515.54272
1.6203599	507.10242
1.6209223	518.48779
1.6214848	506.20047
1.6220472	514.59723
1.6226096	508.98035
1.623172	510.31631
1.6237345	520.17725
1.6242969	514.28961
1.6248593	509.02606
1.6254219	510.69293
1.6259843	517.07983
1.6265467	516.14423
1.6271092	514.37756
1.6276716	519.29004
1.628234	520.73901
1.6287965	526.53943
1.6293589	532.01709
1.6299213	517.17938
1.6304837	524.30603
1.6310462	523.80566
1.6316086	516.85425
1.632171	522.87744
1.6327335	522.62097
1.6332959	515.28833
1.6338583	526.34192
1.6344208	515.72101
1.6349832	522.16492
1.6355456	522.11591
1.636108	525.20892
1.6366705	526.28284
1.6372329	530.69092
1.6377953	529.01825
1.6383578	530.47479
1.6389202	514.33905
1.6394826	521.3136
1.640045	531.55029
1.6406075	512.82935
1.6411699	526.93787
1.6417323	532.49078
1.6422948	531.41815
1.6428572	514.3504
1.6434196	524.7995
1.6439821	527.57874
1.6445445	525.92523
1.6451069	552.4007
1.6456693	533.04816
1.6462318	532.12329
1.6467942	526.37079
1.6473566	534.17072
1.6479191	539.7746
1.6484815	535.27258
1.6490439	536.28424
1.6496063	547.33588
1.6501688	536.98743
1.6507312	537.78015
1.6512936	543.31232
1.6518561	550.40729
1.6524185	548.89954
1.6529809	538.6944
1.6535434	541.90601
1.6541058	553.87341
1.6546682	563.30927
1.6552306	547.82312
1.6557931	541.51685
1.6563555	543.60699
1.6569179	547.05591
1.6574804	540.37189
1.6580428	544.14844
1.6586052	551.4538
1.6591676	568.74335
1.6597301	545.2099
1.6602925	542.26495
1.6608549	558.32971
1.6614174	556.0694
1.6619798	552.07117
1.6625422	574.89227
1.6631047	542.81824
1.6636671	549.61249
1.6642295	545.7934
1.6647919	553.49829
1.6653544	566.87927
1.6659168	580.09839
1.6664792	567.3512
1.6670417	552.68091
1.6676041	557.2793
1.6681665	577.90222
1.6687289	571.9162
1.6692914	589.47144
1.6698538	575.35199
1.6704162	582.41577
1.6709787	579.00488
1.6715411	574.10889
1.6721035	582.98492
1.672666	575.82776
1.6732284	571.05273
1.6737908	586.45587
1.6743532	577.62439
1.6749157	580.27441
1.6754781	585.72949
1.6760405	591.54755
1.676603	598.87164
1.6771654	596.02563
1.6777278	581.15979
1.6782902	584.16693
1.6788527	598.67236
1.6794151	596.47321
1.6799775	600.85504
1.68054	592.25751
1.6811024	583.28302
1.6816648	591.50293
1.6822273	602.70288
1.6827897	604.27502
1.6833521	610.25378
1.6839145	580.7218
1.684477	599.96814
1.6850394	596.30914
1.6856018	625.96393
1.6861643	613.1333
1.6867267	601.62958
1.6872891	615.01227
1.6878515	616.55432
1.688414	627.37225
1.6889764	607.68951
1.6895388	625.2973
1.6901013	634.68451
1.6906637	658.42554
1.6912261	636.35577
1.6917886	644.74377
1.692351	644.86481
1.6929134	660.5271
1.6934758	638.58057
1.6940383	629.14685
1.6946007	643.18323
1.6951631	632.87897
1.6957256	625.2594
1.696288	650.18396
1.6968504	637.13104
1.6974128	653.79053
1.6979753	648.93127
1.6985377	643.40161
1.6991001	660.69354
1.6996626	652.24768
1.700225	655.21277
1.7007874	653.55334
1.7013499	666.43066
1.7019123	654.47992
1.7024747	680.88458
1.7030371	657.44415
1.7035996	655.96118
1.704162	674.79376
1.7047244	679.66675
1.7052869	674.32166
1.7058493	688.00482
1.7064117	668.52191
1.7069741	690.61841
1.7075366	697.9743
1.708099	709.73511
1.7086614	707.99982
1.7092239	713.10046
1.7097863	688.45831
1.7103487	715.59906
1.7109112	717.34619
1.7114736	705.65863
1.712036	735.4964
1.7125984	718.1496
1.7131609	721.0567
1.7137233	717.49341
1.7142857	721.55017
1.7148482	742.2522
1.7154106	712.65656
1.715973	744.67578
1.7165354	739.5575
1.7170979	749.44568
1.7176603	749.24371
1.7182227	750.60468
1.7187852	740.58136
1.7193476	763.81677
1.71991	763.96271
1.7204725	757.24475
1.7210349	762.00879
1.7215973	748.12006
1.7221597	776.526
1.7227222	784.01257
1.7232846	789.28564
1.723847	765.5473
1.7244095	804.94067
1.7249719	801.95984
1.7255343	804.63037
1.7260967	818.80078
1.7266592	822.28296
1.7272216	834.08002
1.727784	824.85577
1.7283465	814.94202
1.7289089	840.21948
1.7294713	833.3465
1.7300338	855.65344
1.7305962	877.51349
1.7311586	847.40656
1.731721	872.23859
1.7322835	873.69818
1.7328459	850.29437
1.7334083	872.76233
1.7339708	887.86444
1.7345332	881.29071
1.7350956	872.76178
1.735658	900.48364
1.7362205	882.54004
1.7367829	868.74896
1.7373453	877.75
1.7379078	889.02667
1.7384702	906.88831
1.7390326	895.25378
1.7395951	881.28223
1.7401575	893.14624
1.7407199	924.79944
1.7412823	930.6203
1.7418448	955.09766
1.7424072	953.25177
1.7429696	962.98566
1.7435321	991.34253
1.7440945	987.0321
1.7446569	1001.3719
1.7452193	998.90216
1.7457818	1012.0327
1.7463442	1002.8654
1.7469066	986.62964
1.7474691	1019.8464
1.7480315	1033.5594
1.7485939	1037.5038
1.7491564	1046.6847
1.7497188	1034.0333
1.7502812	1086.8098
1.7508436	1078.4495
1.7514061	1097.6971
1.7519685	1111.46
1.7525309	1106.8855
1.7530934	1095.8064
1.7536558	1134.8656
1.7542182	1117.5942
1.7547807	1134.2957
1.7553431	1146.7286
1.7559055	1134.1227
1.7564679	1095.7227
1.7570304	1140.7495
1.7575928	1170.9803
1.7581552	1170.1763
1.7587177	1146.4219
1.7592801	1195.1621
1.7598425	1195.7037
1.7604049	1197.3296
1.7609674	1200.1058
1.7615298	1191.7174
1.7620922	1214.0897
1.7626547	1218.7563
1.7632171	1235.0007
1.7637795	1234.0508
1.764342	1246.3229
1.7649044	1257.9553
1.7654668	1270.0391
1.7660292	1268.3746
1.7665917	1277.1803
1.7671541	1308.6788
1.7677165	1308.601
1.768279	1327.702
1.7688414	1363.3438
1.7694038	1318.4563
1.7699662	1367.8115
1.7705287	1380.0455
1.7710911	1394.9403
1.7716535	1361.2534
1.772216	1394.3049
1.7727784	1425.6765
1.7733408	1449.9198
1.7739033	1421.9122
1.7744657	1448.0415
1.7750281	1489.3333
1.7755905	1465.4719
1.776153	1483.9608
1.7767154	1488.8934
1.7772778	1501.6479
1.7778403	1566.4175
1.7784027	1593.9528
1.7789651	1591.2449
1.7795275	1612.6866
1.78009	1607.2035
1.7806524	1600.0594
1.7812148	1624.6329
1.7817773	1634.5684
1.7823397	1642.2622
1.7829021	1663.2751
1.7834646	1701.847
1.784027	1692.9744
1.7845894	1727.7045
1.7851518	1711.1219
1.7857143	1753.6294
1.7862767	1750.4944
1.7868391	1750.5992
1.7874016	1790.9238
1.787964	1780.2965
1.7885264	1808.9395
1.7890888	1836.8235
1.7896513	1843.5859
1.7902137	1889.428
1.7907761	1846.7872
1.7913386	1865.8265
1.791901	1902.6849
1.7924634	1915.7866
1.7930259	1935.2972
1.7935883	1949.7731
1.7941507	2020.7299
1.7947131	2048.3657
1.7952756	2075.4106
1.795838	2073.574
1.7964004	2098.8171
1.7969629	2091.6521
1.7975253	2093.0491
1.7980877	2176.8547
1.7986501	2149.2332
1.7992126	2204.3413
1.799775	2253.6912
1.8003374	2286.7998
1.8008999	2274.8669
1.8014623	2317.9924
1.8020247	2330.4204
1.8025872	2452.479
1.8031496	2434.7239
1.803712	2434.238
1.8042744	2393.1042
1.8048369	2393.1042
1.8053993	2393.1042
1.8059617	2563.1416
1.8065242	2558.4609
1.8070866	2522.6958
1.807649	2535.4431
1.8082114	2578.0349
1.8087739	2610.9028
1.8093363	2617.2734
1.8098987	2665.8352
1.8104612	2641.4988
1.8110236	2683.8423
1.811586	2695.0247
1.8121485	2709.2205
1.8127109	2722.0723
1.8132733	2780.8257
1.8138357	2791.4504
1.8143982	2795.6555
1.8149606	2852.9937
1.815523	2941.6484
1.8160855	2898.3506
1.8166479	2922.134
1.8172103	3004.9453
1.8177727	3059.5073
1.8183352	3073.5012
1.8188976	3112.7874
1.81946	3160.4019
1.8200225	3193.3477
1.8205849	3276.7598
1.8211473	3281.6072
1.8217098	3348.1921
1.8222722	3396.1824
1.8228346	3479.3928
1.823397	3558.7734
1.8239595	3598.7842
1.8245219	3635.0935
1.8250843	3631.3296
1.8256468	3715.3196
1.8262092	3745.4966
1.8267716	3806.3503
1.827334	3849.9365
1.8278965	3871.4834
1.8284589	3912.1675
1.8290213	3972.2627
1.8295838	3982.895
1.8301462	4051.1731
1.8307086	4074.2231
1.8312711	4083.9014
1.8318335	4100.2412
1.8323959	4188.355
1.8329583	4230.1514
1.8335208	4210.0776
1.8340832	4297.5854
1.8346456	4359.7505
1.8352081	4422.7588
1.8357705	4462.0044
1.8363329	4497.6743
1.8368953	4588.001
1.8374578	4622.6016
1.8380202	4683.4727
1.8385826	4792.8374
1.8391451	4821.897
1.8397075	4924.6733
1.8402699	5002.2451
1.8408324	5134.0806
1.8413948	5160.7759
1.8419572	5226.0938
1.8425196	5321.8501
1.8430821	5432.3765
1.8436445	5463.5269
1.8442069	5582.7324
1.8447694	5677.8916
1.8453318	5734.5791
1.8458942	5854.3945
1.8464566	5823.0376
1.8470191	5954.1738
1.8475815	5989.563
1.8481439	6120.1846
1.8487064	6199.8193
1.8492688	6269.8184
1.8498312	6294.4692
1.8503937	6395.3662
1.8509561	6444.582
1.8515185	6548.6255
1.8520809	6627.2778
1.8526434	6645.5757
1.8532058	6682.8623
1.8537682	6766.6699
1.8543307	6858.4307
1.8548931	6950.7568
1.8554555	7048.8062
1.8560179	7136.6992
1.8565804	7239.4624
1.8571428	7305.1221
1.8577052	7388.9619
1.8582677	7472.2832
1.8588301	7556.2339
1.8593925	7663.2974
1.859955	7805.8115
1.8605174	7951.1089
1.8610798	8045.1147
1.8616422	8140.8184
1.8622047	8262.9824
1.8627671	8409.9844
1.8633295	8553.21
1.863892	8718.5908
1.8644544	8879.5264
1.8650168	9041.334
1.8655792	9147.4385
1.8661417	9253.751
1.8667041	9393.7734
1.8672665	9541.5986
1.867829	9740.3564
1.8683914	9842.4014
1.8689538	9996.1943
1.8695163	10166.747
1.8700787	10305.171
1.8706411	10474.564
1.8712035	10511.652
1.871766	10709.245
1.8723284	10874.059
1.8728908	11000.357
1.8734533	11135.24
1.8740157	11368.651
1.8745781	11449.286
1.8751407	11532.821
1.8757031	11692.321
1.8762655	11846.702
1.876828	12066.141
1.8773904	12148.927
1.8779528	12441.228
1.8785152	12448.094
1.8790777	12672.577
1.8796401	12854.507
1.8802025	13102.054
1.880765	13364.171
1.8813274	13560.861
1.8818898	13742.109
1.8824522	13830.094
1.8830147	14085.369
1.8835771	14308.643
1.8841395	14592.072
1.884702	14876.631
1.8852644	15074.194
1.8858268	15317.238
1.8863893	15493.757
1.8869517	15869.396
1.8875141	16049.018
1.8880765	16334.257
1.888639	16605.824
1.8892014	16844.143
1.8897638	16967.559
1.8903263	17323.377
1.8908887	17469.795
1.8914511	17619.111
1.8920135	17960.383
1.892576	18157.816
1.8931384	18347.717
1.8937008	18474.092
1.8942633	18683.629
1.8948257	18834.066
1.8953881	18978.598
1.8959506	19145.469
1.896513	19243.65
1.8970754	19348.123
1.8976378	19438.77
1.8982003	19653.023
1.8987627	19809.66
1.8993251	20047.855
1.8998876	20162.996
1.90045	20407.021
1.9010124	20482.908
1.9015749	20783.945
1.9021373	21081.488
1.9026997	21174.432
1.9032621	21448.92
1.9038246	21570.561
1.904387	21660.85
1.9049494	22038.135
1.9055119	22229.582
1.9060743	22458.875
1.9066367	22784.402
1.9071991	22973.596
1.9077616	23118.963
1.908324	23244.107
1.9088864	23526.912
1.9094489	23638.656
1.9100113	23589.145
1.9105737	23898.434
1.9111362	24034.887
1.9116986	24044.01
1.912261	24107.553
1.9128234	24170.281
1.9133859	24222.549
1.9139483	24300.73
1.9145107	24377.045
1.9150732	24268.246
1.9156356	24150.959
1.916198	24190.223
1.9167604	24109.607
1.9173229	24046.623
1.9178853	24011.109
1.9184477	24039.213
1.9190102	23840.346
1.9195726	23900.893
1.920135	24018.162
1.9206975	23883.256
1.9212599	23640.932
1.9218223	23639.838
1.9223847	23774.549
1.9229472	23806.188
1.9235096	23704.77
1.924072	23587.428
1.9246345	24010.115
1.9251969	23701.523
1.9257593	23818.697
1.9263217	23843.539
1.9268842	23927.438
1.9274466	23678.412
1.928009	23728.074
1.9285715	23731.547
1.9291339	23717.01
1.9296963	23290.363
1.9302588	23344.078
1.9308212	23266.809
1.9313836	22961.932
1.931946	22777.398
1.9325085	22682.299
1.9330709	22470.295
1.9336333	22223.113
1.9341958	22017.293
1.9347582	21578.451
1.9353206	21330.021
1.935883	21081.387
1.9364455	20769.783
1.9370079	20516.553
1.9375703	20144.598
1.9381328	19940.639
1.9386952	19629.848
1.9392576	19283.934
1.9398201	19166.762
1.9403825	18744.588
1.9409449	18482.057
1.9415073	18232.785
1.9420698	18055.242
1.9426322	17776.74
1.9431946	17625.668
1.9437571	17560.453
1.9443195	17285.441
1.9448819	17045.957
1.9454443	16865.027
1.9460068	16576.109
1.9465692	16484.131
1.9471316	16273.719
1.9476941	16122.699
1.9482565	15898.253
1.9488189	15582.271
1.9493814	15224.091
1.9499438	15101.365
1.9505062	14762.772
1.9510686	14666.92
1.9516311	14425.521
1.9521935	14012.382
1.9527559	13818.315
1.9533184	13458.646
1.9538808	13203.813
1.9544432	12921.774
1.9550056	12500.708
1.9555681	12219.201
1.9561305	11952.368
1.9566929	11760.912
1.9572554	11450.248
1.9578178	11167.539
1.9583802	10940.68
1.9589427	10737.168
1.9595051	10497.996
1.9600675	10238.413
1.9606299	9977.1104
1.9611924	9785.2363
1.9617548	9604.0059
1.9623172	9516.9668
1.9628797	9383.7363
1.9634421	9158.7051
1.9640045	9051.0908
1.9645669	8888.4268
1.9651294	8697.1387
1.9656918	8642.3389
1.9662542	8447.1123
1.9668167	8298.7031
1.9673791	8223.502
1.9679415	8057.728
1.968504	7807.3545
1.9690664	7734.8696
1.9696288	7599.3066
1.9701912	7532.6143
1.9707537	7371.0039
1.9713161	7108.4097
1.9718785	7012.9702
1.972441	6836.5273
1.9730034	6793.165
1.9735658	6556.1689
1.9741282	6508.021
1.9746907	6443.2422
1.9752531	6180.856
1.9758155	6041.8179
1.976378	5934.022
1.9769404	5811.5889
1.9775028	5682.7925
1.9780653	5523.6187
1.9786277	5380.1675
1.9791901	5283.3237
1.9797525	5175.9805
1.980315	5050.8711
1.9808774	4920.4844
1.9814398	4789.4106
1.9820023	4731.7847
1.9825647	4584.8779
1.9831271	4514.8599
1.9836895	4400.4351
1.984252	4267.5713
1.9848144	4212.5508
1.9853768	4172.624
1.9859393	4109.9224
1.9865017	3874.0696
1.9870641	3899.3948
1.9876266	3787.9856
1.988189	3730.3215
1.9887514	3723.6545
1.9893138	3666.2512
1.9898763	3589.6428
1.9904387	3500.2122
1.9910011	3448.0276
1.9915636	3419.3669
1.992126	3338.3132
1.9926884	3280.2173
1.9932508	3218.8425
1.9938133	3141.4187
1.9943757	3102.9963
1.9949381	3118.6338
1.9955006	3064.9985
1.996063	2926.4617
1.9966254	2910.686
1.9971879	2869.885
1.9977503	2802.9292
1.9983127	2819.0059
1.9988751	2745.2708
1.9994376	2655.7268
2	2599.5278
2.0005624	2559.5969
2.0011249	2531.0239
2.0016873	2474.9792
2.0022497	2408.0688
2.0028121	2388.0029
2.0033746	2306.3052
2.003937	2332.2681
2.0044994	2228.8113
2.0050619	2217.8184
2.0056243	2164.7671
2.0061867	2133.4854
2.0067492	2060.7502
2.0073116	2009.9261
2.007874	1998.6478
2.0084364	1965.5696
2.0089989	1916.214
2.0095613	1899.3341
2.0101237	1897.3877
2.0106862	1876.6724
2.0112486	1818.0891
2.011811	1809.5331
2.0123734	1775.3043
2.0129359	1779.335
2.0134983	1762.1096
2.0140607	1714.5382
2.0146232	1695.042
2.0151856	1671.4609
2.015748	1662.0475
2.0163105	1640.3573
2.0168729	1605.4229
2.0174353	1596.9449
2.0179977	1561.3728
2.0185602	1563.4225
2.0191226	1565.5011
2.019685	1509.4873
2.0202475	1517.1855
2.0208099	1516.667
2.0213723	1479.8962
2.0219347	1467.0527
2.0224972	1468.4735
2.0230596	1464.9081
2.023622	1460.6439
2.0241845	1458.9196
2.0247469	1444.9674
2.0253093	1394.3544
2.0258718	1378.8542
2.0264342	1365.1763
2.0269966	1399.8246
2.027559	1346.7069
2.0281215	1294.5714
2.0286839	1309.0559
2.0292463	1323.9897
2.0298088	1305.9531
2.0303712	1273.7578
2.0309336	1233.1923
2.031496	1259.3953
2.0320585	1270.6003
2.0326209	1245.225
2.0331833	1202.5024
2.0337458	1240.8553
2.0343082	1218.5093
2.0348706	1187.3397
2.0354331	1180.4453
2.0359955	1171.9302
2.0365579	1153.4893
2.0371203	1152.3905
2.0376828	1169.3802
2.0382452	1143.2393
2.0388076	1145.4321
2.0393701	1139.9323
2.0399325	1120.8831
2.0404949	1092.4836
2.0410573	1096.6272
2.0416198	1112.1935
2.0421822	1093.2
2.0427446	1081.0991
2.0433071	1094.2267
2.0438695	1117.5299
2.0444319	1125.7128
2.0449944	1122.5918
2.0455568	1108.4133
2.0461192	1091.0483
2.0466816	1082.8354
2.0472441	1088.975
2.0478065	1099.796
2.0483689	1091.7924
2.0489314	1024.902
2.0494938	1041.5902
2.0500562	1075.5891
2.0506186	1063.8615
2.0511811	1015.5706
2.0517435	997.75867
2.0523059	1012.6844
2.0528684	1013.4758
2.0534308	1022.5323
2.0539932	993.23346
2.0545557	997.39886
2.0551181	1033.2379
2.0556805	1000.3177
2.0562429	998.49652
2.0568054	1006.0208
2.0573678	988.23987
2.0579302	983.90717
2.0584927	994.2262
2.0590551	1020.7219
2.0596175	983.36182
2.0601799	996.93652
2.0607424	985.6922
2.0613048	983.65674
2.0618672	976.74963
2.0624297	955.29205
2.0629921	983.6366
2.0635545	960.02283
2.064117	965.29437
2.0646794	972.08551
2.0652418	968.25586
2.0658042	940.26434
2.0663667	919.35193
2.0669291	929.43414
2.0674915	944.84393
2.068054	931.74835
2.0686164	920.38177
2.0691788	904.4068
2.0697412	916.68427
2.0703037	919.81909
2.0708661	907.40344
2.0714285	896.47925
2.071991	897.38129
2.0725534	913.01025
2.0731158	915.6236
2.0736783	926.42767
2.0742407	921.39008
2.0748031	896.6225
2.0753655	874.23407
2.075928	879.42316
2.0764904	907.4729
2.0770528	892.72363
2.0776153	888.70233
2.0781777	870.72174
2.0787401	857.42841
2.0793025	874.55725
2.079865	903.42407
2.0804274	900.6239
2.0809898	892.6712
2.0815523	876.25928
2.0821147	906.75073
2.0826771	896.14642
2.0832396	873.08148
2.083802	880.88696
2.0843644	912.37988
2.0849268	891.87213
2.0854893	873.80536
2.0860517	893.67395
2.0866141	882.25879
2.0871766	871.50751
2.087739	875.9126
2.0883014	875.79559
2.0888638	842.67401
2.0894263	864.10388
2.0899887	848.82275
2.0905511	842.7262
2.0911136	841.50732
2.091676	836.82336
2.0922384	829.20294
2.0928009	829.82806
2.0933633	827.26581
2.0939257	827.76495
2.0944881	818.73389
2.0950506	810.17828
2.095613	813.76984
2.0961754	827.82629
2.0967379	827.44983
2.0973003	842.76245
2.0978627	843.54828
2.0984251	854.51099
2.0989876	861.30048
2.09955	850.78455
2.1001124	832.18042
2.1006749	854.22717
2.1012373	837.01196
2.1017997	827.68396
2.1023622	826.02209
2.1029246	826.28552
2.103487	824.79712
2.1040494	822.84589
2.1046119	802.5752
2.1051743	797.05182
2.1057367	804.711
2.1062992	788.10468
2.1068616	772.21326
2.107424	807.11273
2.1079865	754.07312
2.1085489	752.58569
2.1091113	778.98401
2.1096737	770.75995
2.1102362	737.76477
2.1107986	724.16315
2.111361	735.91199
2.1119235	732.66949
2.1124859	720.59625
2.1130483	722.12097
2.1136107	720.34729
2.1141732	704.36621
2.1147356	706.19617
2.115298	714.55841
2.1158605	696.64258
2.1164229	715.37756
2.1169853	732.77441
2.1175478	720.78241
2.1181102	723.9411
2.1186726	722.2746
2.119235	722.69574
2.1197975	693.94073
2.1203599	699.71185
2.1209223	746.21442
2.1214848	704.67303
2.1220472	693.04828
2.1226096	705.36481
2.123172	700.17755
2.1237345	687.28296
2.1242969	684.86121
2.1248593	689.00494
2.1254218	693.97302
2.1259842	677.93396
2.1265466	666.58264
2.1271091	659.0365
2.1276715	655.37823
2.1282339	699.96558
2.1287963	664.18842
2.1293588	658.90179
2.1299212	656.31592
2.1304836	649.78394
2.1310461	651.74524
2.1316085	649.27594
2.1321709	653.38513
2.1327333	654.44672
2.1332958	652.12433
2.1338582	650.57153
2.1344206	656.49182
2.1349831	632.69672
2.1355455	639.8501
2.1361079	627.83313
2.1366704	618.10657
2.1372328	641.07178
2.1377952	634.52356
2.1383576	625.72467
2.1389201	626.4187
2.1394825	634.02972
2.1400449	636.09576
2.1406074	613.09924
2.1411698	617.17767
2.1417322	587.41278
2.1422946	576.12164
2.1428571	586.48132
2.1434195	596.58539
2.1439819	584.37946
2.1445444	571.46368
2.1451068	575.53955
2.1456692	574.69379
2.1462317	561.84558
2.1467941	576.4574
2.1473565	558.26678
2.1479189	551.22699
2.1484814	558.02478
2.1490438	566.41101
2.1496062	552.55194
2.1501687	534.76031
2.1507311	553.95233
2.1512935	546.94397
2.1518559	522.50677
2.1524184	524.72784
2.1529808	534.40576
2.1535432	551.4939
2.1541057	549.88971
2.1546681	531.16864
2.1552305	509.27057
2.155793	511.68427
2.1563554	506.40918
2.1569178	513.55133
2.1574802	509.53003
2.1580427	483.47006
2.1586051	516.37891
2.1591675	494.31015
2.15973	488.12073
2.1602924	498.00925
2.1608548	510.53113
2.1614172	507.32922
2.1619797	503.41159
2.1625421	502.51727
2.1631045	497.62238
2.163667	484.73599
2.1642294	475.95163
2.1647918	501.3197
2.1653543	495.21637
2.1659167	473.19641
2.1664791	461.63373
2.1670415	474.3765
2.167604	457.94952
2.1681664	450
2.1687288	450.28452
2.1692913	451.23773
2.1698537	453.61981
2.1704161	450.66589
2.1709785	432.89511
2.171541	422.35486
2.1721034	445.12192
2.1726658	412.65497
2.1732283	422.3631
2.1737907	425.69196
2.1743531	418.0564
2.1749156	421.99634
2.175478	420.41626
2.1760404	421.16257
2.1766028	421.25922
2.1771653	420.95547
2.1777277	425.68613
2.1782901	395.11392
2.1788526	390.27423
2.179415	402.50851
2.1799774	416.42105
2.1805398	411.70306
2.1811023	408.32513
2.1816647	417.90131
2.1822271	420.95071
2.1827896	389.8555
2.183352	418.08823
2.1839144	409.61176
2.1844769	394.12079
2.1850393	386.79211
2.1856017	390.70551
2.1861641	388.10678
2.1867266	383.46408
2.187289	378.28104
2.1878514	374.20203
2.1884139	376.54385
2.1889763	359.41208
2.1895387	354.30173
2.1901011	358.63132
2.1906636	344.60358
2.191226	364.10974
2.1917884	362.11032
2.1923509	357.90854
2.1929133	366.92212
2.1934757	366.14508
2.1940382	349.58633
2.1946006	346.11307
2.195163	355.91772
2.1957254	359.79382
2.1962879	340.92896
2.1968503	340.60461
2.1974127	348.69336
2.1979752	352.83234
2.1985376	350.51279
2.1991	353.61243
2.1996624	353.75217
2.2002249	349.41312
2.2007873	346.32642
2.2013497	341.86096
2.2019122	350.59851
2.2024746	356.75443
2.203037	336.04431
2.2035995	359.13403
2.2041619	345.4566
2.2047243	332.33606
2.2052867	341.2951
2.2058492	334.38171
2.2064116	317.02997
2.206974	310.43362
2.2075365	317.4837
2.2080989	325.15027
2.2086613	308.28775
2.2092237	307.59836
2.2097862	315.72617
2.2103486	311.13516
2.210911	316.9353
2.2114735	310.39511
2.2120359	301.72992
2.2125983	301.43536
2.2131608	311.35355
2.2137232	320.71017
2.2142856	321.17661
2.214848	310.33234
2.2154105	304.24066
2.2159729	296.94016
2.2165353	301.06778
2.2170978	311.94931
2.2176602	293.70963
2.2182226	293.58667
2.218785	293.37741
2.2193475	294.11917
2.2199099	308.5311
2.2204723	295.70377
2.2210348	284.61615
2.2215972	279.19556
2.2221596	279.95236
2.2227221	281.41748
2.2232845	282.92957
2.2238469	279.81082
2.2244093	265.45889
2.2249718	282.53223
2.2255342	287.54501
2.2260966	283.84753
2.2266591	277.06448
2.2272215	265.80591
2.2277839	269.49081
2.2283463	270.19553
2.2289088	250.06015
2.2294712	261.34006
2.2300336	273.62494
2.2305961	274.24847
2.2311585	252.02823
2.2317209	254.27847
2.2322834	254.49062
2.2328458	256.33099
2.2334082	263.10559
2.2339706	272.83807
2.2345331	265.39282
2.2350955	258.29163
2.2356579	268.01593
2.2362204	278.47385
2.2367828	273.09341
2.2373452	260.86273
2.2379076	251.15797
2.2384701	255.40063
2.2390325	249.81929
2.2395949	239.31589
2.2401574	230.38028
2.2407198	254.9373
2.2412822	262.26263
2.2418447	263.39313
2.2424071	279.74927
2.2429695	265.9136
2.2435319	256.85999
2.2440944	256.20938
2.2446568	265.85007
2.2452192	265.04184
2.2457817	256.52158
2.2463441	248.22023
2.2469065	265.98489
2.2474689	264.0881
2.2480314	261.70654
2.2485938	262.63104
2.2491562	259.67673
2.2497187	259.56903
2.2502813	253.86099
2.2508438	241.15851
2.2514062	260.3194
2.2519686	263.40924
2.2525311	257.43607
2.2530935	247.12831
2.2536559	257.16675
2.2542183	251.31059
2.2547808	240.39278
2.2553432	241.86212
2.2559056	239.33958
2.2564681	238
2.2570305	236.80959
2.2575929	230.21199
2.2581553	236.17632
2.2587178	239.01741
2.2592802	235.56274
2.2598426	242.146
2.2604051	250.30177
2.2609675	246.78369
2.2615299	220.48328
2.2620924	226.45029
2.2626548	230.7856
2.2632172	233.70313
2.2637796	236.61998
2.2643421	237
2.2649045	247.12546
2.2654669	262.84827
2.2660294	245.38498
2.2665918	256.24393
2.2671542	271.44101
2.2677166	277.97968
2.2682791	267.86661
2.2688415	286.48029
2.2694039	311.72412
2.2699664	302.29971
2.2705288	315.9902
2.2710912	323.60489
2.2716537	321.1452
2.2722161	322.59244
2.2727785	341.70276
2.2733409	352.45319
2.2739034	332.94537
2.2744658	327.19046
2.2750282	309.87546
2.2755907	289.17123
2.2761531	295.66193
2.2767155	305.00781
2.2772779	301.93765
2.2778404	279.91315
2.2784028	274.87714
2.2789652	263.52637
2.2795277	248.59645
2.2800901	234.22543
2.2806525	233.82018
2.281215	232.72836
2.2817774	227.91568
2.2823398	226.48164
2.2829022	226.47591
2.2834647	227
2.2840271	227
2.2845895	213.89362
2.285152	211.43216
2.2857144	222.49254
2.2862768	228.92229
2.2868392	226.16734
2.2874017	223.16844
2.2879641	231.01749
2.2885265	235.12022
2.289089	239.69577
2.2896514	243.96227
2.2902138	229.00935
2.2907763	234.41077
2.2913387	239.16328
2.2919011	212.84149
2.2924635	232.6669
2.293026	248.63438
2.2935884	249.20874
2.2941508	228.63399
2.2947133	230.36807
2.2952757	239.05083
2.2958381	225.58702
2.2964005	232.15115
2.296963	236.76056
2.2975254	231.09668
2.2980878	242.12102
2.2986503	248.20587
2.2992127	249.45715
2.2997751	245.92676
2.3003376	256.96948
2.3009	259.86649
2.3014624	234.47813
2.3020248	235.81609
2.3025873	238.34052
2.3031497	238.10654
2.3037121	224.03136
2.3042746	210.86783
2.304837	202.08377
2.3053994	207.00276
2.3059618	204.64153
2.3065243	202.78526
2.3070867	204.89088
2.3076491	192.36673
2.3082116	191.85504
2.308774	202.40028
2.3093364	206.60153
2.3098989	202.39612
2.3104613	201.33737
2.3110237	223.71083
2.3115861	211.62083
2.3121486	199
2.312711	199
2.3132734	209.5551
2.3138359	217.50114
2.3143983	222.60043
2.3149607	230.26633
2.3155231	238.82379
2.3160856	247.58597
2.316648	255.24055
2.3172104	258.0712
2.3177729	257.8457
2.3183353	254.37148
2.3188977	264.54318
2.3194602	261.25238
2.3200226	240.09303
2.320585	247.71837
2.3211474	251.39478
2.3217099	252
2.3222723	252
2.3228347	253.41711
2.3233972	257.78992
2.3239596	269.54688
2.324522	268.17236
2.3250844	267.85172
2.3256469	276.13861
2.3262093	348.09863
2.3267717	414.17865
2.3273342	463.82733
2.3278966	529.24268
2.328459	589.03906
2.3290215	646.27631
2.3295839	724.7262
2.3301463	739.36755
2.3307087	750.11926
2.3312712	901.98041
2.3318336	1101.8511
2.332396	1226.8031
2.3329585	1105.3538
2.3335209	848.06256
2.3340833	607.18799
2.3346457	450.9718
2.3352082	362.45956
2.3357706	307.12476
2.336333	284.5473
2.3368955	274.6593
2.3374579	274.55853
2.3380203	283.9129
2.3385828	302.34793
2.3391452	316.78534
2.3397076	328.4657
2.34027	340.73441
2.3408325	353.88724
2.3413949	367.00784
2.3419573	377.90079
2.3425198	372.72394
2.3430822	372.35492
2.3436446	406.34628
2.344207	413.47354
2.3447695	423.69376
2.3453319	458.9837
2.3458943	476.25912
2.3464568	503.09991
2.3470192	553.94043
2.3475816	558.21033
2.3481441	532.09338
2.3487065	470.49539
2.3492689	434.64291
2.3498313	415.69653
2.3503938	415.02039
2.3509562	392.72427
2.3515186	356.21786
2.3520811	305.89221
2.3526435	292.40063
2.3532059	281.74908
2.3537683	273.35095
2.3543308	257.86224
2.3548932	245.00067
2.3554556	234.66306
2.3560181	229.9558
2.3565805	226.82115
2.3571429	225.71663
2.3577054	233.10318
2.3582678	235.18393
2.3588302	233.5244
2.3593926	229.50108
2.3599551	223.79749
2.3605175	217.00439
2.3610799	209.63879
2.3616424	214.73041
2.3622048	223.12601
2.3627672	210.41803
2.3633296	204.69217
2.3638921	203.20831
2.3644545	204.5441
2.3650169	195.76904
2.3655794	188.70078
2.3661418	218.04657
2.3667042	219.19276
2.3672667	208.96017
2.3678291	214.95425
2.3683915	212.61668
2.3689539	208.65901
2.3695164	219.29712
2.3700788	227.33084
2.3706412	234.46066
2.3712037	244.42268
2.3717661	243.32318
2.3723285	235.49503
2.3728909	224.22063
2.3734534	218.34169
2.3740158	215.69147
2.3745782	213.04388
2.3751407	211.59918
2.3757031	211.18742
2.3762655	213.17088
2.376828	214.76892
2.3773904	216.04501
2.3779528	216.70506
2.3785152	210.06483
2.3790777	198.14909
2.3796401	202.10493
2.3802025	197.13841
2.380765	183.9868
2.3813274	178.7197
2.3818898	177.27263
2.3824522	179.90398
2.3830147	173.03563
2.3835771	162.90521
2.3841395	149.10603
2.384702	163.09404
2.3852644	170.14091
2.3858268	162.92685
2.3863893	162.57124
2.3869517	160.50758
2.3875141	153.30153
2.3880765	144.49348
2.388639	139.52354
2.3892014	144.7556
2.3897638	144.50587
2.3903263	143.90878
2.3908887	147.82848
2.3914511	146.25565
2.3920135	150.35271
2.392576	194.04999
2.3931384	255.51747
2.3937008	332.56003
2.3942633	457.60925
2.3948257	679.62866
2.3953881	972.4895
2.3959506	1133.094
2.396513	1359.2147
2.3970754	1653.5214
2.3976378	1968.7477
2.3982003	2262.2092
2.3987627	2522.9512
2.3993251	3022.7922
2.3998876	3449.0044
2.40045	3650.4458
2.4010124	4044.2002
2.4015749	4618.5337
2.4021373	5597.8398
2.4026997	5522.8501
2.4032621	4787.375
2.4038246	2916.1978
2.404387	1687.0038
2.4049494	905.13794
2.4055119	444.04285
2.4060743	165.39381
2.4066367	69.976433
2.4071991	44.85614
2.4077616	29.457108
2.408324	23.02054
2.4088864	20.917387
2.4094489	19.262354
2.4100113	16.691936
2.4105737	15.061271
2.4111362	13.888441
2.4116986	13.246536
2.412261	12.605062
2.4128234	11.963874
2.4133859	11.323014
2.4139483	11
2.4145107	11
2.4150732	12.793476
2.4156356	13.762334
2.416198	13.123037
2.4167604	13
2.4173229	12.380794
2.4178853	9.8270721
2.4184477	9
2.4190102	9.2083178
2.4195726	11.120504
2.420135	11.311725
2.4206975	10.037277
2.4212599	8.763833
2.4218223	7.4909673
2.4223847	6.2189255
2.4229472	8.1050968
2.4235096	11.13275
2.424072	15.5789
2.4246345	11.81559
2.4251969	5.2677507
2.4257593	7.8043108
2.4263217	8.6649618
2.4268842	8.0311623
2.4274466	9.2046261
2.428009	10.471038
2.4285715	11.736597
2.4291339	12
2.4296963	11.733717
2.4302588	10.469853
2.4308212	10
2.4313836	10.028363
2.431946	10.65945
2.4325085	11
2.4330709	11
2.4336333	11.551022
2.4341958	11.638096
2.4347582	10.378954
2.4353206	10.439858
2.435883	11
2.4364455	11
2.4370079	10.021539
2.4375703	8.1373529
2.4381328	6.8357539
2.4386952	6.419589
2.4392576	7.6740432
2.4398201	8.9280043
2.4403825	9.8183527
2.4409449	8.5655642
2.4415073	8.3434296
2.4420698	8.969492
2.4426322	7.8101559
2.4431946	7.44029
2.4437571	8.6900921
2.4443195	9
2.4448819	9.1884365
2.4454443	10.436916
2.4460068	9.2883253
2.4465692	6.1704278
2.4471316	10.712214
2.4476941	12.303998
2.4482565	7.3219466
2.4488189	7.3714528
2.4493814	9
2.4499438	9
2.4505062	8.6775389
2.4510686	8.0560951
2.4516311	6.870492
2.4521935	6.9272318
2.4527559	10.029548
2.4533184	9.7218904
2.4538808	7.9540377
2.4544432	7.3347144
2.4550056	7.569067
2.4555681	8.8073883
2.4561305	9
2.4566929	8.7190371
2.4572554	7.4826636
2.4578178	7.7529211
2.4583802	8.9879999
2.4589427	9.6113796
2.4595051	9.3146238
2.4600675	7.4649105
2.4606299	8.3844404
2.4611924	9.8444223
2.4617548	8.6132107
2.4623172	8
2.4628797	8
2.4634421	9.0782537
2.4640045	9.2301483
2.4645669	6.157732
2.4651294	5.3825383
2.4656918	5.9963818
2.4662542	6
2.4668167	6.6703806
2.4673791	8.5090408
2.4679415	6.7549977
2.468504	4.1845632
2.4690664	6.0208383
2.4696288	6.4288878
2.4701912	5.2053394
2.4707537	8.0514612
2.4713161	10.641034
2.4718785	8.8085623
2.472441	9.0231133
2.4730034	10.854162
2.4735658	8.1942196
2.4741282	5.8291688
2.4746907	5.2196083
2.4752531	3.4418001
2.4758155	1.0060735
2.476378	7.6763768
2.4769404	11.139051
2.4775028	8.7070913
2.4780653	8.4308844
2.4786277	8.9616251
2.4791901	8.3545742
2.4797525	7.4953055
2.480315	6.281827
2.4808774	6.4653468
2.4814398	7.0714254
2.4820023	7.6772299
2.4825647	7.717257
2.4831271	7.1120749
2.4836895	7
2.484252	7.097652
2.4848144	7.7020588
2.4853768	7.693769
2.4859393	7.0898256
2.4865017	6.4862776
2.4870641	6.4684482
2.4876266	8.8805151
2.488189	10.322898
2.4887514	10.925452
2.4893138	8.8895893
2.4898763	7
2.4904387	7
2.4910011	9.3282509
2.4915636	13.536458
2.492126	8.6532011
2.4926884	4.2708163
2.4932508	5.4713259
2.4938133	6.6713233
2.4943757	7.8709173
2.4949381	7.4651523
2.4955006	7.134119
2.496063	7.7331543
2.4966254	8
2.4971879	8
2.4977503	7.4716945
2.4983127	7.126214
2.4988751	7.7238836
2.4994376	8
2.5	8
