1.5	24.665226
1.5005624	22.053925
1.5011249	23.727575
1.5016873	23.790604
1.5022497	27.126192
1.5028121	23.697948
1.5033746	25.040503
1.503937	20.348335
1.5044994	23.432959
1.5050619	23.967709
1.5056243	25.070606
1.5061867	20.181484
1.5067492	22.906279
1.5073116	24.008951
1.507874	23.463535
1.5084364	20.465126
1.5089989	21.340816
1.5095613	22.496269
1.5101237	26.221725
1.5106862	25.372982
1.5112486	24.609531
1.511811	25.002361
1.5123734	20.161905
1.5129359	22.838131
1.5134983	25.300282
1.5140607	23.106346
1.5146232	23.683773
1.5151856	23.001429
1.515748	25.02577
1.5163105	24.562649
1.5168729	24.778835
1.5174353	24.190285
1.5179977	28.429352
1.5185602	23.919415
1.5191226	24.139034
1.519685	21.580778
1.5202475	22.901173
1.5208099	26.657223
1.5213723	24.934929
1.5219347	27.057886
1.5224972	20.761772
1.5230596	25.870388
1.523622	22.571552
1.5241845	21.319784
1.5247469	29.206354
1.5253093	26.576202
1.5258718	27.474962
1.5264342	26.248552
1.5269966	27.12751
1.527559	27.107798
1.5281215	24.471405
1.5286839	23.994053
1.5292463	23.798832
1.5298088	27.185686
1.5303712	23.385855
1.5309336	29.668364
1.531496	27.012512
1.5320585	22.762325
1.5326209	27.866764
1.5331833	20.629837
1.5337458	22.317509
1.5343082	27.712904
1.5348706	26.028843
1.5354331	22.736506
1.5359955	30.491806
1.5365579	24.991743
1.5371203	23.969395
1.5376828	25.567825
1.5382452	25.200926
1.5388076	30.030912
1.5393701	26.881798
1.5399325	22.723927
1.5404949	24.437729
1.5410573	23.431471
1.5416198	25.037941
1.5421822	28.333841
1.5427446	24.575602
1.5433071	27.00576
1.5438695	25.131155
1.5444319	23.953512
1.5449944	18.602144
1.5455568	24.35915
1.5461192	29.843542
1.5466816	26.519367
1.5472441	24.706369
1.5478065	25.203075
1.5483689	25.148922
1.5489314	25.669743
1.5494938	26.17388
1.5500562	22.852119
1.5506186	26.299648
1.5511811	26.90921
1.5517435	28.666979
1.5523059	24.711149
1.5528684	24.534542
1.5534308	24.723095
1.5539932	25.558893
1.5545557	27.140078
1.5551181	24.393129
1.5556805	25.408596
1.5562429	24.294155
1.5568054	22.563192
1.5573678	20.246742
1.5579302	26.531712
1.5584927	30.876907
1.5590551	25.483831
1.5596175	24.015926
1.5601799	24.964563
1.5607424	23.209635
1.5613048	24.244055
1.5618672	22.362654
1.5624297	25.435699
1.5629921	23.264904
1.5635545	25.032045
1.564117	27.826586
1.5646794	24.011602
1.5652418	24.726013
1.5658042	28.709209
1.5663667	24.477484
1.5669291	26.518137
1.5674915	27.912504
1.568054	21.920824
1.5686164	26.24914
1.5691788	26.406557
1.5697412	24.855278
1.5703037	26.999969
1.5708661	28.092619
1.5714285	24.845636
1.571991	27.108316
1.5725534	23.869452
1.5731158	26.212852
1.5736783	27.027397
1.5742407	21.537418
1.5748031	25.89382
1.5753655	23.403597
1.575928	26.795866
1.5764904	27.525675
1.5770528	26.456564
1.5776153	25.154846
1.5781777	26.404982
1.5787401	25.826405
1.5793025	26.731127
1.579865	28.579191
1.5804274	26.277975
1.5809898	25.407364
1.5815523	26.215544
1.5821147	28.758615
1.5826771	28.400938
1.5832396	24.957636
1.583802	30.461836
1.5843644	24.680962
1.5849268	22.632238
1.5854893	29.246836
1.5860517	22.523275
1.5866141	25.038145
1.5871766	24.315365
1.587739	34.604092
1.5883014	31.756819
1.5888638	25.336128
1.5894263	26.258139
1.5899887	27.053272
1.5905511	26.88575
1.5911136	25.572226
1.591676	27.074308
1.5922384	33.189602
1.5928009	29.438143
1.5933633	25.211187
1.5939257	28.781902
1.5944881	28.762192
1.5950506	27.085684
1.595613	24.789551
1.5961754	27.730299
1.5967379	33.647957
1.5973003	27.60471
1.5978627	27.696375
1.5984251	28.201004
1.5989876	26.706278
1.59955	24.841238
1.6001124	23.565081
1.6006749	23.861591
1.6012373	29.247179
1.6017997	30.480814
1.6023622	28.210936
1.6029246	26.235262
1.603487	30.763441
1.6040494	26.807224
1.6046119	24.759806
1.6051743	31.490229
1.6057367	29.7759
1.6062992	29.271578
1.6068616	29.197382
1.607424	32.095772
1.6079865	28.586153
1.6085489	28.886139
1.6091113	28.513887
1.6096737	30.66802
1.6102362	24.556129
1.6107986	26.190575
1.611361	30.170862
1.6119235	30.151152
1.6124859	30.131441
1.6130483	27.111729
1.6136107	30.587103
1.6141732	31.713127
1.6147356	30.755049
1.615298	33.979488
1.6158605	26.743294
1.6164229	25.897068
1.6169853	26.0492
1.6175478	21.084976
1.6181102	26.769045
1.6186726	28.770569
1.619235	27.188002
1.6197975	32.981937
1.6203599	27.195686
1.6209223	23.835777
1.6214848	24.783716
1.6220472	27.979591
1.6226096	30.089075
1.623172	24.820929
1.6237345	28.558235
1.6242969	26.085051
1.6248593	24.032568
1.6254219	31.678089
1.6259843	32.120338
1.6265467	29.979553
1.6271092	30.690855
1.6276716	31.526096
1.628234	28.496254
1.6287965	30.121727
1.6293589	25.555412
1.6299213	27.161703
1.6304837	31.983181
1.6310462	28.99399
1.6316086	30.096628
1.632171	32.149677
1.6327335	27.935745
1.6332959	28.300272
1.6338583	28.619961
1.6344208	25.603996
1.6349832	29.343002
1.6355456	30.397352
1.636108	31.303581
1.6366705	25.232401
1.6372329	23.264158
1.6377953	27.924543
1.6383578	25.098003
1.6389202	34.827801
1.6394826	31.084152
1.640045	27.630663
1.6406075	24.646631
1.6411699	28.171724
1.6417323	27.031597
1.6422948	29.472637
1.6428572	35.294697
1.6434196	25.196117
1.6439821	28.738914
1.6445445	28.203051
1.6451069	29.314747
1.6456693	27.100334
1.6462318	28.948782
1.6467942	31.406466
1.6473566	33.909363
1.6479191	24.080036
1.6484815	25.804113
1.6490439	22.971395
1.6496063	27.951925
1.6501688	30.810804
1.6507312	33.141647
1.6512936	28.611269
1.6518561	27.100426
1.6524185	24.731962
1.6529809	26.12636
1.6535434	25.453043
1.6541058	32.291195
1.6546682	32.324745
1.6552306	32.893974
1.6557931	33.530853
1.6563555	28.682594
1.6569179	25.882826
1.6574804	29.252207
1.6580428	25.46764
1.6586052	28.000647
1.6591676	29.281876
1.6597301	26.475719
1.6602925	31.812582
1.6608549	31.934132
1.6614174	19.267136
1.6619798	26.905771
1.6625422	34.312565
1.6631047	26.956001
1.6636671	29.310364
1.6642295	30.03964
1.6647919	25.870489
1.6653544	29.989079
1.6659168	27.108171
1.6664792	28.76086
1.6670417	32.881031
1.6676041	32.378975
1.6681665	27.507509
1.6687289	28.888479
1.6692914	33.140633
1.6698538	30.070669
1.6704162	26.183119
1.6709787	26.923388
1.6715411	31.061789
1.6721035	33.042503
1.672666	33.295734
1.6732284	30.002657
1.6737908	29.88327
1.6743532	26.587591
1.6749157	26.660826
1.6754781	24.328905
1.6760405	28.120073
1.676603	23.147926
1.6771654	21.162518
1.6777278	27.724651
1.6782902	28.087959
1.6788527	27.723007
1.6794151	26.785835
1.6799775	29.01721
1.68054	24.077057
1.6811024	28.140911
1.6816648	24.237391
1.6822273	29.538101
1.6827897	29.684452
1.6833521	36.304016
1.6839145	25.336134
1.684477	21.7614
1.6850394	27.137606
1.6856018	22.808184
1.6861643	27.762356
1.6867267	27.928038
1.6872891	36.498489
1.6878515	28.52334
1.688414	23.901712
1.6889764	35.906166
1.6895388	28.989443
1.6901013	28.622189
1.6906637	26.478971
1.6912261	25.827648
1.6917886	27.352194
1.692351	31.612597
1.6929134	23.987785
1.6934758	28.253794
1.6940383	27.690775
1.6946007	26.253637
1.6951631	26.644426
1.6957256	27.933054
1.696288	25.352154
1.6968504	30.50913
1.6974128	28.516773
1.6979753	31.907406
1.6985377	24.339842
1.6991001	28.895601
1.6996626	27.928341
1.700225	32.136723
1.7007874	22.043266
1.7013499	22.043261
1.7019123	25.788511
1.7024747	23.376507
1.7030371	27.251123
1.7035996	27.938263
1.704162	28.91855
1.7047244	28.366652
1.7052869	22.099735
1.7058493	25.095396
1.7064117	25.610729
1.7069741	26.621855
1.7075366	28.790962
1.708099	25.060101
1.7086614	25.193323
1.7092239	19.610607
1.7097863	26.146553
1.7103487	29.129112
1.7109112	29.682022
1.7114736	32.65081
1.712036	32.200859
1.7125984	33.061649
1.7131609	30.074993
1.7137233	34.982525
1.7142857	24.772156
1.7148482	29.951811
1.7154106	28.645458
1.715973	24.977945
1.7165354	26.997744
1.7170979	33.772102
1.7176603	24.193859
1.7182227	22.782301
1.7187852	28.015276
1.7193476	27.504761
1.71991	28.671951
1.7204725	33.307014
1.7210349	30.404255
1.7215973	28.26877
1.7221597	27.830126
1.7227222	26.268091
1.7232846	26.248379
1.723847	28.20134
1.7244095	28.084103
1.7249719	30.744528
1.7255343	25.443323
1.7260967	30.989939
1.7266592	29.812445
1.7272216	31.711893
1.727784	32.951416
1.7283465	27.713387
1.7289089	26.936922
1.7294713	29.39764
1.7300338	33.462059
1.7305962	31.119495
1.7311586	29.170731
1.731721	31.992029
1.7322835	28.214121
1.7328459	31.071608
1.7334083	33.12159
1.7339708	35.533478
1.7345332	24.031847
1.7350956	31.360622
1.735658	28.003201
1.7362205	27.447952
1.7367829	25.077906
1.7373453	26.188725
1.7379078	29.125042
1.7384702	30.981884
1.7390326	31.696472
1.7395951	28.558624
1.7401575	29.094234
1.7407199	29.838091
1.7412823	26.939116
1.7418448	33.73452
1.7424072	26.427267
1.7429696	33.666023
1.7435321	30.587963
1.7440945	27.856188
1.7446569	37.630493
1.7452193	27.500505
1.7457818	33.467972
1.7463442	34.519085
1.7469066	28.804167
1.7474691	29.555399
1.7480315	29.686665
1.7485939	33.889469
1.7491564	37.679562
1.7497188	29.618355
1.7502812	25.996887
1.7508436	33.607922
1.7514061	39.133907
1.7519685	31.24312
1.7525309	30.759293
1.7530934	35.011387
1.7536558	31.730839
1.7542182	33.294216
1.7547807	30.288008
1.7553431	29.96727
1.7559055	31.949036
1.7564679	30.063673
1.7570304	30.207743
1.7575928	36.194901
1.7581552	33.309555
1.7587177	28.905697
1.7592801	26.672321
1.7598425	31.87467
1.7604049	30.527744
1.7609674	34.651012
1.7615298	29.302076
1.7620922	41.599606
1.7626547	38.453808
1.7632171	33.036938
1.7637795	33.140358
1.764342	26.966801
1.7649044	34.238415
1.7654668	32.15937
1.7660292	33.34446
1.7665917	31.336637
1.7671541	35.70961
1.7677165	35.911022
1.768279	39.456707
1.7688414	33.410526
1.7694038	29.02009
1.7699662	21.644651
1.7705287	28.204973
1.7710911	31.376081
1.7716535	34.349415
1.772216	37.123074
1.7727784	35.532978
1.7733408	31.864323
1.7739033	34.99102
1.7744657	39.743622
1.7750281	33.789204
1.7755905	33.327961
1.776153	26.717724
1.7767154	32.01627
1.7772778	27.882519
1.7778403	29.766384
1.7784027	32.122448
1.7789651	26.285254
1.7795275	36.001026
1.78009	36.180832
1.7806524	36.591393
1.7812148	31.235378
1.7817773	39.239971
1.7823397	41.982277
1.7829021	37.755898
1.7834646	32.139305
1.784027	38.035538
1.7845894	32.749249
1.7851518	32.252422
1.7857143	41.406994
1.7862767	37.493656
1.7868391	38.650459
1.7874016	39.806522
1.787964	39.981617
1.7885264	37.57328
1.7890888	31.90876
1.7896513	34.921364
1.7902137	35.920853
1.7907761	31.819378
1.7913386	43.776672
1.791901	36.922844
1.7924634	34.589188
1.7930259	36.240154
1.7935883	35.473515
1.7941507	42.61203
1.7947131	34.87738
1.7952756	39.976643
1.795838	35.298672
1.7964004	38.357586
1.7969629	45.023548
1.7975253	44.805363
1.7980877	30.644966
1.7986501	36.934437
1.7992126	38.587395
1.799775	40.017048
1.8003374	38.337879
1.8008999	35.728188
1.8014623	26.891979
1.8020247	46.578651
1.8025872	38.660332
1.8031496	36.449421
1.803712	38.166553
1.8042744	37.94516
1.8048369	41.817616
1.8053993	34.332909
1.8059617	36.011471
1.8065242	45.226452
1.8070866	37.875412
1.807649	32.496819
1.8082114	44.54348
1.8087739	41.493084
1.8093363	47.032787
1.8098987	36.551739
1.8104612	43.283688
1.8110236	48.201767
1.811586	40.246037
1.8121485	42.029839
1.8127109	43.016811
1.8132733	43.879356
1.8138357	45.717316
1.8143982	42.776371
1.8149606	42.09203
1.815523	38.423096
1.8160855	44.45467
1.8166479	43.09359
1.8172103	46.440559
1.8177727	47.399811
1.8183352	45.372665
1.8188976	39.603436
1.81946	36.092827
1.8200225	44.268528
1.8205849	48.923641
1.8211473	46.080765
1.8217098	42.169521
1.8222722	41.764687
1.8228346	45.492867
1.823397	41.857777
1.8239595	43.514431
1.8245219	47.941387
1.8250843	47.603745
1.8256468	44.419853
1.8262092	47.730846
1.8267716	43.5896
1.827334	44.805634
1.8278965	46.008091
1.8284589	46.248779
1.8290213	41.792641
1.8295838	48.244972
1.8301462	43.000465
1.8307086	46.194092
1.8312711	48.644958
1.8318335	42.614246
1.8323959	47.587337
1.8329583	45.384457
1.8335208	44.857285
1.8340832	49.059032
1.8346456	45.369835
1.8352081	47.286968
1.8357705	50.610165
1.8363329	49.257992
1.8368953	45.472885
1.8374578	45.119015
1.8380202	50.358318
1.8385826	50.654594
1.8391451	46.093182
1.8397075	48.290714
1.8402699	45.450249
1.8408324	50.449062
1.8413948	59.087818
1.8419572	55.116249
1.8425196	51.954281
1.8430821	49.167103
1.8436445	53.054508
1.8442069	54.618816
1.8447694	58.000774
1.8453318	48.646961
1.8458942	62.422649
1.8464566	59.726551
1.8470191	57.553741
1.8475815	54.947536
1.8481439	52.488575
1.8487064	52.951904
1.8492688	57.602154
1.8498312	57.368389
1.8503937	55.655079
1.8509561	60.123634
1.8515185	51.32328
1.8520809	54.445187
1.8526434	61.078537
1.8532058	57.528873
1.8537682	57.000607
1.8543307	56.757759
1.8548931	54.511948
1.8554555	57.541695
1.8560179	56.933723
1.8565804	60.628124
1.8571428	54.262573
1.8577052	60.290733
1.8582677	62.358978
1.8588301	59.977692
1.8593925	59.743275
1.859955	63.982841
1.8605174	64.542496
1.8610798	61.649483
1.8616422	62.27726
1.8622047	62.537621
1.8627671	60.639267
1.8633295	57.89896
1.863892	65.510841
1.8644544	69.241402
1.8650168	66.538223
1.8655792	66.092644
1.8661417	61.043304
1.8667041	69.609779
1.8672665	67.977486
1.867829	67.272217
1.8683914	72.806747
1.8689538	66.800865
1.8695163	67.00705
1.8700787	66.453247
1.8706411	71.006271
1.8712035	69.80426
1.871766	68.68261
1.8723284	71.248192
1.8728908	75.538574
1.8734533	76.564705
1.8740157	72.518982
1.8745781	76.001686
1.8751407	74.420517
1.8757031	77.722397
1.8762655	81.390167
1.876828	80.818237
1.8773904	73.382813
1.8779528	73.81189
1.8785152	83.541473
1.8790777	84.226555
1.8796401	80.195007
1.8802025	73.501358
1.880765	84.236549
1.8813274	80.41684
1.8818898	85.790367
1.8824522	87.36068
1.8830147	84.639229
1.8835771	83.182404
1.8841395	82.348747
1.884702	88.146492
1.8852644	93.529655
1.8858268	102.70644
1.8863893	95.671997
1.8869517	97.186859
1.8875141	100.75235
1.8880765	91.41938
1.888639	81.587631
1.8892014	92.984741
1.8897638	106.53902
1.8903263	103.20746
1.8908887	93.289703
1.8914511	103.82767
1.8920135	98.252312
1.892576	96.015862
1.8931384	103.05215
1.8937008	100.36665
1.8942633	100.48294
1.8948257	106.13857
1.8953881	106.34298
1.8959506	107.46929
1.896513	110.44893
1.8970754	113.45228
1.8976378	106.49394
1.8982003	100.4722
1.8987627	98.386497
1.8993251	102.26889
1.8998876	111.38557
1.90045	117.93637
1.9010124	114.07738
1.9015749	127.2801
1.9021373	114.96233
1.9026997	113.99922
1.9032621	131.18338
1.9038246	131.47366
1.904387	123.91945
1.9049494	140.57188
1.9055119	143.77821
1.9060743	135.10596
1.9066367	141.29565
1.9071991	138.72548
1.9077616	131.64122
1.908324	139.17708
1.9088864	147.38879
1.9094489	150.86894
1.9100113	160.13692
1.9105737	158.01059
1.9111362	158.46718
1.9116986	159.67944
1.912261	163.93085
1.9128234	154.37874
1.9133859	142.54398
1.9139483	156.52985
1.9145107	170.47992
1.9150732	165.2108
1.9156356	159.80766
1.916198	163.51599
1.9167604	171.96587
1.9173229	162.87447
1.9178853	159.18512
1.9184477	170.68225
1.9190102	186.65344
1.9195726	173.3085
1.920135	193.23326
1.9206975	185.12311
1.9212599	187.69215
1.9218223	186.12236
1.9223847	201.26277
1.9229472	192.31224
1.9235096	200.84685
1.924072	188.04791
1.9246345	188.01839
1.9251969	190.46645
1.9257593	212.33179
1.9263217	222.3968
1.9268842	230.01811
1.9274466	213.1931
1.928009	216.58975
1.9285715	224.41118
1.9291339	229.90317
1.9296963	238.80417
1.9302588	236.16234
1.9308212	230.99821
1.9313836	247.34952
1.931946	248.54152
1.9325085	241.27562
1.9330709	263.47946
1.9336333	261.20105
1.9341958	265.86908
1.9347582	247.79651
1.9353206	258.72052
1.935883	257.2807
1.9364455	259.84412
1.9370079	265.28082
1.9375703	265.88248
1.9381328	261.21335
1.9386952	276.77173
1.9392576	287.86667
1.9398201	288.56345
1.9403825	298.49374
1.9409449	297.19461
1.9415073	312.53137
1.9420698	307.66293
1.9426322	301.20987
1.9431946	334.34134
1.9437571	310.72989
1.9443195	320.164
1.9448819	343.77515
1.9454443	341.65701
1.9460068	351.67447
1.9465692	362.21973
1.9471316	346.52463
1.9476941	361.02344
1.9482565	362.32785
1.9488189	389.97626
1.9493814	382.11218
1.9499438	384.91656
1.9505062	382.12662
1.9510686	399.91299
1.9516311	392.65366
1.9521935	399.29086
1.9527559	424.15799
1.9533184	416.46979
1.9538808	439.07144
1.9544432	432.90268
1.9550056	429.35477
1.9555681	433.81918
1.9561305	431.86862
1.9566929	420.33008
1.9572554	448.12518
1.9578178	460.43866
1.9583802	462.3938
1.9589427	452.21518
1.9595051	445.69922
1.9600675	460.0304
1.9606299	476.82364
1.9611924	492.37918
1.9617548	504.4072
1.9623172	508
1.9628797	515.9588
1.9634421	526.34955
1.9640045	522.37103
1.9645669	542.51477
1.9651294	573.01392
1.9656918	564.44336
1.9662542	579.62079
1.9668167	588.8634
1.9673791	603.52344
1.9679415	610.05798
1.968504	627
1.9690664	632.42029
1.9696288	665.99872
1.9701912	704.74988
1.9707537	691.83417
1.9713161	675.07269
1.9718785	714.59827
1.972441	705.46344
1.9730034	719.66766
1.9735658	708.69312
1.9741282	713.72791
1.9746907	750.29016
1.9752531	782.64648
1.9758155	761.80109
1.976378	768.06866
1.9769404	802.30658
1.9775028	818.2002
1.9780653	819.55811
1.9786277	821.03113
1.9791901	837.58704
1.9797525	848.56946
1.980315	841.92194
1.9808774	858.24261
1.9814398	883.41162
1.9820023	883.49042
1.9825647	896.07513
1.9831271	939.31836
1.9836895	1000.0339
1.984252	990.16736
1.9848144	961.25677
1.9853768	984.07208
1.9859393	1016.9061
1.9865017	1079.4202
1.9870641	1064.6903
1.9876266	1081.0145
1.988189	1082.3429
1.9887514	1102.2578
1.9893138	1112.7969
1.9898763	1146.5215
1.9904387	1165.6157
1.9910011	1173.5697
1.9915636	1212.5125
1.992126	1250.8209
1.9926884	1289.6945
1.9932508	1324.2644
1.9938133	1317.1084
1.9943757	1370.3011
1.9949381	1363.751
1.9955006	1358.1052
1.996063	1363.5385
1.9966254	1451.1436
1.9971879	1447.3494
1.9977503	1493.4003
1.9983127	1500.1302
1.9988751	1538.8217
1.9994376	1571.5454
2	1592.2097
2.0005624	1613.7015
2.0011249	1642.1488
2.0016873	1691.4332
2.0022497	1712.7405
2.0028121	1716.3308
2.0033746	1789.302
2.003937	1800.6638
2.0044994	1791.3434
2.0050619	1831.3969
2.0056243	1855.8983
2.0061867	1848.6029
2.0067492	1861.5626
2.0073116	1896.2721
2.007874	1904.7606
2.0084364	1960.1659
2.0089989	2024.3422
2.0095613	2036.3763
2.0101237	2075.7021
2.0106862	2101.2014
2.0112486	2154.5693
2.011811	2161.3394
2.0123734	2215.9202
2.0129359	2258.0117
2.0134983	2310.9792
2.0140607	2305.0574
2.0146232	2354.4124
2.0151856	2386.4929
2.015748	2428.3083
2.0163105	2467
2.0168729	2493.6516
2.0174353	2570.9092
2.0179977	2652.2668
2.0185602	2690.3372
2.0191226	2745.0076
2.019685	2782.656
2.0202475	2826.3
2.0208099	2890.5464
2.0213723	2920.886
2.0219347	2982.5588
2.0224972	3056.9573
2.0230596	3120.2686
2.023622	3167.0396
2.0241845	3192.4021
2.0247469	3217.2974
2.0253093	3268.2273
2.0258718	3317.7581
2.0264342	3388.8835
2.0269966	3466.6492
2.027559	3499.6086
2.0281215	3475.2263
2.0286839	3495.1377
2.0292463	3551.928
2.0298088	3632.2822
2.0303712	3708.2507
2.0309336	3703.8003
2.031496	3714.9133
2.0320585	3814.9995
2.0326209	3878.4377
2.0331833	3845.1553
2.0337458	3938.0317
2.0343082	3955.8918
2.0348706	4027.2722
2.0354331	4112.5845
2.0359955	4163.3955
2.0365579	4225.7769
2.0371203	4240.0825
2.0376828	4259.1782
2.0382452	4294.3335
2.0388076	4392.957
2.0393701	4429.4785
2.0399325	4489.9839
2.0404949	4495.6953
2.0410573	4527.7529
2.0416198	4601.1938
2.0421822	4610.0732
2.0427446	4584.4395
2.0433071	4727.1045
2.0438695	4805.0811
2.0444319	4798.2524
2.0449944	4783.5103
2.0455568	4784.0347
2.0461192	4777.0483
2.0466816	4828.1509
2.0472441	4899.5625
2.0478065	4869.5527
2.0483689	4850.1016
2.0489314	4758.2388
2.0494938	4767.5542
2.0500562	4819.8506
2.0506186	4818.4854
2.0511811	4789.6338
2.0517435	4786.1987
2.0523059	4829.9692
2.0528684	4872.1836
2.0534308	4826.9458
2.0539932	4834.936
2.0545557	4797.1694
2.0551181	4790.4678
2.0556805	4786.0889
2.0562429	4823.7686
2.0568054	4810.7056
2.0573678	4742.3198
2.0579302	4730.1855
2.0584927	4720.085
2.0590551	4792.5068
2.0596175	4721.2437
2.0601799	4710.6099
2.0607424	4657.0933
2.0613048	4632.6255
2.0618672	4599.0093
2.0624297	4527.8218
2.0629921	4541.6709
2.0635545	4447.8213
2.064117	4406.5278
2.0646794	4343.187
2.0652418	4263.0908
2.0658042	4225.9385
2.0663667	4209.1045
2.0669291	4168.8423
2.0674915	4110.3569
2.068054	4039.1995
2.0686164	3957.8848
2.0691788	3881.9465
2.0697412	3819.6477
2.0703037	3756.8538
2.0708661	3717.2837
2.0714285	3687.7463
2.071991	3612.6926
2.0725534	3590.7986
2.0731158	3539.4026
2.0736783	3475.3928
2.0742407	3401.8806
2.0748031	3378.1731
2.0753655	3362.158
2.075928	3309.4534
2.0764904	3283.4355
2.0770528	3152.428
2.0776153	3147.6489
2.0781777	3150.7644
2.0787401	3107.4272
2.0793025	3056.7832
2.079865	3027.0732
2.0804274	2989.4043
2.0809898	2903.2078
2.0815523	2913.5732
2.0821147	2825.6799
2.0826771	2776.7886
2.0832396	2755.1426
2.083802	2716.1758
2.0843644	2648.4497
2.0849268	2599.0332
2.0854893	2583.5476
2.0860517	2484.4673
2.0866141	2391.3713
2.0871766	2346.1206
2.087739	2311.6824
2.0883014	2250.8669
2.0888638	2201.9197
2.0894263	2162.4888
2.0899887	2108.249
2.0905511	2044.9591
2.0911136	2040.1554
2.091676	2033.0231
2.0922384	1955.9247
2.0928009	1879.2234
2.0933633	1852.7466
2.0939257	1838.5259
2.0944881	1802.2598
2.0950506	1754.7231
2.095613	1721.421
2.0961754	1708.8788
2.0967379	1675.0499
2.0973003	1676.7513
2.0978627	1610.9456
2.0984251	1575.6401
2.0989876	1562.0518
2.09955	1541.129
2.1001124	1504.3088
2.1006749	1485.6539
2.1012373	1480.0941
2.1017997	1445.1104
2.1023622	1396.3147
2.1029246	1344.5663
2.103487	1303.3622
2.1040494	1291.5093
2.1046119	1265.3263
2.1051743	1211.1437
2.1057367	1175.578
2.1062992	1168.0879
2.1068616	1160.0537
2.107424	1111.8942
2.1079865	1057.1707
2.1085489	1068.2711
2.1091113	1037.7771
2.1096737	989.06848
2.1102362	956.37085
2.1107986	944.18433
2.111361	885.44012
2.1119235	914.14172
2.1124859	890.48438
2.1130483	855.14575
2.1136107	845.03711
2.1141732	859.97186
2.1147356	841.39191
2.115298	815.46887
2.1158605	813.76532
2.1164229	793.94037
2.1169853	773.91614
2.1175478	765.74097
2.1181102	740.20605
2.1186726	746.039
2.119235	718.47455
2.1197975	695.96136
2.1203599	689.88287
2.1209223	691.73816
2.1214848	677.64972
2.1220472	665.19464
2.1226096	651.3714
2.123172	640.8598
2.1237345	628.44489
2.1242969	608.31622
2.1248593	581.00085
2.1254218	581.82886
2.1259842	576.74896
2.1265466	561.42963
2.1271091	543.96716
2.1276715	533.08716
2.1282339	521.52747
2.1287963	525.72644
2.1293588	516.58386
2.1299212	499.50635
2.1304836	490.44214
2.1310461	502.49051
2.1316085	497.55191
2.1321709	481.65198
2.1327333	456.08176
2.1332958	450.12851
2.1338582	465.42847
2.1344206	458.3692
2.1349831	428.83041
2.1355455	441.43347
2.1361079	441.43848
2.1366704	436.05328
2.1372328	443.59106
2.1377952	412.48694
2.1383576	398.71552
2.1389201	393.86044
2.1394825	389.51782
2.1400449	383.18561
2.1406074	379.54358
2.1411698	360.7825
2.1417322	371.96823
2.1422946	366.0318
2.1428571	355.60159
2.1434195	367.83093
2.1439819	349.11514
2.1445444	347.72101
2.1451068	343.73019
2.1456692	344.15311
2.1462317	346.94119
2.1467941	320.96457
2.1473565	310.63339
2.1479189	308.591
2.1484814	300.17276
2.1490438	287.63336
2.1496062	289.9389
2.1501687	287.51279
2.1507311	292.10052
2.1512935	288.76035
2.1518559	283.53394
2.1524184	291.36392
2.1529808	296.20288
2.1535432	278.81152
2.1541057	279.11026
2.1546681	282.44769
2.1552305	267.17239
2.155793	277.63181
2.1563554	252.4437
2.1569178	253.5675
2.1574802	263.85706
2.1580427	256.81949
2.1586051	240.7664
2.1591675	234.71835
2.15973	242.27165
2.1602924	252.58138
2.1608548	255.29671
2.1614172	250.49385
2.1619797	244.25856
2.1625421	239.93095
2.1631045	236.41835
2.163667	232.88509
2.1642294	232.08652
2.1647918	222.75253
2.1653543	221.03438
2.1659167	224.22182
2.1664791	227.40843
2.1670415	230.59413
2.167604	211.56102
2.1681664	207.89536
2.1687288	211.29289
2.1692913	206.28674
2.1698537	199.14067
2.1704161	215.33733
2.1709785	222.15944
2.171541	212.65784
2.1721034	191.32065
2.1726658	196.86378
2.1732283	182.26627
2.1737907	176.3643
2.1743531	183.11281
2.1749156	191.00366
2.175478	192.58371
2.1760404	190.09357
2.1766028	185.03688
2.1771653	180.79623
2.1777277	184.73842
2.1782901	187.20615
2.1788526	193.22855
2.179415	193.66103
2.1799774	183.03506
2.1805398	175.17175
2.1811023	192.05525
2.1816647	197.82045
2.1822271	189.45392
2.1827896	175.30893
2.183352	185.50409
2.1839144	189.18372
2.1844769	183.24411
2.1850393	171.68317
2.1856017	170.11778
2.1861641	172.89322
2.1867266	176.02054
2.187289	177.14052
2.1878514	174.86533
2.1884139	173.30411
2.1889763	170.48744
2.1895387	166.1452
2.1901011	160.50281
2.1906636	154.26825
2.191226	157.72401
2.1917884	157.43123
2.1923509	158.10461
2.1929133	161.90941
2.1934757	151.03127
2.1940382	150.26259
2.1946006	152.63016
2.195163	155.18353
2.1957254	155.95876
2.1962879	150.13199
2.1968503	149.52414
2.1974127	149.87109
2.1979752	147.44711
2.1985376	153.63261
2.1991	144.16273
2.1996624	137.37463
2.2002249	139.32047
2.2007873	146.26552
2.2013497	139.41179
2.2019122	138.76483
2.2024746	143.85054
2.203037	150
2.2035995	150
2.2041619	137.02522
2.2047243	130.6458
2.2052867	140.06012
2.2058492	130.84227
2.2064116	124.70038
2.206974	125.81513
2.2075365	132.89023
2.2080989	137.49017
2.2086613	133.23132
2.2092237	123.84859
2.2097862	119.24612
2.2103486	134.54941
2.210911	132.03235
2.2114735	122.39512
2.2120359	119.67167
2.2125983	134.79907
2.2131608	130.22145
2.2137232	127.88163
2.2142856	129.25092
2.214848	133.33234
2.2154105	127.24066
2.2159729	130.2419
2.2165353	131.53313
2.2170978	128.74577
2.2176602	127.2258
2.2182226	117.9466
2.218785	116.65083
2.2193475	120.85083
2.2199099	115.54118
2.2204723	124.53082
2.2210348	125.05455
2.2215972	119.21776
2.2221596	116.19048
2.2227221	111.0388
2.2232845	113.183
2.2238469	116.45661
2.2244093	111.16906
2.2249718	111.73051
2.2255342	112.48499
2.2260966	113.23916
2.2266591	113.99283
2.2272215	108.77609
2.2277839	106.50061
2.2283463	105.74798
2.2289088	105.01202
2.2294712	107.26801
2.2300336	106.47796
2.2305961	108.61738
2.2311585	118.82127
2.2317209	104.56974
2.2322834	108.6599
2.2328458	115.705
2.2334082	111.94315
2.2339706	106.70258
2.2345331	113.58678
2.2350955	118.20199
2.2356579	107.01026
2.2362204	113.73318
2.2367828	116
2.2373452	115.51733
2.2379076	114.0243
2.2384701	102.26497
2.2390325	106.13811
2.2395949	113.43427
2.2401574	108.22183
2.2407198	115.83744
2.2412822	113.52528
2.2418447	108.99688
2.2424071	116.43149
2.2429695	113.57127
2.2435319	113.28401
2.2440944	116.01971
2.2446568	120.46925
2.2452192	123.6109
2.2457817	117.91519
2.2463441	108.47594
2.2469065	116.61809
2.2474689	113.0881
2.2480314	111.41307
2.2485938	116.02934
2.2491562	132.27795
2.2497187	134.29291
2.2502813	127.47488
2.2508438	115.49014
2.2514062	123.59666
2.2519686	119.78221
2.2525311	117.05481
2.2530935	125.89002
2.2536559	118.73804
2.2542183	113.693
2.2547808	113.35678
2.2553432	122.17274
2.2559056	111.02814
2.2564681	108.58949
2.2570305	113.73546
2.2575929	112.26933
2.2581553	103.62762
2.2587178	103.28689
2.2592802	113.24968
2.2598426	104.472
2.2604051	106.72633
2.2609675	107.67189
2.2615299	98.174515
2.2620924	107.31709
2.2626548	105.19681
2.2632172	98.527351
2.2637796	100.71498
2.2643421	106.06739
2.2649045	111.89299
2.2654669	118.43448
2.2660294	130.07668
2.2665918	120.4782
2.2671542	110.54245
2.2677166	111.99548
2.2682791	110.55238
2.2688415	117.6433
2.2694039	126.29974
2.2699664	123.39991
2.2705288	127.37215
2.2710912	133.13902
2.2716537	137.11241
2.2722161	118.29829
2.2727785	123.39042
2.2733409	130.57526
2.2739034	123.35014
2.2744658	120.25169
2.2750282	117.77369
2.2755907	115.08903
2.2761531	110.04072
2.2767155	117.00782
2.2772779	119.19965
2.2778404	110.03722
2.2784028	112.19551
2.2789652	112.09775
2.2795277	110.65965
2.2800901	109.22254
2.2806525	103.53949
2.281215	96.754807
2.2817774	90.379417
2.2823398	96.832611
2.2829022	96.620445
2.2834647	93.422859
2.2840271	91.274406
2.2845895	105.35461
2.285152	109.58637
2.2857144	101.38308
2.2862768	106.384
2.2868392	102.20082
2.2874017	97.774162
2.2879641	104.19613
2.2885265	104.37595
2.289089	102.65211
2.2896514	99.802338
2.2902138	96.954163
2.2907763	99.785744
2.2913387	103.07612
2.2919011	99.519119
2.2924635	101.42738
2.293026	98.559273
2.2935884	89.27285
2.2941508	96.367592
2.2947133	96.32341
2.2952757	93.15522
2.2958381	93.863838
2.2964005	90.568314
2.296963	90.239449
2.2975254	95.903313
2.2980878	100.17037
2.2986503	97.980431
2.2992127	93.302849
2.2997751	101.77576
2.3003376	99.836708
2.3009	98.711166
2.3014624	107.17395
2.3020248	103.5479
2.3025873	105.42676
2.3031497	114.17869
2.3037121	116.99374
2.3042746	114.3857
2.304837	110.46448
2.3053994	112.57261
2.3059618	124.75468
2.3065243	135.57051
2.3070867	139.78175
2.3076491	126.70183
2.3082116	124.75723
2.308774	132.59972
2.3093364	128.39847
2.3098989	115.32524
2.3104613	103.50114
2.3110237	109.79368
2.3115861	111.5648
2.3121486	110.9464
2.312711	108.15304
2.3132734	108
2.3138359	107.64269
2.3143983	106.83625
2.3149607	104.74555
2.3155231	102.65604
2.3160856	100.71164
2.316648	99.319901
2.3172104	94.17955
2.3177729	89.538277
2.3183353	88.14859
2.3188977	104.12488
2.3194602	108.3401
2.3200226	96
2.320585	96
2.3211474	101.92149
2.3217099	112.57901
2.3222723	125.04584
2.3228347	129
2.3233972	129
2.3239596	129
2.324522	132.28082
2.3250844	143.31754
2.3256469	167.48763
2.3262093	210.80443
2.3267717	249.86166
2.3273342	280.89209
2.3278966	285.80734
2.328459	312.78223
2.3290215	354.25531
2.3295839	357.00797
2.3301463	361.51804
2.3307087	380.37772
2.3312712	458.02615
2.3318336	442.41916
2.332396	385.3692
2.3329585	309.89212
2.3335209	252.92813
2.3340833	206.76053
2.3346457	172.50259
2.3352082	162.85251
2.3357706	153.31425
2.336333	140.31511
2.3368955	131.99368
2.3374579	128.70131
2.3380203	129.79713
2.3385828	125.70045
2.3391452	128.78966
2.3397076	135.34857
2.34027	129.89581
2.3408325	133.33234
2.3413949	140.37648
2.3419573	142.4189
2.3425198	137.15808
2.3430822	133.50647
2.3436446	143.70387
2.344207	153.89674
2.3447695	164.29037
2.3453319	175.14883
2.3458943	177
2.3464568	179.65466
2.3470192	187.11128
2.3475816	217.23174
2.3481441	255.33784
2.3487065	300.69022
2.3492689	364.2056
2.3498313	410.92532
2.3503938	435.26581
2.3509562	486.44791
2.3515186	531.83441
2.3520811	570.60907
2.3526435	646.83649
2.3532059	712.04797
2.3537683	763.25037
2.3543308	721.49817
2.3548932	635.13245
2.3554556	517.18652
2.3560181	449.94022
2.3565805	387.42047
2.3571429	330.87296
2.3577054	298.64066
2.3582678	274.5748
2.3588302	253.95734
2.3593926	219.7592
2.3599551	195.23294
2.3605175	179.99561
2.3610799	187.36121
2.3616424	180.55173
2.3622048	167.01369
2.3627672	160.32527
2.3633296	153.64058
2.3638921	147.58337
2.3644545	144.9118
2.3650169	144
2.3655794	144.85469
2.3661418	150.19028
2.3667042	145.83493
2.3672667	137.89331
2.3678291	137.22731
2.3683915	138.75333
2.3689539	143.79958
2.3695164	161.75139
2.3700788	167.13383
2.3706412	163.95505
2.3712037	150.00824
2.3717661	154.35367
2.3723285	167.35411
2.3728909	170.00691
2.3734534	178.46239
2.3740158	187.7659
2.3745782	177.17555
2.3751407	178.61139
2.3757031	187.56226
2.3762655	193.51265
2.376828	190.23311
2.3773904	180.63983
2.3779528	175.35948
2.3785152	168.25488
2.3790777	159.92546
2.3796401	157.94753
2.3802025	153.22612
2.380765	145.98351
2.3813274	139.39963
2.3818898	136
2.3824522	136
2.3830147	127.13626
2.3835771	124.03159
2.3841395	128.63132
2.384702	131.41505
2.3852644	128.58141
2.3858268	117.43239
2.3863893	117.71375
2.3869517	116.96075
2.3875141	111.06489
2.3880765	108.39146
2.388639	105.6669
2.3892014	101.08885
2.3897638	85.556786
2.3903263	70.545609
2.3908887	68.585762
2.3914511	63.883457
2.3920135	61.853291
2.392576	78.81044
2.3931384	101.5518
2.3937008	128.46709
2.3942633	162.98587
2.3948257	196.74794
2.3953881	230.30867
2.3959506	277.12457
2.396513	329.97028
2.3970754	389.09149
2.3976378	477.22214
2.3982003	570.80347
2.3987627	670.04108
2.3993251	755.74481
2.3998876	815.39575
2.40045	825.75928
2.4010124	948.7937
2.4015749	1040.4398
2.4021373	933.71234
2.4026997	700.20282
2.4032621	431.93011
2.4038246	287.8443
2.404387	174.35614
2.4049494	83.793724
2.4055119	39.296444
2.4060743	13.461702
2.4066367	6.3698702
2.4071991	3.5583193
2.4077616	4.0343142
2.408324	9.1835661
2.4088864	7.8347721
2.4094489	5.6311774
2.4100113	4.3459682
2.4105737	4.4693646
2.4111362	4.6653247
2.4116986	2.7396092
2.412261	2.3949389
2.4128234	2.9638736
2.4133859	2.3230147
2.4139483	1.6825011
2.4145107	1.0423379
2.4150732	1.5978253
2.4156356	3.4259956
2.416198	7.2617702
2.4167604	1.8082672
2.4173229	-3.2259934
2.4178853	-0.033840179
2.4184477	1
2.4190102	1.1388785
2.4195726	2.4136696
2.420135	1.9675874
2.4206975	0.055917084
2.4212599	2.4723341
2.4218223	2.981935
2.4223847	0.43785179
2.4229472	2.6313705
2.4235096	4.0290723
2.424072	0.21808468
2.4246345	0.29610243
2.4251969	2.2008131
2.4257593	4.1032333
2.4263217	4.6649623
2.4268842	4.0311627
2.4274466	2.1930616
2.428009	1.4710376
2.4285715	2.7365963
2.4291339	4.0016174
2.4296963	4.600575
2.4302588	2.7047799
2.4308212	2.7935851
2.4313836	3.9432738
2.431946	2.6811008
2.4325085	2
2.4330709	2
2.4336333	3.1020441
2.4341958	3.6380961
2.4347582	2.3789544
2.4353206	0.24056545
2.435883	-1.6548091
2.4364455	1.4888493
2.4370079	2.6738462
2.4375703	2.045784
2.4381328	1.417877
2.4386952	1
2.4392576	1
2.4398201	1.9280043
2.4403825	3
2.4409449	3
2.4415073	2.3131404
2.4420698	1.0610166
2.4426322	1.5949221
2.4431946	2
2.4437571	2
2.4443195	1.5303019
2.4448819	1
2.4454443	1
2.4460068	1.342335
2.4465692	1.9659145
2.4471316	2
2.4476941	2.2120001
2.4482565	2.8347566
2.4488189	2.5428491
2.4493814	2
2.4499438	2
2.4505062	2.3224614
2.4510686	2.9439054
2.4516311	3.564754
2.4521935	3.4436615
2.4527559	1.5822715
2.4533184	0.57396346
2.4538808	0.2298114
2.4544432	3.3264263
2.4550056	4.1463995
2.4555681	2.2889183
2.4561305	1.4778309
2.4566929	1.5619249
2.4572554	4.0346723
2.4578178	3.8706186
2.4583802	2.0179999
2.4589427	0.16586132
2.4595051	-0.086165689
2.4600675	2.3801188
2.4606299	2.0770395
2.4611924	1.233366
2.4617548	3.0801833
2.4623172	4.6176782
2.4628797	5.8482471
2.4634421	4.9217463
2.4640045	3.5380886
2.4645669	1.694639
2.4651294	1.7650766
2.4656918	2.992764
2.4662542	-0.050334506
2.4668167	-0.88269889
2.4673791	2.181735
2.4679415	3.4490004
2.468504	4
2.4690664	4
2.4696288	2.5722194
2.4701912	-0.48665151
2.4707537	-0.49142307
2.4713161	0
2.4718785	0
2.472441	1.7051884
2.4730034	4.7569366
2.4735658	2.1942194
2.4741282	0.8541528
2.4746907	3.901958
2.4752531	2.6626999
2.4758155	-0.99088991
2.476378	2.6416597
2.4769404	4.3542886
2.4775028	2.5303185
2.4780653	2.8617682
2.4786277	4
2.4791901	4
2.4797525	4
2.480315	4
2.4808774	2.6039603
2.4814398	1.214276
2.4820023	3.0316882
2.4825647	3.717257
2.4831271	3.1120744
2.4836895	4.4785652
2.484252	5.5117393
2.4848144	2.4897034
2.4853768	2.8373866
2.4859393	6.4610448
2.4865017	4.4313879
2.4870641	1.882888
2.4876266	1.2798713
2.488189	0.67710221
2.4887514	0.074547619
2.4893138	2.6380134
2.4898763	4.6112099
2.4904387	2.8063123
2.4910011	1.6673927
2.4915636	1.0662202
2.492126	2.0693598
2.4926884	3.1354082
2.4932508	3.7356629
2.4938133	3.6643384
2.4943757	3.0645413
2.4949381	0.32576293
2.4955006	-1.329405
2.496063	1.6657718
2.4966254	3
2.4971879	3
2.4977503	3.5283055
2.4983127	4
2.4988751	4
2.4994376	3.3575451
2.5	2.1634166
