1.5	37.962433
1.5005624	40.413647
1.5011249	41.073868
1.5016873	39.8424
1.5022497	37.924671
1.5028121	33.246674
1.5033746	36.534477
1.503937	40.588444
1.5044994	35.940697
1.5050619	37.944847
1.5056243	37.11932
1.5061867	38.72871
1.5067492	41.385303
1.5073116	40.786827
1.507874	42.440849
1.5084364	39.997814
1.5089989	37.627331
1.5095613	38.839722
1.5101237	35.197468
1.5106862	38.759838
1.5112486	40.436031
1.511811	36.548485
1.5123734	38.72765
1.5129359	39.295979
1.5134983	36.784618
1.5140607	37.943729
1.5146232	43.35762
1.5151856	37.820267
1.515748	38.400356
1.5163105	36.542309
1.5168729	36.506588
1.5174353	38.971607
1.5179977	43.199989
1.5185602	37.200645
1.5191226	37.36742
1.519685	35.120762
1.5202475	35.61795
1.5208099	36.415089
1.5213723	37.364849
1.5219347	40.086487
1.5224972	39.716805
1.5230596	36.881111
1.523622	37.841167
1.5241845	39.707504
1.5247469	37.866814
1.5253093	37.51786
1.5258718	35.027382
1.5264342	37.293453
1.5269966	39.391228
1.527559	39.321777
1.5281215	39.829971
1.5286839	39.556011
1.5292463	36.900105
1.5298088	37.558537
1.5303712	33.738472
1.5309336	38.556538
1.531496	36.288074
1.5320585	38.658321
1.5326209	35.840271
1.5331833	35.701511
1.5337458	35.003841
1.5343082	39.987247
1.5348706	33.229576
1.5354331	36.00238
1.5359955	37.642109
1.5365579	35.042767
1.5371203	37.961227
1.5376828	34.74633
1.5382452	36.270306
1.5388076	36.933395
1.5393701	38.840599
1.5399325	37.716022
1.5404949	36.601105
1.5410573	35.602959
1.5416198	38.717182
1.5421822	38.14616
1.5427446	39.411278
1.5433071	33.792797
1.5438695	32.808273
1.5444319	39.674431
1.5449944	37.62413
1.5455568	39.165524
1.5461192	37.243477
1.5466816	42.121792
1.5472441	37.070641
1.5478065	38.684662
1.5483689	36.608974
1.5489314	39.354729
1.5494938	37.086418
1.5500562	38.431122
1.5506186	34.163754
1.5511811	42.288906
1.5517435	31.03055
1.5523059	37.333481
1.5528684	36.111504
1.5534308	42.575821
1.5539932	39.225117
1.5545557	32.644344
1.5551181	36.10207
1.5556805	31.423498
1.5562429	36.524517
1.5568054	39.925674
1.5573678	39.526508
1.5579302	35.148846
1.5584927	40.071182
1.5590551	34.885265
1.5596175	31.506441
1.5601799	35.331249
1.5607424	33.866936
1.5613048	37.483952
1.5618672	40.982033
1.5624297	39.410126
1.5629921	35.045212
1.5635545	37.598145
1.564117	36.150501
1.5646794	35.874203
1.5652418	39.375252
1.5658042	37.641651
1.5663667	35.346073
1.5669291	35.660667
1.5674915	33.444
1.568054	38.157639
1.5686164	34.935909
1.5691788	36.848476
1.5697412	36.017513
1.5703037	35.440659
1.5708661	39.98859
1.5714285	40.359016
1.571991	34.84845
1.5725534	35.289356
1.5731158	37.968224
1.5736783	34.822208
1.5742407	37.206989
1.5748031	37.256363
1.5753655	41.99387
1.575928	36.674442
1.5764904	37.352062
1.5770528	39.87999
1.5776153	36.808041
1.5781777	37.42371
1.5787401	39.286449
1.5793025	41.295044
1.579865	32.217262
1.5804274	38.481339
1.5809898	35.627598
1.5815523	39.727116
1.5821147	34.499584
1.5826771	35.728622
1.5832396	36.613415
1.583802	34.675728
1.5843644	37.501675
1.5849268	37.022427
1.5854893	35.201427
1.5860517	38.183662
1.5866141	33.984184
1.5871766	39.13998
1.587739	37.682388
1.5883014	35.608845
1.5888638	35.584698
1.5894263	35.123573
1.5899887	38.127987
1.5905511	39.416569
1.5911136	42.890469
1.591676	35.507145
1.5922384	39.968216
1.5928009	36.227356
1.5933633	36.195511
1.5939257	37.675179
1.5944881	40.969692
1.5950506	32.529835
1.595613	36.995686
1.5961754	40.066051
1.5967379	41.606209
1.5973003	36.431957
1.5978627	36.726143
1.5984251	37.798485
1.5989876	40.387138
1.59955	32.192524
1.6001124	33.409027
1.6006749	32.685303
1.6012373	34.116062
1.6017997	39.032913
1.6023622	41.148037
1.6029246	39.401497
1.603487	42.14431
1.6040494	33.625336
1.6046119	38.265694
1.6051743	36.100819
1.6057367	37.009605
1.6062992	37.944099
1.6068616	36.364136
1.607424	37.783241
1.6079865	42.38942
1.6085489	40.234974
1.6091113	40.034134
1.6096737	40.010994
1.6102362	37.960842
1.6107986	32.777981
1.611361	36.455517
1.6119235	32.458363
1.6124859	34.441189
1.6130483	37.211292
1.6136107	33.702869
1.6141732	35.614563
1.6147356	39.307129
1.615298	34.594666
1.6158605	39.290642
1.6164229	35.732685
1.6169853	38.597588
1.6175478	36.192638
1.6181102	36.209377
1.6186726	38.93853
1.619235	37.171711
1.6197975	32.092911
1.6203599	35.29071
1.6209223	35.938686
1.6214848	37.020618
1.6220472	37.597649
1.6226096	40.082329
1.623172	36.42384
1.6237345	33.198677
1.6242969	44.383671
1.6248593	35.760284
1.6254219	42.64864
1.6259843	40.337971
1.6265467	34.758999
1.6271092	31.419901
1.6276716	34.915283
1.628234	38.717487
1.6287965	35.214828
1.6293589	39.270828
1.6299213	38.702415
1.6304837	35.942158
1.6310462	39.994728
1.6316086	36.8311
1.632171	34.789051
1.6327335	39.689674
1.6332959	40.543125
1.6338583	35.70311
1.6344208	35.69239
1.6349832	37.159618
1.6355456	33.503757
1.636108	33.908321
1.6366705	38.864246
1.6372329	37.749195
1.6377953	40.293331
1.6383578	33.256321
1.6389202	34.618721
1.6394826	36.448341
1.640045	38.80566
1.6406075	37.700428
1.6411699	39.538792
1.6417323	45.116375
1.6422948	38.69524
1.6428572	37.373421
1.6434196	38.333477
1.6439821	38.293533
1.6445445	38.253593
1.6451069	37.21365
1.6456693	35.022591
1.6462318	34.560768
1.6467942	38.589302
1.6473566	34.638062
1.6479191	41.744064
1.6484815	36.384125
1.6490439	35.378334
1.6496063	42.924141
1.6501688	38.047119
1.6507312	33.949707
1.6512936	43.334206
1.6518561	39.132915
1.6524185	36.719532
1.6529809	35.482677
1.6535434	37.614517
1.6541058	35.732391
1.6546682	37.713692
1.6552306	37.284595
1.6557931	33.538433
1.6563555	35.237583
1.6569179	38.047726
1.6574804	37.334923
1.6580428	33.958908
1.6586052	34.047604
1.6591676	35.39476
1.6597301	35.495716
1.6602925	33.74218
1.6608549	31.493534
1.6614174	38.997868
1.6619798	37.269833
1.6625422	33.02927
1.6631047	36.388039
1.6636671	37.343681
1.6642295	34.786018
1.6647919	33.38784
1.6653544	36.701122
1.6659168	40.028057
1.6664792	32.217518
1.6670417	35.466175
1.6676041	35.410767
1.6681665	38.47863
1.6687289	37.89856
1.6692914	34.316727
1.6698538	36.405937
1.6704162	31.539114
1.6709787	37.376308
1.6715411	35.374252
1.6721035	31.296637
1.672666	33.292461
1.6732284	37.975227
1.6737908	35.176598
1.6743532	36.26358
1.6749157	40.248623
1.6754781	33.28825
1.6760405	36.22139
1.676603	34.976887
1.6771654	36.639103
1.6777278	32.074234
1.6782902	27.86722
1.6788527	38.064735
1.6794151	39.526657
1.6799775	34.735783
1.68054	40.697289
1.6811024	36.929462
1.6816648	33.107273
1.6822273	34.099586
1.6827897	38.924015
1.6833521	36.497578
1.6839145	37.808052
1.684477	40.343121
1.6850394	39.63641
1.6856018	35.303642
1.6861643	33.940479
1.6867267	35.976681
1.6872891	46.198452
1.6878515	35.789421
1.688414	34.000603
1.6889764	37.825867
1.6895388	38.941406
1.6901013	37.807411
1.6906637	38.978333
1.6912261	42.976063
1.6917886	35.067616
1.692351	36.858501
1.6929134	33.312302
1.6934758	32.219719
1.6940383	36.112537
1.6946007	32.394203
1.6951631	30.47979
1.6957256	36.650719
1.696288	36.552631
1.6968504	36.204628
1.6974128	40.052269
1.6979753	39.573067
1.6985377	35.677742
1.6991001	35.029457
1.6996626	32.078747
1.700225	34.372417
1.7007874	40.259369
1.7013499	44.739044
1.7019123	39.55283
1.7024747	30.937187
1.7030371	36.099602
1.7035996	36.059658
1.704162	35.209187
1.7047244	36.318836
1.7052869	35.591087
1.7058493	33.725807
1.7064117	39.04063
1.7069741	37.820007
1.7075366	34.808037
1.708099	34.901546
1.7086614	34.402802
1.7092239	36.515327
1.7097863	31.462442
1.7103487	40.443451
1.7109112	37.540413
1.7114736	38.496635
1.712036	38.902267
1.7125984	39.665543
1.7131609	36.324272
1.7137233	30.202742
1.7142857	34.689556
1.7148482	36.350136
1.7154106	31.503498
1.715973	35.417591
1.7165354	35.115326
1.7170979	32.524319
1.7176603	29.998198
1.7182227	33.060913
1.7187852	36.10754
1.7193476	36.467655
1.71991	40.901333
1.7204725	37.90131
1.7210349	28.283075
1.7215973	29.626545
1.7221597	34.741566
1.7227222	35.197456
1.7232846	37.947674
1.723847	41.621738
1.7244095	38.664642
1.7249719	37.094669
1.7255343	35.7757
1.7260967	32.94162
1.7266592	38.763191
1.7272216	39.983578
1.727784	39.481419
1.7283465	37.944611
1.7289089	34.507999
1.7294713	33.856236
1.7300338	34.182377
1.7305962	32.578754
1.7311586	34.702702
1.731721	36.676792
1.7322835	31.678551
1.7328459	30.666029
1.7334083	30.170729
1.7339708	35.86042
1.7345332	40.591064
1.7350956	37.980835
1.735658	38.782955
1.7362205	40.048866
1.7367829	39.803932
1.7373453	35.508141
1.7379078	31.347208
1.7384702	36.216095
1.7390326	34.791435
1.7395951	40.503357
1.7401575	40.822712
1.7407199	37.225231
1.7412823	37.740555
1.7418448	44.872643
1.7424072	40.253334
1.7429696	38.941124
1.7435321	36.223763
1.7440945	38.261616
1.7446569	41.926296
1.7452193	40.640427
1.7457818	38.519997
1.7463442	35.181763
1.7469066	42.984108
1.7474691	44.634987
1.7480315	42.987522
1.7485939	35.572155
1.7491564	38.155392
1.7497188	41.122349
1.7502812	41.744453
1.7508436	33.797791
1.7514061	49.567879
1.7519685	42.662666
1.7525309	41.441151
1.7530934	29.808479
1.7536558	29.86681
1.7542182	37.204971
1.7547807	36.827301
1.7553431	39.955177
1.7559055	37.188927
1.7564679	45.29784
1.7570304	42.918568
1.7575928	38.225204
1.7581552	40.811871
1.7587177	39.530655
1.7592801	43.248577
1.7598425	35.859001
1.7604049	43.094318
1.7609674	41.645939
1.7615298	37.142635
1.7620922	41.750809
1.7626547	36.98793
1.7632171	42.512959
1.7637795	45.326622
1.764342	43.790848
1.7649044	40.278946
1.7654668	47.772907
1.7660292	43.408424
1.7665917	42.192135
1.7671541	41.54356
1.7677165	39.099644
1.768279	37.061371
1.7688414	40.061733
1.7694038	47.222385
1.7699662	42.319576
1.7705287	38.327061
1.7710911	44.675999
1.7716535	44.035564
1.772216	39.59716
1.7727784	49.050934
1.7733408	38.736603
1.7739033	36.687725
1.7744657	45.182709
1.7750281	48.928688
1.7755905	48.903408
1.776153	35.788563
1.7767154	42.552578
1.7772778	49.51199
1.7778403	53.50227
1.7784027	47.427238
1.7789651	42.156609
1.7795275	45.562443
1.78009	43.550781
1.7806524	41.355255
1.7812148	42.86948
1.7817773	48.46616
1.7823397	44.878399
1.7829021	42.805931
1.7834646	42.269352
1.784027	40.608429
1.7845894	45.820953
1.7851518	42.635658
1.7857143	52.747894
1.7862767	43.017818
1.7868391	42.295326
1.7874016	40.887489
1.787964	45.949181
1.7885264	41.725594
1.7890888	48.038593
1.7896513	42.449059
1.7902137	41.563171
1.7907761	39.180721
1.7913386	44.886463
1.791901	48.236252
1.7924634	45.748791
1.7930259	45.187492
1.7935883	46.735924
1.7941507	47.628963
1.7947131	51.478771
1.7952756	47.859367
1.795838	49.288155
1.7964004	38.891178
1.7969629	43.894417
1.7975253	44.86581
1.7980877	46.373562
1.7986501	53.654766
1.7992126	48.973858
1.799775	44.297054
1.8003374	46.041714
1.8008999	45.749432
1.8014623	43.19492
1.8020247	50.866188
1.8025872	54.873032
1.8031496	47.716217
1.803712	50.581532
1.8042744	53.177586
1.8048369	50.213665
1.8053993	46.056129
1.8059617	52.311138
1.8065242	54.956055
1.8070866	52.198273
1.807649	49.758213
1.8082114	44.135357
1.8087739	46.253437
1.8093363	46.743717
1.8098987	50.538509
1.8104612	44.910118
1.8110236	50.309128
1.811586	53.541233
1.8121485	48.905079
1.8127109	45.116066
1.8132733	51.623329
1.8138357	50.501221
1.8143982	53.197453
1.8149606	51.360268
1.815523	50.545147
1.8160855	54.40089
1.8166479	52.461697
1.8172103	54.068096
1.8177727	54.451672
1.8183352	55.722397
1.8188976	48.722115
1.81946	52.297497
1.8200225	52.824158
1.8205849	52.761379
1.8211473	54.80304
1.8217098	50.705513
1.8222722	55.746941
1.8228346	59.480911
1.823397	61.48777
1.8239595	60.070698
1.8245219	49.344002
1.8250843	59.081932
1.8256468	48.149677
1.8262092	58.483807
1.8267716	53.845783
1.827334	55.984756
1.8278965	57.198708
1.8284589	58.402702
1.8290213	58.901283
1.8295838	50.656376
1.8301462	57.481503
1.8307086	55.885525
1.8312711	57.077419
1.8318335	57.236652
1.8323959	50.71439
1.8329583	59.247337
1.8335208	57.416924
1.8340832	53.984459
1.8346456	60.897854
1.8352081	58.080769
1.8357705	55.764538
1.8363329	57.92458
1.8368953	57.867077
1.8374578	57.393394
1.8380202	57.210754
1.8385826	55.669224
1.8391451	62.227684
1.8397075	57.648285
1.8402699	59.31554
1.8408324	60.87022
1.8413948	67.706429
1.8419572	64.056816
1.8425196	59.419823
1.8430821	59.467735
1.8436445	65.139397
1.8442069	59.959759
1.8447694	64.496689
1.8453318	59.41888
1.8458942	62.927277
1.8464566	60.928173
1.8470191	59.432465
1.8475815	64.9842
1.8481439	63.423782
1.8487064	62.010277
1.8492688	62.040359
1.8498312	62.771297
1.8503937	63.981064
1.8509561	70.879105
1.8515185	65.32756
1.8520809	57.914429
1.8526434	64.576691
1.8532058	66.719055
1.8537682	63.956875
1.8543307	61.791046
1.8548931	62.896614
1.8554555	61.725361
1.8560179	61.658363
1.8565804	64.666054
1.8571428	68.786636
1.8577052	68.290726
1.8582677	62.689194
1.8588301	70.358566
1.8593925	67.050507
1.859955	75.391365
1.8605174	75.607742
1.8610798	71.998863
1.8616422	66.532631
1.8622047	70.740799
1.8627671	72.517387
1.8633295	81.330643
1.863892	74.838165
1.8644544	71.542435
1.8650168	82.92041
1.8655792	84.701111
1.8661417	87.299538
1.8667041	80.22599
1.8672665	77.387833
1.867829	78.83593
1.8683914	79.868401
1.8689538	86.373123
1.8695163	85.624306
1.8700787	86.531532
1.8706411	88.169998
1.8712035	84.043953
1.871766	92.414368
1.8723284	91.92865
1.8728908	90.2173
1.8734533	84.395256
1.8740157	82.882835
1.8745781	94.802986
1.8751407	92.154747
1.8757031	83.785873
1.8762655	88.403534
1.876828	96.028755
1.8773904	98.444672
1.8779528	91.364914
1.8785152	88.187111
1.8790777	96.638809
1.8796401	93.13607
1.8802025	103.14363
1.880765	95.795204
1.8813274	99.892502
1.8818898	99.112709
1.8824522	107.77953
1.8830147	100.1881
1.8835771	103.71816
1.8841395	107.52798
1.884702	108.4214
1.8852644	109.98981
1.8858268	104.49135
1.8863893	113.14351
1.8869517	118.87644
1.8875141	127.18043
1.8880765	110.00394
1.888639	114.40433
1.8892014	129.98283
1.8897638	118.24983
1.8903263	111.52656
1.8908887	125.22119
1.8914511	113.09869
1.8920135	118.36521
1.892576	132.44493
1.8931384	128.29498
1.8937008	123.59262
1.8942633	136.08751
1.8948257	144.55493
1.8953881	143.13564
1.8959506	138.46754
1.896513	139.26276
1.8970754	150.20529
1.8976378	139.80728
1.8982003	128.37926
1.8987627	125.70794
1.8993251	153.51955
1.8998876	149.58565
1.90045	151.67719
1.9010124	146.5381
1.9015749	141.2785
1.9021373	143.3203
1.9026997	159.55591
1.9032621	151.81662
1.9038246	152.67108
1.904387	170.83781
1.9049494	169.80351
1.9055119	169.46025
1.9060743	172.05298
1.9066367	176.18265
1.9071991	170.48624
1.9077616	163.40457
1.908324	178.10614
1.9088864	182.06079
1.9094489	193.30847
1.9100113	188.56847
1.9105737	182.95767
1.9111362	182.72975
1.9116986	182.64113
1.912261	189.37869
1.9128234	211.90279
1.9133859	200.35645
1.9139483	206.51343
1.9145107	202.98521
1.9150732	207.62164
1.9156356	216.38466
1.916198	204.45203
1.9167604	198.45203
1.9173229	202.76808
1.9178853	199.92561
1.9184477	218.19226
1.9190102	207.49321
1.9195726	214.58926
1.920135	225.78264
1.9206975	207.96544
1.9212599	221.69168
1.9218223	224.87764
1.9223847	247.89415
1.9229472	240.28102
1.9235096	240
1.924072	237.01105
1.9246345	245.17461
1.9251969	263.83038
1.9257593	256.23227
1.9263217	263.39679
1.9268842	271.8909
1.9274466	269.80688
1.928009	268.32693
1.9285715	287.13812
1.9291339	310.63873
1.9296963	304.9436
1.9302588	288.09415
1.9308212	305.77798
1.9313836	305.16504
1.931946	312.66306
1.9325085	304.76379
1.9330709	313.61655
1.9336333	299.80771
1.9341958	354.9581
1.9347582	338.40698
1.9353206	318.2359
1.935883	334.24561
1.9364455	348
1.9370079	351.22952
1.9375703	366.94897
1.9381328	344.07501
1.9386952	356.18228
1.9392576	351.66663
1.9398201	356.78171
1.9403825	362.75937
1.9409449	368.4877
1.9415073	373.28876
1.9420698	381.21725
1.9426322	367.9472
1.9431946	379.84027
1.9437571	413.9964
1.9443195	404.41617
1.9448819	411.32358
1.9454443	438.81738
1.9460068	422.7869
1.9465692	437.42288
1.9471316	467.90939
1.9476941	492.20276
1.9482565	459.32785
1.9488189	486.97626
1.9493814	486.01404
1.9499438	500.58279
1.9505062	492.37985
1.9510686	546.68176
1.9516311	522.17889
1.9521935	512.70911
1.9527559	525.42108
1.9533184	550.69299
1.9538808	543.68365
1.9544432	557.98743
1.9550056	537.96667
1.9555681	539.42554
1.9561305	571.53107
1.9566929	576.18933
1.9572554	606.86627
1.9578178	579.87616
1.9583802	587.99805
1.9589427	604.74054
1.9595051	609.95117
1.9600675	640.43451
1.9606299	640.54724
1.9611924	630.15326
1.9617548	634.85632
1.9623172	663.70282
1.9628797	683.02057
1.9634421	686.04871
1.9640045	710.79333
1.9645669	733.65302
1.9651294	734.07959
1.9656918	744.82336
1.9662542	773.5658
1.9668167	780.41364
1.9673791	790.77673
1.9679415	827.44861
1.968504	838.40784
1.9690664	839.28503
1.9696288	858.73853
1.9701912	877.96161
1.9707537	889.76111
1.9713161	931.34589
1.9718785	907.245
1.972441	951.82172
1.9730034	982.41858
1.9735658	972.69305
1.9741282	1007.1625
1.9746907	1035.6553
1.9752531	1057.0186
1.9758155	1042.4777
1.976378	1039.7792
1.9769404	1063.8152
1.9775028	1105.4027
1.9780653	1137.8384
1.9786277	1111.3973
1.9791901	1117.1484
1.9797525	1153.8546
1.980315	1166.4474
1.9808774	1187.3617
1.9814398	1163.2368
1.9820023	1190.7004
1.9825647	1233.5822
1.9831271	1302.3174
1.9836895	1258.6497
1.984252	1291.3055
1.9848144	1327.5399
1.9853768	1286.6626
1.9859393	1360.6631
1.9865017	1394.696
1.9870641	1471.9291
1.9876266	1476.095
1.988189	1484.0212
1.9887514	1523.696
1.9893138	1548.6171
1.9898763	1596.2888
1.9904387	1629.5305
1.9910011	1629.1962
1.9915636	1653.8885
1.992126	1701.4778
1.9926884	1746.3203
1.9932508	1791.9729
1.9938133	1779.3187
1.9943757	1836.3873
1.9949381	1902.7094
1.9955006	1896.1227
1.996063	1924.6154
1.9966254	1960.6494
1.9971879	2035.8002
1.9977503	2053
1.9983127	2067.2666
1.9988751	2111.0325
1.9994376	2158.4004
2	2205.5073
2.0005624	2263.0642
2.0011249	2305.2678
2.0016873	2315.7695
2.0022497	2328.6296
2.0028121	2347.6643
2.0033746	2421.1079
2.003937	2470.9673
2.0044994	2580.9482
2.0050619	2479.0706
2.0056243	2602.9717
2.0061867	2577.054
2.0067492	2643.5024
2.0073116	2705.7927
2.007874	2746.2673
2.0084364	2776.0857
2.0089989	2839.2402
2.0095613	2909.9827
2.0101237	2899.9185
2.0106862	2918.884
2.0112486	2974.4053
2.011811	3140.4053
2.0123734	3126.5288
2.0129359	3256.7053
2.0134983	3237.2192
2.0140607	3357.9121
2.0146232	3441.6013
2.0151856	3480.2104
2.015748	3522.7253
2.0163105	3608.8369
2.0168729	3706.3828
2.0174353	3767.7778
2.0179977	3845.8755
2.0185602	3902.9419
2.0191226	4023.0398
2.019685	4099.2549
2.0202475	4204.6685
2.0208099	4272.3252
2.0213723	4301.5806
2.0219347	4428.2759
2.0224972	4481.8364
2.0230596	4498.9858
2.023622	4608.6079
2.0241845	4743.229
2.0247469	4809.126
2.0253093	4841.1021
2.0258718	5010.2334
2.0264342	5032.1182
2.0269966	5181.4644
2.027559	5195.3687
2.0281215	5244.3457
2.0286839	5319.3013
2.0292463	5371.1235
2.0298088	5386.3179
2.0303712	5437.394
2.0309336	5582.7861
2.031496	5636.3032
2.0320585	5723.0557
2.0326209	5790.1196
2.0331833	5834.0181
2.0337458	5936.4434
2.0343082	5995.8408
2.0348706	6039.7695
2.0354331	6093.9429
2.0359955	6163.8369
2.0365579	6248.4019
2.0371203	6322.3252
2.0376828	6387.9922
2.0382452	6533.1201
2.0388076	6536.5674
2.0393701	6655.8369
2.0399325	6746.6675
2.0404949	6822.5122
2.0410573	6876.063
2.0416198	6954.3237
2.0421822	7062.9893
2.0427446	7088.6377
2.0433071	7247.8389
2.0438695	7187.7881
2.0444319	7209.1729
2.0449944	7252.939
2.0455568	7265.1113
2.0461192	7337.3281
2.0466816	7409.0127
2.0472441	7418.7983
2.0478065	7398.4893
2.0483689	7318.6411
2.0489314	7538.0415
2.0494938	7438.9766
2.0500562	7435.0161
2.0506186	7452.5327
2.0511811	7424.2212
2.0517435	7387.0806
2.0523059	7334.2446
2.0528684	7271.3306
2.0534308	7349.6479
2.0539932	7270.6294
2.0545557	7251.5244
2.0551181	7249.7661
2.0556805	7244.7842
2.0562429	7251.1362
2.0568054	7211.2822
2.0573678	7119.3193
2.0579302	7078.0718
2.0584927	7151.5049
2.0590551	7062.3027
2.0596175	7060.52
2.0601799	7042.2295
2.0607424	7050.6875
2.0613048	6980.1055
2.0618672	6919.9155
2.0624297	6943.9258
2.0629921	6858.1963
2.0635545	6711.5811
2.064117	6614.9365
2.0646794	6476.4854
2.0652418	6455.5088
2.0658042	6390.2471
2.0663667	6281.3691
2.0669291	6169.1143
2.0674915	6018.2627
2.068054	5994.4897
2.0686164	5926.2905
2.0691788	5744.4175
2.0697412	5668.2568
2.0703037	5562.2852
2.0708661	5427.272
2.0714285	5366.0586
2.071991	5379.0127
2.0725534	5201.7646
2.0731158	5141.6572
2.0736783	5055.5371
2.0742407	5011.165
2.0748031	4963.1831
2.0753655	4874.9072
2.075928	4767.4888
2.0764904	4701.5083
2.0770528	4658.1284
2.0776153	4625.4966
2.0781777	4534.6821
2.0787401	4435.1553
2.0793025	4371.6284
2.079865	4298.1519
2.0804274	4170.8101
2.0809898	4199.9541
2.0815523	4047.9277
2.0821147	4021.0454
2.0826771	3973.4717
2.0832396	3885.3257
2.083802	3787.2009
2.0843644	3715.1074
2.0849268	3676.7366
2.0854893	3592.4248
2.0860517	3480.2747
2.0866141	3387.9058
2.0871766	3318.5127
2.087739	3227.856
2.0883014	3118.3518
2.0888638	3088.228
2.0894263	2975.9353
2.0899887	2919.9336
2.0905511	2853.5007
2.0911136	2796.396
2.091676	2732.4541
2.0922384	2654.2598
2.0928009	2611.8164
2.0933633	2549.4678
2.0939257	2503.988
2.0944881	2428.3726
2.0950506	2380.5347
2.095613	2345.855
2.0961754	2292.3052
2.0967379	2289.05
2.0973003	2290.7515
2.0978627	2202.4436
2.0984251	2174.1799
2.0989876	2147.834
2.09955	2087.8306
2.1001124	2026.358
2.1006749	1952.5862
2.1012373	1938.5531
2.1017997	1927.3615
2.1023622	1859.6293
2.1029246	1784.7109
2.103487	1748.4489
2.1040494	1703.8262
2.1046119	1648.0818
2.1051743	1614.4663
2.1057367	1561.4449
2.1062992	1534.6638
2.1068616	1517.7798
2.107424	1451.4856
2.1079865	1432.1219
2.1085489	1400.0793
2.1091113	1344.4683
2.1096737	1298.9771
2.1102362	1269.5627
2.1107986	1246.6824
2.111361	1234.0942
2.1119235	1226.5065
2.1124859	1193.4719
2.1130483	1159.689
2.1136107	1126.7712
2.1141732	1098.5493
2.1147356	1100.745
2.115298	1089.874
2.1158605	1053.4331
2.1164229	1033.7881
2.1169853	1005.4329
2.1175478	962.78241
2.1181102	965.26404
2.1186726	944.43213
2.119235	933.3468
2.1197975	912.56445
2.1203599	895.91888
2.1209223	884.79004
2.1214848	845.83655
2.1220472	840.02417
2.1226096	839
2.123172	815.8692
2.1237345	788.84882
2.1242969	780.20563
2.1248593	785.98096
2.1254218	766.93677
2.1259842	728.21149
2.1265466	718.21912
2.1271091	716.76282
2.1276715	695.91284
2.1282339	707.47253
2.1287963	661.52325
2.1293588	657.578
2.1299212	654.6925
2.1304836	636.68353
2.1310461	614.21674
2.1316085	596.93164
2.1321709	582.57538
2.1327333	580.76642
2.1332958	580.37408
2.1338582	571.67828
2.1344206	554.1402
2.1349831	560.70441
2.1355455	548.83325
2.1361079	542
2.1366704	541.10822
2.1372328	535.40326
2.1377952	510.02884
2.1383576	518.53223
2.1389201	500.34833
2.1394825	485.54764
2.1400449	483.9281
2.1406074	468.03973
2.1411698	469.67108
2.1417322	470
2.1422946	456.49744
2.1428571	437.9191
2.1434195	428.49109
2.1439819	415.47144
2.1445444	407.51083
2.1451068	418.34311
2.1456692	415.11801
2.1462317	387
2.1467941	387
2.1473565	390.90277
2.1479189	381.36197
2.1484814	373.19751
2.1490438	367.77765
2.1496062	352.0611
2.1501687	354.48724
2.1507311	356.27512
2.1512935	347.64053
2.1518559	339.04071
2.1524184	346.96887
2.1529808	333.25845
2.1535432	316.85336
2.1541057	321.50772
2.1546681	325.73837
2.1552305	306.62332
2.155793	321.10556
2.1563554	316.01154
2.1569178	315.51349
2.1574802	314.63251
2.1580427	307.4361
2.1586051	310.6467
2.1591675	308.14557
2.15973	306.48489
2.1602924	304.73489
2.1608548	302.11722
2.1614172	302.91769
2.1619797	295.10553
2.1625421	290.44821
2.1631045	283.62238
2.163667	272.80435
2.1642294	278.39441
2.1647918	269.75253
2.1653543	276.68051
2.1659167	277.83643
2.1664791	257.91898
2.1670415	265.08676
2.167604	249.33801
2.1681664	247.38489
2.1687288	252.14642
2.1692913	249.366
2.1698537	243.01393
2.1704161	227.99678
2.1709785	224.22098
2.171541	223.44279
2.1721034	211.55743
2.1726658	238.48125
2.1732283	228.89561
2.1737907	229.25182
2.1743531	236.92924
2.1749156	217.99817
2.175478	217.20813
2.1760404	218.16258
2.1766028	220.85197
2.1771653	222.88528
2.1777277	217.36621
2.1782901	211.85233
2.1788526	208.95428
2.179415	215.7482
2.1799774	231.8421
2.1805398	222.4061
2.1811023	219.66257
2.1816647	213.54935
2.1822271	203.41096
2.1827896	192.19011
2.183352	198.46404
2.1839144	204.14299
2.1844769	200.61943
2.1850393	192.85161
2.1856017	206.93987
2.1861641	208
2.1867266	199.91788
2.187289	186.84315
2.1878514	175.54875
2.1884139	193.50278
2.1889763	195.11559
2.1895387	187.47475
2.1901011	179.87148
2.1906636	187.66467
2.191226	188
2.1917884	182.24785
2.1923509	179.70593
2.1929133	184.9873
2.1934757	174.88618
2.1940382	173.6313
2.1946006	184.59598
2.195163	195.77861
2.1957254	177.9485
2.1962879	174.7995
2.1968503	177.55634
2.1974127	177.33104
2.1979752	168.67065
2.1985376	177.94893
2.1991	178.79585
2.1996624	173.87898
2.2002249	167.88031
2.2007873	172.51035
2.2013497	173
2.2019122	165.62712
2.2024746	157.46263
2.203037	158.98671
2.2035995	152.05978
2.2041619	151.08124
2.2047243	153.85832
2.2052867	157.29509
2.2058492	150.3817
2.2064116	156.98502
2.206974	154.75125
2.2075365	144.33533
2.2080989	151.23524
2.2086613	158.81239
2.2092237	157.0834
2.2097862	151.63692
2.2103486	153.93242
2.210911	142.12939
2.2114735	144.5802
2.2120359	144.5181
2.2125983	127.77024
2.2131608	145.31779
2.2137232	142.17146
2.2142856	140.18028
2.214848	147.74814
2.2154105	136.32625
2.2159729	135.21198
2.2165353	141.86746
2.2170978	149.8391
2.2176602	136.91931
2.2182226	136.94002
2.218785	134.34918
2.2193475	128.34332
2.2199099	125.30923
2.2204723	144.06163
2.2210348	150.36971
2.2215972	143.67545
2.2221596	130.80956
2.2227221	130
2.2232845	133.71822
2.2238469	135.13371
2.2244093	125.31398
2.2249718	130.84407
2.2255342	130.57503
2.2260966	131.1091
2.2266591	140.90688
2.2272215	124.58202
2.2277839	124.99265
2.2283463	129.99193
2.2289088	127.02406
2.2294712	131.53603
2.2300336	125.8971
2.2305961	121.84223
2.2311585	129.84947
2.2317209	117.8482
2.2322834	115.01881
2.2328458	116.77701
2.2334082	119.06497
2.2339706	125.05418
2.2345331	134.57657
2.2350955	135.92319
2.2356579	117.99203
2.2362204	112.76308
2.2367828	124.85468
2.2373452	135.38007
2.2379076	124.18227
2.2384701	124.73344
2.2390325	131.70198
2.2395949	137.43427
2.2401574	132.22183
2.2407198	127.01254
2.2412822	128.19359
2.2418447	129.20436
2.2424071	118.79592
2.2429695	120.05724
2.2435319	129.56001
2.2440944	141
2.2446568	141
2.2452192	131.20915
2.2457817	127.57441
2.2463441	128.79242
2.2469065	122.13065
2.2474689	133.89375
2.2480314	139.8804
2.2485938	135.44655
2.2491562	131.01511
2.2497187	135.12129
2.2502813	141.14865
2.2508438	145.28708
2.2514062	133.49576
2.2519686	130
2.2525311	130.50914
2.2530935	131.98167
2.2536559	122.55946
2.2542183	122.22982
2.2547808	127.17839
2.2553432	131.58636
2.2559056	126.01408
2.2564681	123.39883
2.2570305	123.33865
2.2575929	119.67333
2.2581553	120.19605
2.2587178	118.35656
2.2592802	113.06252
2.2598426	113.794
2.2604051	114
2.2609675	112.97597
2.2615299	110.0537
2.2620924	107.84991
2.2626548	109.6784
2.2632172	112.82422
2.2637796	112.09501
2.2643421	115.16711
2.2649045	117.72324
2.2654669	118.46207
2.2660294	114.09624
2.2665918	119.53311
2.2671542	123.64388
2.2677166	120.0113
2.2682791	126.51431
2.2688415	135.29448
2.2694039	141.59946
2.2699664	135.79982
2.2705288	138.12296
2.2710912	141.04634
2.2716537	143.29041
2.2722161	146.18489
2.2727785	144.40239
2.2733409	140.78763
2.2739034	137.17506
2.2744658	136.31293
2.2750282	131.91229
2.2755907	126.78083
2.2761531	131.10794
2.2767155	135.43192
2.2772779	135.66133
2.2778404	129.77664
2.2784028	116.82696
2.2789652	114.25562
2.2795277	115.12805
2.2800901	107.224
2.2806525	109.03362
2.281215	111.97356
2.2817774	114.25294
2.2823398	118.55507
2.2829022	119.04818
2.2834647	117.42286
2.2840271	115.27441
2.2845895	118.74468
2.285152	118.96294
2.2857144	115.21889
2.2862768	118.07657
2.2868392	118.51673
2.2874017	116.42297
2.2879641	110.71455
2.2885265	115.61639
2.289089	115.29331
2.2896514	108.09883
2.2902138	109.52292
2.2907763	110.47322
2.2913387	112.29343
2.2919011	117.27323
2.2924635	113.7521
2.293026	110.36561
2.2935884	108.97271
2.2941508	108.26324
2.2947133	106.66171
2.2952757	107.48351
2.2958381	118.82146
2.2964005	106.12937
2.296963	101.15848
2.2975254	116.73412
2.2980878	102.40366
2.2986503	103.23523
2.2992127	114
2.2997751	114
2.3003376	114
2.3009	113.77407
2.3014624	113.06884
2.3020248	109.81992
2.3025873	109.36208
2.3031497	112.84879
2.3037121	126.22021
2.3042746	126.48213
2.304837	122.08377
2.3053994	127.00275
2.3059618	133.59747
2.3065243	142.71155
2.3070867	155.34529
2.3076491	145.36147
2.3082116	145.12315
2.308774	152.73244
2.3093364	139.4285
2.3098989	131.26408
2.3104613	128.16756
2.3110237	133.06175
2.3115861	127.78722
2.3121486	121.4196
2.312711	117.22955
2.3132734	113.04184
2.3138359	113.14384
2.3143983	116.89084
2.3149607	115.49704
2.3155231	118.13589
2.3160856	120.12566
2.316648	111.07934
2.3172104	112.21363
2.3177729	116.1543
2.3183353	119.62853
2.3188977	112.55775
2.3194602	112.08771
2.3200226	120.97463
2.320585	118.895
2.3211474	117.60523
2.3217099	117.78951
2.3222723	124.02292
2.3228347	137.80928
2.3233972	151.82056
2.3239596	155.27849
2.324522	154.90639
2.3250844	160.65402
2.3256469	179.9901
2.3262093	220.33144
2.3267717	256.01343
2.3273342	282.90646
2.3278966	310.47061
2.328459	338.39505
2.3290215	364.82971
2.3295839	373.77579
2.3301463	390.19263
2.3307087	421.50497
2.3312712	499.84055
2.3318336	505.46567
2.332396	462.24216
2.3329585	360.69122
2.3335209	281.58752
2.3340833	228.36984
2.3346457	212.61119
2.3352082	182.10677
2.3357706	165.49625
2.336333	168.91707
2.3368955	156.32333
2.3374579	152.45459
2.3380203	157.23668
2.3385828	162.01613
2.3391452	161.60516
2.3397076	157.67429
2.34027	154.94791
2.3408325	157.5549
2.3413949	160.6196
2.3419573	153.13071
2.3425198	157.32875
2.3430822	164.5013
2.3436446	166.54079
2.344207	179.10834
2.3447695	192.05647
2.3453319	198.84302
2.3458943	197.74817
2.3464568	202.51598
2.3470192	220.81857
2.3475816	254.618
2.3481441	300.90662
2.3487065	362.50464
2.3492689	429.08707
2.3498313	487.54715
2.3503938	535.55206
2.3509562	601.86163
2.3515186	636.99127
2.3520811	639.95947
2.3526435	760.03448
2.3532059	849.23608
2.3537683	906.75842
2.3543308	877.12775
2.3548932	787.13348
2.3554556	651.05774
2.3560181	540.10132
2.3565805	460.20636
2.3571429	404.41693
2.3577054	367.48407
2.3582678	326.06915
2.3588302	285.41464
2.3593926	272.0036
2.3599551	247.6684
2.3605175	218.73726
2.3610799	201.99724
2.3616424	202.87146
2.3622048	209.63286
2.3627672	193.58067
2.3633296	177.97334
2.3638921	164.79169
2.3644545	163.4559
2.3650169	163.87914
2.3655794	163.93164
2.3661418	157.26215
2.3667042	159.40363
2.3672667	165.32005
2.3678291	167.31808
2.3683915	171.06831
2.3689539	176.03688
2.3695164	182.6857
2.3700788	179.80296
2.3706412	173.38951
2.3712037	176.04604
2.3717661	188.05434
2.3723285	201.58356
2.3728909	190.97235
2.3734534	193.21866
2.3740158	204.39108
2.3745782	224.9099
2.3751407	225.78535
2.3757031	215.8746
2.3762655	225.13078
2.376828	227.84662
2.3773904	225.59482
2.3779528	219.65442
2.3785152	196.19449
2.3790777	159.92546
2.3796401	157.94753
2.3802025	152.19688
2.380765	143.01155
2.3813274	147.62025
2.3818898	149.04553
2.3824522	147.07202
2.3830147	146.36688
2.3835771	144.54886
2.3841395	141.26335
2.384702	139.18872
2.3852644	141.37892
2.3858268	149.90463
2.3863893	139.57503
2.3869517	130.77342
2.3875141	130.11833
2.3880765	124.10203
2.388639	115.0007
2.3892014	101.26656
2.3897638	96.007835
2.3903263	91.576591
2.3908887	81.124084
2.3914511	79.372177
2.3920135	80.341553
2.392576	76.42836
2.3931384	91.551804
2.3937008	119.31751
2.3942633	162.30318
2.3948257	195.33667
2.3953881	221.38139
2.3959506	270.79819
2.396513	323.37851
2.3970754	379.25128
2.3976378	433.87436
2.3982003	519.33789
2.3987627	649.06024
2.3993251	753.97046
2.3998876	815.84521
2.40045	797.06128
2.4010124	906.68811
2.4015749	993.45367
2.4021373	895.13501
2.4026997	681.68286
2.4032621	434.93011
2.4038246	290.8443
2.404387	172.33273
2.4049494	73.889656
2.4055119	31.327032
2.4060743	10.321664
2.4066367	10.966376
2.4071991	4.8957987
2.4077616	1.5085785
2.408324	2.7958915
2.4088864	4.0826139
2.4094489	5.7376456
2.4100113	8.3080635
2.4105737	7.5919061
2.4111362	5.6653247
2.4116986	3.7396092
2.412261	3.7898777
2.4128234	4.8554945
2.4133859	2.2920594
2.4139483	1.3174989
2.4145107	1.9576621
2.4150732	4.9891262
2.4156356	6.5246682
2.416198	5.2460766
2.4167604	3.9680445
2.4173229	3
2.4178853	3
2.4184477	2.1371417
2.4190102	0.7916823
2.4195726	-1.1205046
2.420135	-0.96758747
2.4206975	0.94408286
2.4212599	2.2361672
2.4218223	3
2.4223847	3
2.4229472	3
2.4235096	3.4854639
2.424072	5.3909578
2.4246345	2.9757609
2.4251969	-0.799187
2.4257593	1.1032333
2.4263217	2
2.4268842	2
2.4274466	2
2.428009	1.5289624
2.4285715	0.26340377
2.4291339	1.0016174
2.4296963	2.2662833
2.4302588	3.5301466
2.4308212	4
2.4313836	3.9149106
2.431946	2.021651
2.4325085	2.1612124
2.4330709	4.6835341
2.4336333	1.693868
2.4341958	-0.63809574
2.4347582	0.62104553
2.4353206	1.8797172
2.435883	2.8619237
2.4364455	1.6044604
2.4370079	2.9569228
2.4375703	6.7252951
2.4381328	4.089385
2.4386952	2
2.4392576	2
2.4398201	2
2.4403825	2.1816468
2.4409449	3.4344356
2.4415073	3.3131404
2.4420698	2.0610168
2.4426322	5.5695324
2.4431946	6.6791306
2.4437571	2.9297247
2.4443195	2.469698
2.4448819	2.8115635
2.4454443	1.5630844
2.4460068	1
2.4465692	1
2.4471316	2.7670805
2.4476941	4.6360006
2.4482565	6.5042706
2.4488189	4.2570944
2.4493814	0.92066914
2.4499438	0.29906145
2.4505062	-0.64492261
2.4510686	-1.8878105
2.4516311	1.3885244
2.4521935	4.3708925
2.4527559	5.6118193
2.4533184	5.5739632
2.4538808	4.862113
2.4544432	3.004144
2.4550056	2
2.4555681	2
2.4561305	2
2.4566929	1.8595188
2.4572554	1.2413319
2.4578178	1
2.4583802	1
2.4589427	1
2.4595051	1.2284585
2.4600675	1.8450297
2.4606299	1.5385196
2.4611924	1
2.4617548	1
2.4623172	1
2.4628797	1
2.4634421	2.6173809
2.4640045	4
2.4645669	4
2.4651294	2.4698467
2.4656918	0.014472008
2.4662542	0.61006689
2.4668167	1.8938408
2.4673791	4.3453879
2.4679415	3.6529987
2.468504	2.1230421
2.4690664	3.3472254
2.4696288	3.4288876
2.4701912	2.2053394
2.4707537	1.4914231
2.4713161	0.28206915
2.4718785	-3.3828731
2.472441	-1.2485856
2.4730034	5.46526
2.4735658	3.7553759
2.4741282	1.3166778
2.4746907	-1.1215664
2.4752531	-1.61045
2.4758155	-1.0015184
2.476378	0.82082987
2.4769404	1.5695256
2.4775028	0.35354558
2.4780653	1.2926521
2.4786277	2.9616253
2.4791901	2.3545742
2.4797525	2.7570419
2.480315	4.5772591
2.4808774	1.2772273
2.4814398	-2.7857242
2.4820023	-0.96831179
2.4825647	0.2827431
2.4831271	0.88792557
2.4836895	2.9714205
2.484252	4.7070436
2.4848144	2.8938222
2.4853768	2.306231
2.4859393	2.9101741
2.4865017	1.4588326
2.4870641	0.46844819
2.4876266	2.8805151
2.488189	3.0313067
2.4887514	1.2236429
2.4893138	1.5276027
2.4898763	2
2.4904387	2
2.4910011	0.33696371
2.4915636	-2.6688993
2.492126	-0.32660046
2.4926884	2.1354082
2.4932508	2.7356629
2.4938133	5.3496308
2.4943757	9.5482092
2.4949381	5.721221
2.4955006	2.2682381
2.496063	3.4663088
2.4966254	3.6681471
2.4971879	3.0697198
2.4977503	-0.69813907
2.4983127	-3.3689301
2.4988751	-0.38058269
2.4994376	1
2.5	1
