1.5	11.103315
1.5005624	12.563594
1.5011249	11.45401
1.5016873	6.4144874
1.5022497	12.771823
1.5028121	3.2723546
1.5033746	9.8050365
1.503937	7.9420114
1.5044994	9.3046408
1.5050619	10.967517
1.5056243	9.4199972
1.5061867	11.700025
1.5067492	10.810022
1.5073116	10.797733
1.507874	10.00325
1.5084364	9.0743141
1.5089989	13.57151
1.5095613	11.012691
1.5101237	10.676394
1.5106862	12.525464
1.5112486	14.248548
1.511811	12.295875
1.5123734	13.90225
1.5129359	11.764945
1.5134983	10.931775
1.5140607	10.873656
1.5146232	9.2853422
1.5151856	14.990355
1.515748	12.903185
1.5163105	12.956668
1.5168729	10.371533
1.5174353	11.227281
1.5179977	16.806929
1.5185602	12.989629
1.5191226	10.389157
1.519685	14.557613
1.5202475	12.771742
1.5208099	12.838858
1.5213723	11.2214
1.5219347	14.824563
1.5224972	8.2259083
1.5230596	14.507815
1.523622	12.803121
1.5241845	9.936554
1.5247469	9.4732504
1.5253093	10.985158
1.5258718	14.255553
1.5264342	12.115387
1.5269966	14.339664
1.527559	12.203344
1.5281215	13.74594
1.5286839	10.961762
1.5292463	12.481812
1.5298088	9.4110327
1.5303712	10.799609
1.5309336	11.623654
1.531496	11.721352
1.5320585	13.32034
1.5326209	13.114215
1.5331833	12.220976
1.5337458	11.247934
1.5343082	12.667317
1.5348706	12.024713
1.5354331	16.700691
1.5359955	11.126368
1.5365579	13.879272
1.5371203	9.8676004
1.5376828	13.076294
1.5382452	12.084922
1.5388076	12.780805
1.5393701	13.450117
1.5399325	11.645613
1.5404949	7.8967471
1.5410573	11.382363
1.5416198	14.517109
1.5421822	10.190341
1.5427446	15.344536
1.5433071	12.653218
1.5438695	10.950836
1.5444319	11.3831
1.5449944	13.726898
1.5455568	13.052784
1.5461192	11.441359
1.5466816	14.30572
1.5472441	11.358698
1.5478065	13.495778
1.5483689	10.406908
1.5489314	13.447927
1.5494938	15.143954
1.5500562	12.401666
1.5506186	14.579947
1.5511811	15.823621
1.5517435	15.841244
1.5523059	11.321129
1.5528684	13.092518
1.5534308	13.528704
1.5539932	13.580475
1.5545557	14.345225
1.5551181	11.985805
1.5556805	12.538885
1.5562429	11.984374
1.5568054	12.822515
1.5573678	12.456145
1.5579302	11.739199
1.5584927	11.433368
1.5590551	15.792371
1.5596175	14.314027
1.5601799	13.921267
1.5607424	13.198995
1.5613048	13.005322
1.5618672	12.631252
1.5624297	10.309943
1.5629921	12.583677
1.5635545	10.974188
1.564117	11.066259
1.5646794	13.076624
1.5652418	13.314972
1.5658042	8.383543
1.5663667	13.962605
1.5669291	9.3577099
1.5674915	14.090639
1.568054	17.062437
1.5686164	14.101684
1.5691788	14.525763
1.5697412	10.765421
1.5703037	9.8196735
1.5708661	16.207865
1.5714285	12.746168
1.571991	16.414385
1.5725534	10.935186
1.5731158	7.2934823
1.5736783	11.415698
1.5742407	13.186097
1.5748031	10.185987
1.5753655	16.030476
1.575928	16.521614
1.5764904	10.932157
1.5770528	11.62411
1.5776153	17.32226
1.5781777	11.338282
1.5787401	12.61497
1.5793025	13.532255
1.579865	12.08837
1.5804274	12.744055
1.5809898	17.385647
1.5815523	12.02632
1.5821147	14.247374
1.5826771	15.746429
1.5832396	13.846709
1.583802	10.227167
1.5843644	11.056924
1.5849268	16.438026
1.5854893	13.809212
1.5860517	14.42358
1.5866141	11.413632
1.5871766	11.589309
1.587739	11.988305
1.5883014	13.370061
1.5888638	12.104489
1.5894263	14.922506
1.5899887	10.133037
1.5905511	14.273883
1.5911136	10.637187
1.591676	12.794547
1.5922384	11.191699
1.5928009	11.073518
1.5933633	13.609651
1.5939257	12.082894
1.5944881	15.692846
1.5950506	13.999919
1.595613	12.788069
1.5961754	12.449188
1.5967379	9.909337
1.5973003	16.219479
1.5978627	14.121897
1.5984251	16.58287
1.5989876	21.132948
1.59955	13.46643
1.6001124	11.986619
1.6006749	11.823913
1.6012373	16.538286
1.6017997	13.116178
1.6023622	15.454302
1.6029246	16.218773
1.603487	13.788176
1.6040494	13.905004
1.6046119	13.597676
1.6051743	12.023096
1.6057367	14.193818
1.6062992	15.650191
1.6068616	9.7452898
1.607424	8.8446779
1.6079865	12.676531
1.6085489	12.340569
1.6091113	16.867435
1.6096737	13.86659
1.6102362	12.529484
1.6107986	12.320829
1.611361	11.07477
1.6119235	12.513143
1.6124859	8.6960917
1.6130483	13.240313
1.6136107	15.280832
1.6141732	11.652373
1.6147356	14.708623
1.615298	18.270115
1.6158605	14.745143
1.6164229	15.238196
1.6169853	14.842978
1.6175478	10.762244
1.6181102	13.437053
1.6186726	13.739244
1.619235	16.415672
1.6197975	14.310431
1.6203599	14.243849
1.6209223	13.165851
1.6214848	15.462406
1.6220472	14.876328
1.6226096	13.961738
1.623172	13.842903
1.6237345	13.509015
1.6242969	14.707487
1.6248593	15.51657
1.6254219	14.657468
1.6259843	14.806601
1.6265467	16.69973
1.6271092	14.559878
1.6276716	13.944258
1.628234	14.779258
1.6287965	12.455425
1.6293589	9.4593906
1.6299213	13.041916
1.6304837	11.617598
1.6310462	20.976976
1.6316086	12.477762
1.632171	17.912863
1.6327335	11.902605
1.6332959	11.51122
1.6338583	18.545904
1.6344208	13.675222
1.6349832	17.872589
1.6355456	13.306707
1.636108	16.151241
1.6366705	15.913046
1.6372329	11.359324
1.6377953	19.712372
1.6383578	17.471764
1.6389202	15.440763
1.6394826	14.431898
1.640045	15.556117
1.6406075	10.816687
1.6411699	12.74437
1.6417323	15.189837
1.6422948	13.294998
1.6428572	12.533379
1.6434196	17.131922
1.6439821	17.900326
1.6445445	15.526587
1.6451069	13.238886
1.6456693	16.686192
1.6462318	12.351717
1.6467942	14.228776
1.6473566	13.464343
1.6479191	14.842752
1.6484815	17.904984
1.6490439	16.08806
1.6496063	14.474926
1.6501688	16.194933
1.6507312	18.673817
1.6512936	15.60058
1.6518561	15.322956
1.6524185	15.837198
1.6529809	15.159196
1.6535434	10.659049
1.6541058	15.684356
1.6546682	15.973565
1.6552306	14.130605
1.6557931	17.039776
1.6563555	15.29353
1.6569179	15.744851
1.6574804	14.916156
1.6580428	13.162082
1.6586052	13.652032
1.6591676	17.097517
1.6597301	14.752862
1.6602925	15.387991
1.6608549	14.859997
1.6614174	16.523254
1.6619798	13.790387
1.6625422	14.026921
1.6631047	16.380901
1.6636671	16.313019
1.6642295	15.877049
1.6647919	14.009097
1.6653544	13.216872
1.6659168	18.145529
1.6664792	10.503136
1.6670417	13.088212
1.6676041	19.947374
1.6681665	18.753792
1.6687289	19.140306
1.6692914	14.512424
1.6698538	17.724669
1.6704162	11.183352
1.6709787	18.623493
1.6715411	15.961217
1.6721035	13.915967
1.672666	14.980989
1.6732284	20.970903
1.6737908	13.961188
1.6743532	15.511948
1.6749157	12.72853
1.6754781	17.583942
1.6760405	12.866148
1.676603	12.122538
1.6771654	18.777393
1.6777278	15.787788
1.6782902	16.574854
1.6788527	18.665331
1.6794151	18.073782
1.6799775	16.814667
1.68054	14.643646
1.6811024	14.872867
1.6816648	17.794672
1.6822273	19.712934
1.6827897	17.973625
1.6833521	16.77323
1.6839145	15.766083
1.684477	15.374614
1.6850394	14.751788
1.6856018	10.98381
1.6861643	17.022715
1.6867267	16.410034
1.6872891	18.719942
1.6878515	17.360603
1.688414	14.213594
1.6889764	16.507261
1.6895388	18.694607
1.6901013	19.28384
1.6906637	9.6412315
1.6912261	18.445295
1.6917886	19.292896
1.692351	19.802847
1.6929134	23.470449
1.6934758	17.644575
1.6940383	23.176437
1.6946007	22.427259
1.6951631	19.802135
1.6957256	21.491337
1.696288	17.34609
1.6968504	9.2658491
1.6974128	15.786098
1.6979753	11.929349
1.6985377	19.085985
1.6991001	18.673275
1.6996626	17.86175
1.700225	19.792301
1.7007874	15.551658
1.7013499	15.54451
1.7019123	19.276257
1.7024747	15.929037
1.7030371	17.229921
1.7035996	21.228752
1.704162	17.795092
1.7047244	13.372874
1.7052869	23.053268
1.7058493	18.133366
1.7064117	16.709162
1.7069741	14.970712
1.7075366	15.447239
1.708099	22.943007
1.7086614	14.181426
1.7092239	20.995356
1.7097863	14.145816
1.7103487	17.57539
1.7109112	19.271032
1.7114736	18.423521
1.712036	21.454794
1.7125984	15.840322
1.7131609	15.394413
1.7137233	17.771521
1.7142857	14.185719
1.7148482	20.825399
1.7154106	19.527323
1.715973	20.595337
1.7165354	19.813032
1.7170979	20.709469
1.7176603	18.959791
1.7182227	14.340023
1.7187852	16.322937
1.7193476	15.434196
1.71991	11.52987
1.7204725	17.455759
1.7210349	19.063536
1.7215973	21.248461
1.7221597	20.50889
1.7227222	19.785416
1.7232846	15.979761
1.723847	20.25861
1.7244095	20.543179
1.7249719	21.244316
1.7255343	20.419138
1.7260967	16.629728
1.7266592	19.517042
1.7272216	20.42617
1.727784	15.462072
1.7283465	16.27421
1.7289089	24.948544
1.7294713	22.383627
1.7300338	13.949693
1.7305962	18.88196
1.7311586	17.565481
1.731721	15.544298
1.7322835	31.370977
1.7328459	20.460884
1.7334083	21.727766
1.7339708	20.470348
1.7345332	21.032217
1.7350956	19.747427
1.735658	21.891207
1.7362205	21.407219
1.7367829	22.993353
1.7373453	18.798325
1.7379078	19.025654
1.7384702	22.705626
1.7390326	21.313765
1.7395951	17.412891
1.7401575	20.769924
1.7407199	25.642679
1.7412823	23.001501
1.7418448	22.872908
1.7424072	21.655867
1.7429696	20.800539
1.7435321	22.959269
1.7440945	19.845709
1.7446569	17.384632
1.7452193	25.502645
1.7457818	26.163864
1.7463442	26.012138
1.7469066	27.663668
1.7474691	20.917353
1.7480315	22.340134
1.7485939	20.94412
1.7491564	19.157677
1.7497188	20.253923
1.7502812	18.922678
1.7508436	26.031584
1.7514061	24.843922
1.7519685	21.141727
1.7525309	20.965857
1.7530934	22.634193
1.7536558	25.697508
1.7542182	23.092981
1.7547807	20.319672
1.7553431	25.998753
1.7559055	25.273149
1.7564679	22.887573
1.7570304	26.817038
1.7575928	21.152788
1.7581552	22.822613
1.7587177	23.687021
1.7592801	32.780151
1.7598425	23.594736
1.7604049	23.19079
1.7609674	21.679951
1.7615298	22.779726
1.7620922	29.050793
1.7626547	23.70433
1.7632171	21.195892
1.7637795	22.291918
1.764342	16.878838
1.7649044	27.369274
1.7654668	25.340385
1.7660292	24.722548
1.7665917	20.725405
1.7671541	28.701679
1.7677165	24.107708
1.768279	26.50382
1.7688414	25.869125
1.7694038	23.873667
1.7699662	22.661755
1.7705287	21.481789
1.7710911	21.044111
1.7716535	18.644703
1.772216	23.02825
1.7727784	25.617611
1.7733408	27.889189
1.7739033	25.759954
1.7744657	25.898626
1.7750281	26.901917
1.7755905	26.644688
1.776153	25.300076
1.7767154	22.912582
1.7772778	24.737959
1.7778403	28.287436
1.7784027	26.759558
1.7789651	23.097206
1.7795275	27.998499
1.78009	25.158966
1.7806524	23.536713
1.7812148	32.664646
1.7817773	22.550104
1.7823397	25.104618
1.7829021	27.508123
1.7834646	28.060234
1.784027	24.796362
1.7845894	28.080824
1.7851518	24.065657
1.7857143	26.992186
1.7862767	23.182667
1.7868391	29.605206
1.7874016	28.230164
1.787964	29.404079
1.7885264	33.202316
1.7890888	27.08502
1.7896513	31.926279
1.7902137	25.997511
1.7907761	29.00358
1.7913386	31.328676
1.791901	26.025446
1.7924634	28.623236
1.7930259	29.080505
1.7935883	29.262383
1.7941507	29.797459
1.7947131	30.313927
1.7952756	28.350878
1.795838	27.991983
1.7964004	28.367788
1.7969629	30.008085
1.7975253	28.639956
1.7980877	27.318165
1.7986501	29.289978
1.7992126	33.653034
1.799775	32.293697
1.8003374	28.434433
1.8008999	23.879179
1.8014623	24.229654
1.8020247	30.582462
1.8025872	29.301952
1.8031496	33.457897
1.803712	29.454195
1.8042744	33.236519
1.8048369	32.343906
1.8053993	36.109219
1.8059617	33.594315
1.8065242	32.505783
1.8070866	30.741112
1.807649	35.426628
1.8082114	30.666853
1.8087739	26.387987
1.8093363	31.425972
1.8098987	32.574978
1.8104612	33.802696
1.8110236	31.945732
1.811586	30.84211
1.8121485	30.966763
1.8127109	34.480904
1.8132733	35.147053
1.8138357	32.074558
1.8143982	33.10405
1.8149606	31.30699
1.815523	34.891582
1.8160855	32.064495
1.8166479	27.944464
1.8172103	33.528202
1.8177727	39.414577
1.8183352	33.038342
1.8188976	34.211468
1.81946	31.101223
1.8200225	41.279186
1.8205849	34.8936
1.8211473	31.285252
1.8217098	35.553116
1.8222722	35.236027
1.8228346	36.067734
1.823397	34.042675
1.8239595	29.979555
1.8245219	32.857941
1.8250843	38.343731
1.8256468	33.861759
1.8262092	40.004597
1.8267716	38.885235
1.827334	37.071213
1.8278965	35.750633
1.8284589	38.095951
1.8290213	34.242374
1.8295838	36.084305
1.8301462	31.324108
1.8307086	39.663517
1.8312711	36.511848
1.8318335	35.22958
1.8323959	33.72472
1.8329583	34.151363
1.8335208	32.656338
1.8340832	36.025444
1.8346456	34.426437
1.8352081	37.932621
1.8357705	40.732071
1.8363329	39.343311
1.8368953	36.287659
1.8374578	39.089302
1.8380202	35.585949
1.8385826	38.277935
1.8391451	36.32399
1.8397075	40.446556
1.8402699	39.967937
1.8408324	39.618122
1.8413948	40.130798
1.8419572	39.525558
1.8425196	40.24897
1.8430821	35.05249
1.8436445	37.229664
1.8442069	42.345409
1.8447694	44.308094
1.8453318	40.462013
1.8458942	37.494728
1.8464566	36.596016
1.8470191	37.043945
1.8475815	40.27594
1.8481439	39.608765
1.8487064	42.212399
1.8492688	41.594135
1.8498312	38.569885
1.8503937	32.565414
1.8509561	39.097542
1.8515185	40.073486
1.8520809	36.923996
1.8526434	40.4011
1.8532058	39.164669
1.8537682	41.484684
1.8543307	42.163513
1.8548931	42.061771
1.8554555	41.65612
1.8560179	41.619762
1.8565804	42.162594
1.8571428	42.070103
1.8577052	42.900551
1.8582677	43.738537
1.8588301	44.820053
1.8593925	41.511589
1.859955	42.138504
1.8605174	40.206917
1.8610798	44.233028
1.8616422	42.390713
1.8622047	46.416569
1.8627671	47.111652
1.8633295	42.617626
1.863892	46.059738
1.8644544	44.567978
1.8650168	47.295174
1.8655792	45.774712
1.8661417	45.44059
1.8667041	47.844711
1.8672665	48.160252
1.867829	51.980366
1.8683914	50.828327
1.8689538	49.421192
1.8695163	52.245163
1.8700787	55.002411
1.8706411	54.948372
1.8712035	54.381466
1.871766	53.207596
1.8723284	48.063728
1.8728908	49.267422
1.8734533	52.560867
1.8740157	57.185089
1.8745781	54.108727
1.8751407	50.372612
1.8757031	52.122074
1.8762655	52.603733
1.876828	52.041912
1.8773904	60.359993
1.8779528	62.62751
1.8785152	54.359348
1.8790777	60.11005
1.8796401	59.785198
1.8802025	52.648235
1.880765	57.018608
1.8813274	57.193768
1.8818898	62.756268
1.8824522	61.050117
1.8830147	58.531906
1.8835771	62.272957
1.8841395	61.28492
1.884702	58.198593
1.8852644	61.872429
1.8858268	60.306644
1.8863893	64.944099
1.8869517	57.576088
1.8875141	59.716953
1.8880765	64.480743
1.888639	64.433014
1.8892014	64.089149
1.8897638	74.91256
1.8903263	64.66098
1.8908887	74.468048
1.8914511	74.694672
1.8920135	66.527428
1.892576	72.855774
1.8931384	69.806664
1.8937008	73.164619
1.8942633	73.840706
1.8948257	75.934975
1.8953881	78.519905
1.8959506	77.340218
1.896513	73.660477
1.8970754	72.414536
1.8976378	73.977615
1.8982003	74.788887
1.8987627	88.116386
1.8993251	85.288841
1.8998876	74.453682
1.90045	77.405823
1.9010124	86.165062
1.9015749	88.66114
1.9021373	85.113045
1.9026997	91.499603
1.9032621	98.807999
1.9038246	87.381584
1.904387	88.540276
1.9049494	83.750793
1.9055119	95.920509
1.9060743	100.57947
1.9066367	100.86073
1.9071991	93.947075
1.9077616	96.770996
1.908324	86.716759
1.9088864	87.126396
1.9094489	96.102821
1.9100113	94.52282
1.9105737	98.042336
1.9111362	100.40154
1.9116986	101.23926
1.912261	105.93084
1.9128234	109.83494
1.9133859	109.72685
1.9139483	115.61194
1.9145107	106.6702
1.9150732	104.54055
1.9156356	108.19233
1.916198	115.77399
1.9167604	118.77399
1.9173229	114.23191
1.9178853	124.40829
1.9184477	118.65554
1.9190102	108.4666
1.9195726	126.17852
1.920135	125.44268
1.9206975	123.18719
1.9212599	123.92304
1.9218223	127.75529
1.9223847	126.09216
1.9229472	110.4996
1.9235096	136.54054
1.924072	116.07739
1.9246345	120.1838
1.9251969	139.91519
1.9257593	136.16589
1.9263217	140.95592
1.9268842	140.16365
1.9274466	143.64368
1.928009	152.41025
1.9285715	145.32893
1.9291339	149.81285
1.9296963	157.70624
1.9302588	156.36119
1.9308212	166.44583
1.9313836	155.98058
1.931946	171
1.9325085	171
1.9330709	169.30827
1.9336333	161.06935
1.9341958	179.36649
1.9347582	169.55276
1.9353206	173.83846
1.935883	178.4386
1.9364455	179.78331
1.9370079	206.33212
1.9375703	189.44124
1.9381328	186.96834
1.9386952	191.22829
1.9392576	179.86667
1.9398201	179.52115
1.9403825	183.37968
1.9409449	188.43846
1.9415073	205.29704
1.9420698	200.33426
1.9426322	202.26328
1.9431946	198.36325
1.9437571	219.63506
1.9443195	216.66585
1.9448819	223.25046
1.9454443	214.78841
1.9460068	224.76346
1.9465692	205.28517
1.9471316	232.48967
1.9476941	245.81241
1.9482565	238.0117
1.9488189	238.99915
1.9493814	247.87379
1.9499438	263.55502
1.9505062	244.84412
1.9510686	263.79855
1.9516311	244.59784
1.9521935	263.0499
1.9527559	255.15785
1.9533184	273.30542
1.9538808	283.73724
1.9544432	266.48825
1.9550056	264.64523
1.9555681	269.81918
1.9561305	285.09128
1.9566929	279.85434
1.9572554	285.15182
1.9578178	290.87726
1.9583802	285.72781
1.9589427	282.32596
1.9595051	302.81253
1.9600675	310.2424
1.9606299	311.6109
1.9611924	323.80258
1.9617548	329.89819
1.9623172	339.49097
1.9628797	349
1.9634421	356.51859
1.9640045	366.76773
1.9645669	366.52045
1.9651294	369.52939
1.9656918	380.35443
1.9662542	391.3732
1.9668167	412.12048
1.9673791	410
1.9679415	415.74771
1.968504	424.14392
1.9690664	385.74878
1.9696288	415.91284
1.9701912	424.01941
1.9707537	442.81592
1.9713161	440.02615
1.9718785	440.99017
1.972441	489.63644
1.9730034	483.74945
1.9735658	476.84653
1.9741282	491.13782
1.9746907	469.13647
1.9752531	501.90231
1.9758155	516.89221
1.976378	506.39331
1.9769404	526.02332
1.9775028	532.79932
1.9780653	531.34912
1.9786277	546.37274
1.9791901	548.55334
1.9797525	555.14813
1.980315	580.30627
1.9808774	588.41425
1.9814398	596.41168
1.9820023	598.97443
1.9825647	606.76056
1.9831271	595.11652
1.9836895	623.96606
1.984252	631.70441
1.9848144	627.42798
1.9853768	665.45337
1.9859393	664.2652
1.9865017	695.86298
1.9870641	695.32776
1.9876266	681.85406
1.988189	740.22791
1.9887514	754.21643
1.9893138	747.39844
1.9898763	757.41125
1.9904387	762.04871
1.9910011	775.13043
1.9915636	798.15204
1.992126	807.55231
1.9926884	823.54431
1.9932508	835.117
1.9938133	870.10468
1.9943757	862.89514
1.9949381	888.5849
1.9955006	879.17517
1.996063	948.23077
1.9966254	928.11578
1.9971879	956.09204
1.9977503	958.0705
1.9983127	985.2124
1.9988751	1018.7506
1.9994376	1037.1001
2	1054.7712
2.0005624	1064.5807
2.0011249	1064.7202
2.0016873	1077.4714
2.0022497	1085.9047
2.0028121	1086.1654
2.0033746	1123.6025
2.003937	1138.2354
2.0044994	1144.7596
2.0050619	1169.238
2.0056243	1210.1383
2.0061867	1175.451
2.0067492	1162
2.0073116	1194.2306
2.007874	1206.8593
2.0084364	1236.8649
2.0089989	1268.6846
2.0095613	1266.354
2.0101237	1284.5674
2.0106862	1294.0682
2.0112486	1320.6682
2.011811	1358.2292
2.0123734	1386.9073
2.0129359	1384.4434
2.0134983	1406.7697
2.0140607	1463.5648
2.0146232	1471.4453
2.0151856	1460.1786
2.015748	1485.7333
2.0163105	1537.9646
2.0168729	1584.5757
2.0174353	1607.0729
2.0179977	1615.5769
2.0185602	1732.0922
2.0191226	1699.6881
2.019685	1725.3992
2.0202475	1783.7875
2.0208099	1759.5608
2.0213723	1789.5751
2.0219347	1803.3368
2.0224972	1805.738
2.0230596	1839.152
2.023622	1883.1223
2.0241845	1903.5629
2.0247469	1925.1033
2.0253093	1935.1306
2.0258718	1983.0486
2.0264342	1987.6079
2.0269966	2032.9891
2.027559	2083.6841
2.0281215	2130.0835
2.0286839	2127.2371
2.0292463	2128.5979
2.0298088	2156.1965
2.0303712	2179.4548
2.0309336	2193.0088
2.031496	2178.4158
2.0320585	2289.4148
2.0326209	2252.2581
2.0331833	2282.0593
2.0337458	2359.283
2.0343082	2329.5854
2.0348706	2306.1189
2.0354331	2348.6218
2.0359955	2397.186
2.0365579	2423.8838
2.0371203	2474.9143
2.0376828	2450.1277
2.0382452	2500.6069
2.0388076	2596.5249
2.0393701	2582.4199
2.0399325	2569.7085
2.0404949	2600.3416
2.0410573	2627.3694
2.0416198	2630.4194
2.0421822	2626.6843
2.0427446	2616.8462
2.0433071	2667.3303
2.0438695	2673.6042
2.0444319	2705.8855
2.0449944	2712.7346
2.0455568	2718.0347
2.0461192	2732.5229
2.0466816	2745.0886
2.0472441	2756.0845
2.0478065	2761.5603
2.0483689	2717.1323
2.0489314	2755.4829
2.0494938	2675.9644
2.0500562	2695.0481
2.0506186	2709.2847
2.0511811	2713.6514
2.0517435	2709.7205
2.0523059	2686.2268
2.0528684	2658.9517
2.0534308	2686.1016
2.0539932	2703.8586
2.0545557	2682.0056
2.0551181	2658.3167
2.0556805	2664.3875
2.0562429	2679.0613
2.0568054	2660.2412
2.0573678	2639.1072
2.0579302	2652.3101
2.0584927	2574.7808
2.0590551	2595.9778
2.0596175	2535.6829
2.0601799	2578.8682
2.0607424	2546.3003
2.0613048	2524.0789
2.0618672	2522.6697
2.0624297	2499.1855
2.0629921	2507.6296
2.0635545	2497.9045
2.064117	2475.9402
2.0646794	2404.5376
2.0652418	2398.3179
2.0658042	2349.7988
2.0663667	2300.7039
2.0669291	2299.1531
2.0674915	2268.8193
2.068054	2230.8191
2.0686164	2177.4836
2.0691788	2145.6538
2.0697412	2109.7651
2.0703037	2060.0046
2.0708661	2016.7471
2.0714285	2002.1243
2.071991	2003.9886
2.0725534	1957.9283
2.0731158	1939.6348
2.0736783	1936.2551
2.0742407	1910.1703
2.0748031	1862.996
2.0753655	1833.885
2.075928	1821.2722
2.0764904	1752.4491
2.0770528	1756.7871
2.0776153	1764.4198
2.0781777	1766.6912
2.0787401	1735.7992
2.0793025	1705.505
2.079865	1693.1047
2.0804274	1673.0493
2.0809898	1628.2559
2.0815523	1591.1129
2.0821147	1591.9547
2.0826771	1567.8971
2.0832396	1539.2651
2.083802	1527.325
2.0843644	1524.4174
2.0849268	1495.1458
2.0854893	1401.3707
2.0860517	1401.2888
2.0866141	1365.3495
2.0871766	1346.4473
2.087739	1315.2609
2.0883014	1258.3217
2.0888638	1281.3127
2.0894263	1221.3091
2.0899887	1234.7388
2.0905511	1207.5183
2.0911136	1177.176
2.091676	1141.3323
2.0922384	1099.2322
2.0928009	1107.4269
2.0933633	1098.886
2.0939257	1068.1674
2.0944881	1047.2629
2.0950506	1046.5841
2.095613	1044.6512
2.0961754	1016.4892
2.0967379	975.82507
2.0973003	969.87018
2.0978627	948.67554
2.0984251	896.10718
2.0989876	889.34216
2.09955	917.87994
2.1001124	893.74011
2.1006749	857.2782
2.1012373	829.01794
2.1017997	834.96106
2.1023622	838.95581
2.1029246	822.71088
2.103487	792.94189
2.1040494	775.2688
2.1046119	744.86273
2.1051743	729.20721
2.1057367	738.35687
2.1062992	732.3125
2.1068616	694.18536
2.107424	650.84235
2.1079865	672.73169
2.1085489	651.00775
2.1091113	621.55096
2.1096737	598.03998
2.1102362	591.71863
2.1107986	597.98279
2.111361	576.16345
2.1119235	546.85828
2.1124859	534.29193
2.1130483	524.8963
2.1136107	526.61438
2.1141732	536.78876
2.1147356	517.96075
2.115298	516.28833
2.1158605	514.61731
2.1164229	489.7814
2.1169853	473.78046
2.1175478	483.80441
2.1181102	482.41122
2.1186726	465.74573
2.119235	455.34683
2.1197975	451.47165
2.1203599	447.03601
2.1209223	443.07001
2.1214848	455.18262
2.1220472	426.12067
2.1226096	423.05212
2.123172	400.35519
2.1237345	376.96976
2.1242969	377.92801
2.1248593	391.98428
2.1254218	376.25211
2.1259842	372.34363
2.1265466	362.81393
2.1271091	350.51825
2.1276715	345.68317
2.1282339	349.81161
2.1287963	364.17935
2.1293588	331.23709
2.1299212	312.8096
2.1304836	321.35172
2.1310461	326.64133
2.1316085	313.47177
2.1321709	314.19257
2.1327333	322.19269
2.1332958	315.6207
2.1338582	288.91031
2.1344206	264.52567
2.1349831	289.14133
2.1355455	284.12494
2.1361079	280.91229
2.1366704	283
2.1372328	282.41989
2.1377952	278.32724
2.1383576	276.49539
2.1389201	281.12802
2.1394825	276.48804
2.1400449	258.31732
2.1406074	240.25798
2.1411698	250.86208
2.1417322	260.80951
2.1422946	261.27515
2.1428571	256.43985
2.1434195	254.15123
2.1439819	246.82767
2.1445444	242.39488
2.1451068	234.06158
2.1456692	226.26953
2.1462317	219.83824
2.1467941	203.60286
2.1473565	217.04993
2.1479189	216.272
2.1484814	204.17273
2.1490438	194.16676
2.1496062	205.87779
2.1501687	201.02556
2.1507311	205.10051
2.1512935	200.42329
2.1518559	189.73303
2.1524184	186.66721
2.1529808	195.53867
2.1535432	203.06284
2.1541057	198.80768
2.1546681	192.99417
2.1552305	197.3687
2.155793	191.73671
2.1563554	184.01151
2.1569178	180.4973
2.1574802	181.83682
2.1580427	185.12779
2.1586051	178.70656
2.1591675	179.4272
2.15973	172.27362
2.1602924	167.84648
2.1608548	174.23444
2.1614172	175.83539
2.1619797	178.8707
2.1625421	177.93095
2.1631045	176.31633
2.163667	176.88509
2.1642294	176.08652
2.1647918	165.32985
2.1653543	154.89685
2.1659167	147.47273
2.1664791	144.51054
2.1670415	148.49266
2.167604	159.41374
2.1681664	158.61511
2.1687288	152.14644
2.1692913	149.92075
2.1698537	149.12674
2.1704161	136.99724
2.1709785	134.68112
2.171541	137.98729
2.1721034	135
2.1726658	135
2.1732283	141.92284
2.1737907	147.68214
2.1743531	148.73232
2.1749156	143.98901
2.175478	139.24889
2.1760404	139.74387
2.1766028	142.48157
2.1771653	144.04451
2.1777277	139.31389
2.1782901	134.58771
2.1788526	136.13713
2.179415	135.90071
2.1799774	129.86842
2.1805398	136.94542
2.1811023	125.29444
2.1816647	123.54221
2.1822271	127.56439
2.1827896	123.16634
2.183352	128.65605
2.1839144	127.63258
2.1844769	129.00262
2.1850393	131.46523
2.1856017	118.94233
2.1861641	120.89322
2.1867266	132.10266
2.187289	137.41614
2.1878514	124.98994
2.1884139	113.28081
2.1889763	114.76884
2.1895387	116.18434
2.1901011	115.18715
2.1906636	115.96647
2.191226	110.78638
2.1917884	116.84384
2.1923509	121.29406
2.1929133	114.5326
2.1934757	109.87054
2.1940382	115.94424
2.1946006	116.33216
2.195163	111
2.1957254	111
2.1962879	119.06851
2.1968503	115.90342
2.1974127	113.38674
2.1979752	120.99402
2.1985376	107.0766
2.1991	108.81656
2.1996624	116.12101
2.2002249	122.41312
2.2007873	119.32643
2.2013497	120.37968
2.2019122	120.53919
2.2024746	117.68683
2.203037	110.01624
2.2035995	118.48248
2.2041619	115.05322
2.2047243	110.30973
2.2052867	110.92168
2.2058492	110.15353
2.2064116	105.70038
2.206974	101.47395
2.2075365	100.03859
2.2080989	105.40519
2.2086613	103.95628
2.2092237	102.10608
2.2097862	98.452324
2.2103486	89.270355
2.210911	91.967651
2.2114735	96.037018
2.2120359	101.43071
2.2125983	107.79906
2.2131608	103.22145
2.2137232	97.526543
2.2142856	93.678436
2.214848	92.833084
2.2154105	91.310165
2.2159729	93.423943
2.2165353	93.533134
2.2170978	90.872887
2.2176602	90.1129
2.2182226	84.826637
2.218785	90.51857
2.2193475	101.5225
2.2199099	94.695801
2.2204723	96.723091
2.2210348	94.05455
2.2215972	88.413315
2.2221596	86.14286
2.2227221	92.378685
2.2232845	91.746559
2.2238469	90.204842
2.2244093	97.758484
2.2249718	93.616943
2.2255342	94.909958
2.2260966	95.130058
2.2266591	86.08596
2.2272215	84.507454
2.2277839	81.503067
2.2283463	81.268166
2.2289088	88.016045
2.2294712	91.02401
2.2300336	84.389755
2.2305961	79.583847
2.2311585	87.047035
2.2317209	90.797432
2.2322834	94.547028
2.2328458	95.963997
2.2334082	92.983757
2.2339706	91.486458
2.2345331	94.030624
2.2350955	94.721191
2.2356579	88.001137
2.2362204	88.748131
2.2367828	87.02076
2.2373452	84.276009
2.2379076	82.036453
2.2384701	86.400635
2.2390325	91.35099
2.2395949	95.223679
2.2401574	95.968307
2.2407198	94.575012
2.2412822	93.087547
2.2418447	90.60218
2.2424071	85.397957
2.2429695	95.971924
2.2435319	96.719994
2.2440944	91.169952
2.2446568	91.911545
2.2452192	99.83268
2.2457817	100.4576
2.2463441	95
2.2469065	95
2.2474689	96.841965
2.2480314	98
2.2485938	97.262054
2.2491562	91.35347
2.2497187	97.966454
2.2502813	101.85134
2.2508438	96.955444
2.2514062	96.218483
2.2519686	100.66335
2.2525311	100.41779
2.2530935	87.164978
2.2536559	96.440544
2.2542183	101.3842
2.2547808	102.01801
2.2553432	98.344696
2.2559056	89.353661
2.2564681	91.381302
2.2570305	99.148232
2.2575929	88.88533
2.2581553	80.421707
2.2587178	80.956459
2.2592802	91.31263
2.2598426	94.969994
2.2604051	92.323967
2.2609675	88.743988
2.2615299	88.013428
2.2620924	89.433395
2.2626548	89.553604
2.2632172	88.648438
2.2637796	87.19001
2.2643421	89.533691
2.2649045	89.191879
2.2654669	86.089653
2.2660294	86.817291
2.2665918	97.344101
2.2671542	100.03307
2.2677166	84.04969
2.2682791	95.581001
2.2688415	101.34882
2.2694039	103.35014
2.2699664	104.80004
2.2705288	110.62133
2.2710912	114
2.2716537	114.7986
2.2722161	122.75841
2.2727785	119.80479
2.2733409	116.45485
2.2739034	120.78992
2.2744658	111.38092
2.2750282	111.49648
2.2755907	115.39722
2.2761531	100.9735
2.2767155	105.43583
2.2772779	106.03032
2.2778404	93.826279
2.2784028	83.754295
2.2789652	85.864624
2.2795277	93.340355
2.2800901	94.777458
2.2806525	93.786552
2.281215	94.622597
2.2817774	97.747055
2.2823398	93.444931
2.2829022	89.144531
2.2834647	86.577141
2.2840271	88.725594
2.2845895	87.75177
2.285152	84.962936
2.2857144	81.492531
2.2862768	87.922272
2.2868392	87.583672
2.2874017	84.802872
2.2879641	84.089325
2.2885265	84.624046
2.289089	91.402458
2.2896514	103.70351
2.2902138	99.431244
2.2907763	96.107132
2.2913387	92.337013
2.2919011	85.934418
2.2924635	85
2.293026	86.903168
2.2935884	91.02729
2.2941508	91.736755
2.2947133	89.32341
2.2952757	85.53434
2.2958381	83.40847
2.2964005	87.575577
2.296963	92.399658
2.2975254	95.939575
2.2980878	89.744431
2.2986503	93.029358
2.2992127	100.37144
2.2997751	89.780289
2.3003376	89.08165
2.3009	93.2593
2.3014624	100.31163
2.3020248	102.27203
2.3025873	104.36208
2.3031497	107.62542
2.3037121	117.47805
2.3042746	117.3857
2.304837	116.87062
2.3053994	134.4384
2.3059618	132.96228
2.3065243	133.18803
2.3070867	144.41805
2.3076491	150.98418
2.3082116	145.58337
2.308774	131.13342
2.3093364	132.53384
2.3098989	133
2.3104613	128.66339
2.3110237	110.48495
2.3115861	121.11997
2.3121486	127.78561
2.312711	116.61214
2.3132734	109.40306
2.3138359	108.14384
2.3143983	111.94542
2.3149607	111.24852
2.3155231	109.65604
2.3160856	105.98148
2.316648	96.239288
2.3172104	103.6409
2.3177729	110.61483
2.3183353	106.44575
2.3188977	109.72112
2.3194602	113.5722
2.3200226	116.91543
2.320585	109.98331
2.3211474	114.89531
2.3217099	127.87723
2.3222723	134.80324
2.3228347	147.39217
2.3233972	158.67177
2.3239596	157.2886
2.324522	163.56165
2.3250844	173.75287
2.3256469	187.56435
2.3262093	226.09494
2.3267717	261.62952
2.3273342	289.90167
2.3278966	309.9162
2.328459	329.51367
2.3290215	349.29779
2.3295839	374.07141
2.3301463	378.60248
2.3307087	387.75946
2.3312712	467.46936
2.3318336	471.96234
2.332396	434.93188
2.3329585	361.51324
2.3335209	292.62189
2.3340833	234.06784
2.3346457	192.27316
2.3352082	186.15575
2.3357706	178.71574
2.336333	164.34828
2.3368955	148.65456
2.3374579	144.50656
2.3380203	151.23668
2.3385828	156.01613
2.3391452	158.79828
2.3397076	160.48857
2.34027	164.57814
2.3408325	166.44437
2.3413949	168.50589
2.3419573	176.67558
2.3425198	180.94731
2.3430822	185.67355
2.3436446	196.55081
2.344207	212.16124
2.3447695	228.11296
2.3453319	241.68604
2.3458943	240.05931
2.3464568	240.86133
2.3470192	251.70729
2.3475816	310.86691
2.3481441	382.29648
2.3487065	462.17084
2.3492689	525.69702
2.3498313	607.64648
2.3503938	713.79816
2.3509562	816.58557
2.3515186	891.13873
2.3520811	936.90552
2.3526435	1050.2347
2.3532059	1184.4132
2.3537683	1328.8835
2.3543308	1278.3768
2.3548932	1153.2614
2.3554556	970.25519
2.3560181	806.17401
2.3565805	696.7403
2.3571429	624.2052
2.3577054	533.55188
2.3582678	461.6842
2.3588302	402.65857
2.3593926	349.01443
2.3599551	298.74185
2.3605175	257.81461
2.3610799	263.841
2.3616424	249.68027
2.3622048	227.90138
2.3627672	227.23254
2.3633296	215.6655
2.3638921	200.47923
2.3644545	197.13976
2.3650169	193.36258
2.3655794	191.70938
2.3661418	202.38058
2.3667042	203.35783
2.3672667	198.93314
2.3678291	192.27306
2.3683915	194.38332
2.3689539	199.48155
2.3695164	196.15714
2.3700788	199.76395
2.3706412	207.46068
2.3712037	217.42268
2.3717661	224.82649
2.3723285	229.46883
2.3728909	225.48962
2.3734534	225.24373
2.3740158	229.46822
2.3745782	250.64891
2.3751407	262.20651
2.3757031	265.93799
2.3762655	254.69833
2.376828	256.15134
2.3773904	265.41473
2.3779528	256.83414
2.3785152	234.38455
2.3790777	201.82607
2.3796401	197.21091
2.3802025	188.13841
2.380765	174.98019
2.3813274	167.07956
2.3818898	162.68184
2.3824522	162.024
2.3830147	171.49687
2.3835771	170.61499
2.3841395	156.15872
2.384702	145.94357
2.3852644	143.119
2.3858268	150.98891
2.3863893	142.86002
2.3869517	139.39874
2.3875141	149.22519
2.3880765	142.42113
2.388639	130.81024
2.3892014	116.4221
2.3897638	109.01566
2.3903263	103.48537
2.3908887	96.952553
2.3914511	82.192978
2.3920135	67.877937
2.392576	73.095528
2.3931384	84.931084
2.3937008	102.85959
2.3942633	141.28618
2.3948257	185.57051
2.3953881	234.25415
2.3959506	279.11942
2.396513	322.69305
2.3970754	364.92249
2.3976378	418.25677
2.3982003	504.93802
2.3987627	638.55206
2.3993251	756.94043
2.3998876	822.26599
2.40045	783.40265
2.4010124	875.49225
2.4015749	970.67627
2.4021373	960.97382
2.4026997	748.23865
2.4032621	467.32388
2.4038246	312.25397
2.404387	188.55992
2.4049494	88.697815
2.4055119	42.26585
2.4060743	17.713346
2.4066367	15.134499
2.4071991	10.727059
2.4077616	7.7457108
2.408324	7.1020541
2.4088864	5.9173861
2.4094489	4.6311774
2.4100113	3.3459682
2.4105737	3.9387293
2.4111362	4.7768831
2.4116986	3.493073
2.412261	2.6050611
2.4128234	2.1083791
2.4133859	4.0309558
2.4139483	2.4600084
2.4145107	-2.6612968
2.4150732	1.1847768
2.4156356	3.2870021
2.416198	1.369115
2.4167604	2.5479331
2.4173229	4
2.4178853	4
2.4184477	4.4314289
2.4190102	5.2083178
2.4195726	7.1205044
2.420135	6.2793126
2.4206975	3.0931952
2.4212599	0.52766585
2.4218223	-0.23645128
2.4223847	1.6716111
2.4229472	3.0525482
2.4235096	4.3236427
2.424072	5.5939717
2.4246345	4.7038975
2.4251969	2.9330623
2.4257593	2.2989223
2.4263217	3.0051131
2.4268842	4.9065113
2.4274466	3.1930614
2.428009	2.2355189
2.4285715	2.8682983
2.4291339	4.0016174
2.4296963	4.7337165
2.4302588	3.4698529
2.4308212	3
2.4313836	3
2.431946	3
2.4325085	3.5806062
2.4330709	4.8417668
2.4336333	2.795912
2.4341958	1.3619043
2.4347582	2.6210456
2.4353206	1.6804241
2.435883	0.27615273
2.4364455	2.7910793
2.4370079	3.0215385
2.4375703	1.1373522
2.4381328	1.582123
2.4386952	2.8391783
2.4392576	5.3480868
2.4398201	5.0719957
2.4403825	3.8183532
2.4409449	2.5655644
2.4415073	1.3131404
2.4420698	0.061016619
2.4426322	1.189844
2.4431946	3.3208697
2.4437571	7.0702753
2.4443195	7.0606041
2.4448819	5.7173452
2.4454443	3.8446267
2.4460068	3
2.4465692	3
2.4471316	2.4109731
2.4476941	1.5759995
2.4482565	0.33048671
2.4488189	0.91430193
2.4493814	1.9206692
2.4499438	1.2990615
2.4505062	1.3224612
2.4510686	1.9439052
2.4516311	1.435246
2.4521935	1
2.4527559	1
2.4533184	1.4260366
2.4538808	2
2.4544432	2
2.4550056	2.8536005
2.4555681	4.711082
2.4561305	3.9556618
2.4566929	2.859519
2.4572554	2.2413318
2.4578178	3.5058417
2.4583802	5.9759998
2.4589427	2.9431021
2.4595051	1.6853758
2.4600675	3.5350895
2.4606299	4
2.4611924	3.766634
2.4617548	1.9198167
2.4623172	1
2.4628797	1
2.4634421	1
2.4640045	1.3079407
2.4645669	2.5369072
2.4651294	3.7650764
2.4656918	4.992764
2.4662542	1.3395985
2.4668167	0.11730111
2.4673791	3.181735
2.4679415	1.7549976
2.468504	-0.8154369
2.4690664	1.020838
2.4696288	1.1433315
2.4701912	-0.69199097
2.4707537	-1
2.4713161	-0.52137941
2.4718785	1.9219155
2.472441	3
2.4730034	3
2.4735658	0.1942194
2.4741282	-1.8291694
2.4746907	-1.2196084
2.4752531	0.16865
2.4758155	1.995445
2.476378	2
2.4769404	2
2.4775028	2
2.4780653	2
2.4786277	2.115124
2.4791901	3.9362776
2.4797525	4.2429581
2.480315	2.4227409
2.4808774	4.3267331
2.4814398	6.6428738
2.4820023	3.613853
2.4825647	2.8482292
2.4831271	4.6637764
2.4836895	3.5214345
2.484252	2.1953042
2.4848144	3.4041185
2.4853768	3.3875377
2.4859393	2.179652
2.4865017	2.5137224
2.4870641	3.1171122
2.4876266	3.7201288
2.488189	2.0626135
2.4887514	-1.5527142
2.4893138	0.6380133
2.4898763	3.1295969
2.4904387	3.7312293
2.4910011	4
2.4915636	4
2.492126	1.8612803
2.4926884	1.0832663
2.4932508	5.8853045
2.4938133	4.6433845
2.4943757	-1.3545848
2.4949381	0.67423713
2.4955006	3.1341193
2.496063	3.7331543
2.4966254	3.3362947
2.4971879	2.1394396
2.4977503	3.5849168
2.4983127	5
2.4988751	5
2.4994376	4.0363178
2.5	2.2451248
