1.5	4.5877194
1.5005624	6.0571227
1.5011249	4.9566646
1.5016873	7.0392962
1.5022497	4.7270308
1.5028121	5.3928323
1.5033746	2.5144558
1.503937	1.8395917
1.5044994	6.1205544
1.5050619	1.1058207
1.5056243	6.0104599
1.5061867	3.7289453
1.5067492	3.0956752
1.5073116	6.0176549
1.507874	4.1341105
1.5084364	7.4609666
1.5089989	4.7844772
1.5095613	3.8945079
1.5101237	5.2256341
1.5106862	6.8571076
1.5112486	5.4133019
1.511811	2.023663
1.5123734	3.0216842
1.5129359	5.8071914
1.5134983	5.8101182
1.5140607	4.0097423
1.5146232	1.0070094
1.5151856	1.3311083
1.515748	7.6431026
1.5163105	5.4631886
1.5168729	3.3505301
1.5174353	6.6490369
1.5179977	3.6916146
1.5185602	4.5232944
1.5191226	3.8616855
1.519685	6.1643839
1.5202475	6.0475316
1.5208099	4.004458
1.5213723	8.883503
1.5219347	9.4786015
1.5224972	7.8030024
1.5230596	6.1810746
1.523622	5.3903537
1.5241845	11.157309
1.5247469	8.990325
1.5253093	4.287169
1.5258718	7.5057149
1.5264342	5.7820153
1.5269966	9.1919966
1.527559	5.4448457
1.5281215	8.919982
1.5286839	7.0602131
1.5292463	3.5240192
1.5298088	1.6925526
1.5303712	4.7767901
1.5309336	4.3753405
1.531496	7.7045851
1.5320585	5.4719601
1.5326209	6.7024422
1.5331833	5.8842077
1.5337458	7.4125199
1.5343082	-0.069915913
1.5348706	5.4394393
1.5354331	7.6646638
1.5359955	7.3549666
1.5365579	6.7162886
1.5371203	10.482246
1.5376828	7.268383
1.5382452	4.1898584
1.5388076	4.0655332
1.5393701	5.5733047
1.5399325	7.6452055
1.5404949	6.9886465
1.5410573	7.5370078
1.5416198	7.4653411
1.5421822	5.7360682
1.5427446	7.6661901
1.5433071	5.9893727
1.5438695	2.4170446
1.5444319	5.3069377
1.5449944	6.1444187
1.5455568	4.7479358
1.5461192	7.2878451
1.5466816	4.7518921
1.5472441	5.9910517
1.5478065	5.9753442
1.5483689	4.2986875
1.5489314	4.7598042
1.5494938	7.5139961
1.5500562	7.2091579
1.5506186	4.7657375
1.5511811	6.0262609
1.5517435	8.9786978
1.5523059	7.3010392
1.5528684	6.7820477
1.5534308	6.5668263
1.5539932	7.1551161
1.5545557	5.8875561
1.5551181	6.118011
1.5556805	4.926713
1.5562429	2.2750385
1.5568054	6.2678614
1.5573678	8.8713484
1.5579302	4.279757
1.5584927	5.8668222
1.5590551	10.275255
1.5596175	4.7340779
1.5601799	3.964833
1.5607424	6.4632983
1.5613048	8.7600641
1.5618672	8.576685
1.5624297	6.2572947
1.5629921	9.5283718
1.5635545	7.6755238
1.564117	5.628037
1.5646794	12.508096
1.5652418	4.7763991
1.5658042	5.7317796
1.5663667	5.0913801
1.5669291	5.3478312
1.5674915	6.6208911
1.568054	6.8270555
1.5686164	6.1191545
1.5691788	4.0736413
1.5697412	7.92978
1.5703037	5.8349676
1.5708661	6.6711345
1.5714285	7.3024478
1.571991	9.0668516
1.5725534	8.0889807
1.5731158	7.0238714
1.5736783	6.3827343
1.5742407	7.8225613
1.5748031	5.3258238
1.5753655	8.7952309
1.575928	5.7589445
1.5764904	8.5248947
1.5770528	6.7753716
1.5776153	6.1586933
1.5781777	7.0199566
1.5787401	4.992713
1.5793025	4.5849843
1.579865	5.6298785
1.5804274	7.8820767
1.5809898	5.5609779
1.5815523	7.5141215
1.5821147	8.1261292
1.5826771	4.1846862
1.5832396	5.079237
1.583802	7.2880244
1.5843644	7.2947102
1.5849268	11.007371
1.5854893	8.2653227
1.5860517	9.4249334
1.5866141	6.0978451
1.5871766	11.815808
1.587739	5.8924494
1.5883014	8.5093603
1.5888638	6.1465878
1.5894263	6.9909306
1.5899887	6.5974846
1.5905511	7.9133859
1.5911136	7.0622692
1.591676	7.2674179
1.5922384	5.5635433
1.5928009	6.829988
1.5933633	7.0184579
1.5939257	5.5716181
1.5944881	11.640435
1.5950506	7.9219985
1.595613	3.0909283
1.5961754	9.4668121
1.5967379	10.927933
1.5973003	7.8709831
1.5978627	7.9843378
1.5984251	6.7802877
1.5989876	8.8340721
1.59955	12.078935
1.6001124	6.406476
1.6006749	4.3093367
1.6012373	10.812958
1.6017997	9.4080276
1.6023622	6.3971019
1.6029246	6.9496903
1.603487	4.9767313
1.6040494	4.5735283
1.6046119	6.0151124
1.6051743	14.547422
1.6057367	7.4727335
1.6062992	9.9104347
1.6068616	8.6602907
1.607424	8.7524443
1.6079865	8.0219555
1.6085489	9.96947
1.6091113	6.9714484
1.6096737	7.6924386
1.6102362	8.8024826
1.6107986	7.9773822
1.611361	7.5927005
1.6119235	6.6771269
1.6124859	13.894208
1.6130483	7.1325841
1.6136107	5.9872718
1.6141732	10.348432
1.6147356	6.6936803
1.615298	9.2038851
1.6158605	9.3412075
1.6164229	7.8043694
1.6169853	7.6123114
1.6175478	7.0447631
1.6181102	8.3336697
1.6186726	6.8610239
1.619235	8.5415869
1.6197975	7.1976323
1.6203599	9.0110083
1.6209223	10.21148
1.6214848	7.0149636
1.6220472	9.8057671
1.6226096	12.123064
1.623172	8.6946754
1.6237345	8.0228758
1.6242969	9.9436979
1.6248593	10.972473
1.6254219	10.991798
1.6259843	11.416665
1.6265467	7.7145362
1.6271092	5.8909459
1.6276716	12.231859
1.628234	10.0387
1.6287965	10.613693
1.6293589	8.065608
1.6299213	7.8652844
1.6304837	7.3916168
1.6310462	10.50956
1.6316086	13.07405
1.632171	9.1255159
1.6327335	10.054523
1.6332959	10.954639
1.6338583	12.820942
1.6344208	6.4612594
1.6349832	7.675941
1.6355456	11.508776
1.636108	8.5667448
1.6366705	8.4188595
1.6372329	9.0703478
1.6377953	8.0320368
1.6383578	11.94757
1.6389202	11.076282
1.6394826	9.0782595
1.640045	12.917588
1.6406075	9.2489643
1.6411699	8.9543495
1.6417323	7.1236081
1.6422948	10.088149
1.6428572	13.862481
1.6434196	7.389667
1.6439821	8.0095692
1.6445445	12.705791
1.6451069	12.771498
1.6456693	14.968175
1.6462318	16.354734
1.6467942	8.1220579
1.6473566	10.521769
1.6479191	9.3778009
1.6484815	17.322561
1.6490439	13.111885
1.6496063	11.841018
1.6501688	10.92289
1.6507312	12.685558
1.6512936	13.409826
1.6518561	8.3210621
1.6524185	13.123754
1.6529809	10.297511
1.6535434	10.29671
1.6541058	11.669143
1.6546682	13.639102
1.6552306	13.293266
1.6557931	8.9690933
1.6563555	11.960379
1.6569179	11.75668
1.6574804	12.955695
1.6580428	11.277961
1.6586052	13.581199
1.6591676	10.130546
1.6597301	12.659044
1.6602925	13.544474
1.6608549	11.252989
1.6614174	14.040485
1.6619798	8.1573782
1.6625422	11.127057
1.6631047	11.86206
1.6636671	11.032188
1.6642295	10.51328
1.6647919	14.739437
1.6653544	13.384169
1.6659168	6.0204983
1.6664792	9.1855869
1.6670417	10.580317
1.6676041	10.997947
1.6681665	10.834042
1.6687289	12.72801
1.6692914	11.443177
1.6698538	10.96497
1.6704162	15.941319
1.6709787	14.416953
1.6715411	13.266784
1.6721035	12.193409
1.672666	13.849634
1.6732284	12.507266
1.6737908	13.09924
1.6743532	12.830387
1.6749157	11.464437
1.6754781	12.378462
1.6760405	14.411391
1.676603	13.208807
1.6771654	13.061864
1.6777278	12.035528
1.6782902	12.46728
1.6788527	10.88656
1.6794151	8.886055
1.6799775	12.721398
1.68054	14.139992
1.6811024	11.982002
1.6816648	8.736742
1.6822273	13.228586
1.6827897	13.230564
1.6833521	9.5763855
1.6839145	12.000908
1.684477	10.542428
1.6850394	14.948252
1.6856018	13.17212
1.6861643	11.599821
1.6867267	15.642856
1.6872891	17.239878
1.6878515	10.992432
1.688414	12.030025
1.6889764	15.252322
1.6895388	10.812703
1.6901013	12.256278
1.6906637	14.083544
1.6912261	10.39959
1.6917886	16.431385
1.692351	8.8479357
1.6929134	12.953702
1.6934758	20.307413
1.6940383	15.313688
1.6946007	11.982677
1.6951631	17.042585
1.6957256	13.838382
1.696288	12.278036
1.6968504	13.611341
1.6974128	15.005369
1.6979753	13.340962
1.6985377	9.7802105
1.6991001	12.938186
1.6996626	14.289904
1.700225	10.058386
1.7007874	12.478024
1.7013499	13.308914
1.7019123	10.558922
1.7024747	14.950089
1.7030371	17.534639
1.7035996	8.9355202
1.704162	13.305728
1.7047244	14.372081
1.7052869	20.263451
1.7058493	12.783614
1.7064117	12.626703
1.7069741	9.4170113
1.7075366	10.317595
1.708099	17.5991
1.7086614	14.9163
1.7092239	14.888802
1.7097863	13.317432
1.7103487	20.609625
1.7109112	20.193439
1.7114736	10.365938
1.712036	16.612551
1.7125984	20.141596
1.7131609	18.966463
1.7137233	20.093056
1.7142857	15.92453
1.7148482	14.38797
1.7154106	15.345287
1.715973	19.927296
1.7165354	14.836411
1.7170979	11.986134
1.7176603	15.227385
1.7182227	12.345239
1.7187852	14.621623
1.7193476	20.003916
1.71991	19.361111
1.7204725	21.054564
1.7210349	15.749802
1.7215973	17.17334
1.7221597	20.453671
1.7227222	17.371002
1.7232846	14.324985
1.723847	16.292963
1.7244095	14.543798
1.7249719	16.823633
1.7255343	15.562861
1.7260967	19.382868
1.7266592	18.702515
1.7272216	18.589809
1.727784	22.831692
1.7283465	12.986769
1.7289089	17.015627
1.7294713	14.492983
1.7300338	15.1768
1.7305962	18.835014
1.7311586	19.40173
1.731721	21.631142
1.7322835	18.060572
1.7328459	20.140074
1.7334083	13.817918
1.7339708	19.027807
1.7345332	16.865496
1.7350956	18.414516
1.735658	18.416494
1.7362205	19.0714
1.7367829	17.622179
1.7373453	15.55619
1.7379078	11.980993
1.7384702	18.856339
1.7390326	16.17277
1.7395951	15.784752
1.7401575	17.354433
1.7407199	16.633793
1.7412823	12.400739
1.7418448	15.281271
1.7424072	14.70648
1.7429696	21.318554
1.7435321	19.703199
1.7440945	19.316505
1.7446569	16.534592
1.7452193	17.99704
1.7457818	21.460131
1.7463442	20.61179
1.7469066	20.264231
1.7474691	21.571558
1.7480315	21.196095
1.7485939	14.169862
1.7491564	17.015724
1.7497188	20.452091
1.7502812	18.467922
1.7508436	24.004606
1.7514061	23.504108
1.7519685	24.030909
1.7525309	22.724649
1.7530934	25.790998
1.7536558	22.753218
1.7542182	24.83205
1.7547807	19.081364
1.7553431	19.906933
1.7559055	20.909649
1.7564679	24.446161
1.7570304	20.2871
1.7575928	22.083538
1.7581552	18.465567
1.7587177	19.497591
1.7592801	19.927971
1.7598425	22.707981
1.7604049	17.480587
1.7609674	20.845119
1.7615298	20.63883
1.7620922	23.49896
1.7626547	18.21884
1.7632171	18.388632
1.7637795	21.367346
1.764342	26.427475
1.7649044	16.886919
1.7654668	17.353395
1.7660292	20.870356
1.7665917	22.131287
1.7671541	25.519375
1.7677165	19.732542
1.768279	22.555874
1.7688414	26.744986
1.7694038	22.699207
1.7699662	19.547913
1.7705287	22.559654
1.7710911	25.336407
1.7716535	19.950727
1.772216	19.134613
1.7727784	27.470373
1.7733408	22.289461
1.7739033	25.171841
1.7744657	18.830622
1.7750281	21.436142
1.7755905	23.556931
1.776153	17.971275
1.7767154	16.583374
1.7772778	22.142048
1.7778403	22.134872
1.7784027	25.17831
1.7789651	20.018009
1.7795275	27.88582
1.78009	32.418072
1.7806524	26.281807
1.7812148	23.915789
1.7817773	26.592533
1.7823397	26.205523
1.7829021	26.254507
1.7834646	27.75503
1.784027	23.065588
1.7845894	24.507408
1.7851518	23.49287
1.7857143	23.694847
1.7862767	23.877085
1.7868391	19.337645
1.7874016	17.793274
1.787964	21.521017
1.7885264	27.373882
1.7890888	29.637836
1.7896513	23.604137
1.7902137	27.66259
1.7907761	25.546654
1.7913386	32.482292
1.791901	23.245974
1.7924634	23.381531
1.7930259	23.490122
1.7935883	28.888302
1.7941507	28.342684
1.7947131	24.668283
1.7952756	26.251795
1.795838	26.035133
1.7964004	26.052101
1.7969629	25.668049
1.7975253	19.063581
1.7980877	29.651173
1.7986501	34.147034
1.7992126	31.963913
1.799775	31.192623
1.8003374	25.149824
1.8008999	21.04579
1.8014623	25.434904
1.8020247	25.901409
1.8025872	33.764679
1.8031496	28.229298
1.803712	27.655832
1.8042744	29.855061
1.8048369	25.346996
1.8053993	27.624096
1.8059617	25.543629
1.8065242	25.792383
1.8070866	31.731764
1.807649	32.035854
1.8082114	25.244768
1.8087739	24.511837
1.8093363	32.825455
1.8098987	27.432419
1.8104612	26.460154
1.8110236	29.517134
1.811586	28.814537
1.8121485	27.927078
1.8127109	24.705589
1.8132733	25.865347
1.8138357	31.634773
1.8143982	29.611595
1.8149606	29.364399
1.815523	28.417446
1.8160855	30.108067
1.8166479	28.957167
1.8172103	30.620277
1.8177727	29.994539
1.8183352	28.088366
1.8188976	27.089071
1.81946	32.541397
1.8200225	33.763489
1.8205849	34.246761
1.8211473	31.211699
1.8217098	30.902338
1.8222722	37.762169
1.8228346	29.502966
1.823397	34.434879
1.8239595	30.904234
1.8245219	31.253714
1.8250843	32.867104
1.8256468	34.214523
1.8262092	36.707764
1.8267716	35.505138
1.827334	35.909702
1.8278965	31.147686
1.8284589	32.080933
1.8290213	34.979702
1.8295838	36.045151
1.8301462	30.894552
1.8307086	32.410896
1.8312711	35.016708
1.8318335	36.190102
1.8323959	34.259777
1.8329583	39.23098
1.8335208	38.532253
1.8340832	37.233643
1.8346456	31.645079
1.8352081	36.741932
1.8357705	34.291149
1.8363329	32.255375
1.8368953	32.09164
1.8374578	34.998589
1.8380202	32.903919
1.8385826	32.117168
1.8391451	33.560699
1.8397075	34.453884
1.8402699	32.694988
1.8408324	41.280483
1.8413948	36.386936
1.8419572	35.14505
1.8425196	35.699902
1.8430821	34.73946
1.8436445	37.104248
1.8442069	42.249718
1.8447694	41.057869
1.8453318	38.249744
1.8458942	41.499542
1.8464566	40.824364
1.8470191	40.199657
1.8475815	37.416656
1.8481439	36.817451
1.8487064	39.263973
1.8492688	38.593861
1.8498312	38.176075
1.8503937	41.430069
1.8509561	36.858326
1.8515185	34.107285
1.8520809	40.079269
1.8526434	41.925667
1.8532058	42.773872
1.8537682	36.100937
1.8543307	36.535873
1.8548931	37.986748
1.8554555	43.835583
1.8560179	39.164131
1.8565804	40.938095
1.8571428	39.140804
1.8577052	40.681438
1.8582677	41.432083
1.8588301	39.634235
1.8593925	38.898056
1.859955	39.722179
1.8605174	43.412628
1.8610798	42.772717
1.8616422	42.855671
1.8622047	41.652542
1.8627671	41.044338
1.8633295	42.565292
1.863892	39.931065
1.8644544	45.30743
1.8650168	49.407734
1.8655792	46.065132
1.8661417	43.737179
1.8667041	48.633389
1.8672665	48.546169
1.867829	47.069016
1.8683914	48.389576
1.8689538	51.941841
1.8695163	46.436543
1.8700787	43.366436
1.8706411	46.289017
1.8712035	45.422897
1.871766	45.637127
1.8723284	54.094101
1.8728908	47.063618
1.8734533	44.116592
1.8740157	49.677448
1.8745781	49.831547
1.8751407	47.098629
1.8757031	48.007374
1.8762655	48.383675
1.876828	50.014973
1.8773904	52.985195
1.8779528	52.784958
1.8785152	52.602951
1.8790777	63.39629
1.8796401	50.270229
1.8802025	50.406982
1.880765	59.884651
1.8813274	51.617752
1.8818898	58.131157
1.8824522	53.685204
1.8830147	56.949528
1.8835771	56.577358
1.8841395	58.918026
1.884702	56.75016
1.8852644	60.735619
1.8858268	60.147377
1.8863893	58.208675
1.8869517	61.890808
1.8875141	59.62899
1.8880765	67.09655
1.888639	66.143829
1.8892014	59.000557
1.8897638	67.266006
1.8903263	67.469933
1.8908887	66.977715
1.8914511	60.69841
1.8920135	69.43045
1.892576	71.834145
1.8931384	64.031548
1.8937008	65.408363
1.8942633	66.520081
1.8948257	66.191895
1.8953881	66.248726
1.8959506	72.437492
1.896513	69.719727
1.8970754	77.827271
1.8976378	78.809746
1.8982003	74.643913
1.8987627	73.405136
1.8993251	76.510422
1.8998876	73.886955
1.90045	76.801819
1.9010124	78.164314
1.9015749	75.341103
1.9021373	79.905792
1.9026997	75.055511
1.9032621	76.916924
1.9038246	86.508789
1.904387	88.053711
1.9049494	78.982422
1.9055119	85.761528
1.9060743	90.788101
1.9066367	80.182648
1.9071991	83
1.9077616	85.152672
1.908324	86.663689
1.9088864	82.580811
1.9094489	86.934471
1.9100113	94.431541
1.9105737	98.021164
1.9111362	97.335892
1.9116986	99.478508
1.912261	98.89682
1.9128234	95.388351
1.9133859	94.363426
1.9139483	94.661194
1.9145107	90.890068
1.9150732	95.372986
1.9156356	101.65388
1.916198	109.77399
1.9167604	111.22601
1.9173229	100.66914
1.9178853	98.81488
1.9184477	104.84113
1.9190102	106.85334
1.9195726	101.76949
1.920135	112.5613
1.9206975	116.71922
1.9212599	112.3848
1.9218223	121.38823
1.9223847	126.76962
1.9229472	113.43715
1.9235096	131.67668
1.924072	129.01106
1.9246345	122.00919
1.9251969	123.10601
1.9257593	128.69676
1.9263217	148.25049
1.9268842	132.1091
1.9274466	134
1.928009	135.03207
1.9285715	147.25989
1.9291339	139.63222
1.9296963	145.41246
1.9302588	140.41882
1.9308212	145.44316
1.9313836	156.65048
1.931946	152.90614
1.9325085	145
1.9330709	146.17119
1.9336333	153.33275
1.9341958	151.0419
1.9347582	162.20349
1.9353206	152.53717
1.935883	161.7193
1.9364455	161.40686
1.9370079	169.85959
1.9375703	169.13969
1.9381328	169.86166
1.9386952	169.13629
1.9392576	170.26666
1.9398201	173.17258
1.9403825	179.73436
1.9409449	171.73154
1.9415073	178.17159
1.9420698	187.22284
1.9426322	188.57901
1.9431946	184.50766
1.9437571	179.81752
1.9443195	179.74785
1.9448819	198.62523
1.9454443	195.57683
1.9460068	217.49414
1.9465692	209.78029
1.9471316	225.82512
1.9476941	220.85931
1.9482565	215.04683
1.9488189	218.99661
1.9493814	233.78964
1.9499438	222.33372
1.9505062	240.19807
1.9510686	241.94279
1.9516311	241.07262
1.9521935	238.26593
1.9527559	251.42111
1.9533184	244.22481
1.9538808	252.45665
1.9544432	241.37837
1.9550056	258.74286
1.9555681	264.60638
1.9561305	268.91425
1.9566929	260.85434
1.9572554	263.18753
1.9578178	277.94772
1.9583802	271.84943
1.9589427	264.97784
1.9595051	277.00784
1.9600675	284
1.9606299	282.79636
1.9611924	290.07269
1.9617548	299.30539
1.9623172	298.85272
1.9628797	299.9794
1.9634421	308.22922
1.9640045	313
1.9645669	319.19885
1.9651294	323.39102
1.9656918	321.31668
1.9662542	341.04904
1.9668167	360.53415
1.9673791	354.90634
1.9679415	354.28787
1.968504	375.94766
1.9690664	388.715
1.9696288	374.21692
1.9701912	389.67313
1.9707537	397.34988
1.9713161	417.55521
1.9718785	401.16656
1.972441	406.72192
1.9730034	418.91748
1.9735658	442.85565
1.9741282	437.59009
1.9746907	450.43692
1.9752531	452.47443
1.9758155	480.19897
1.976378	482.1243
1.9769404	471.58377
1.9775028	480.60117
1.9780653	482.85992
1.9786277	481.60873
1.9791901	493.50201
1.9797525	501.28519
1.980315	507.84082
1.9808774	519.96265
1.9814398	520.70673
1.9820023	533.49042
1.9825647	532.54932
1.9831271	512.55048
1.9836895	525.50842
1.984252	565.48291
1.9848144	604.62549
1.9853768	571.35327
1.9859393	584.58563
1.9865017	622.16876
1.9870641	594.77679
1.9876266	615.84668
1.988189	633.4856
1.9887514	656.63928
1.9893138	665.19537
1.9898763	672.21942
1.9904387	683.93915
1.9910011	694.71014
1.9915636	700.84796
1.992126	702.28357
1.9926884	722.3338
1.9932508	766.39496
1.9938133	793.99908
1.9943757	777.20135
1.9949381	771.16235
1.9955006	797.50934
1.996063	825.69232
1.9966254	815.92072
1.9971879	840.47595
1.9977503	880.35303
1.9983127	868.2226
1.9988751	882.92267
1.9994376	896.22729
2	896.9472
2.0005624	896.15326
2.0011249	904.43445
2.0016873	940.5199
2.0022497	964.41248
2.0028121	951.9989
2.0033746	983.8028
2.003937	999.89911
2.0044994	997.10303
2.0050619	1049.9647
2.0056243	1033.6144
2.0061867	1035.0784
2.0067492	1043.2109
2.0073116	1065.8342
2.007874	1090.0845
2.0084364	1096.1744
2.0089989	1109.8822
2.0095613	1145.0223
2.0101237	1166.9186
2.0106862	1174.6211
2.0112486	1163.5295
2.011811	1190.8414
2.0123734	1187.141
2.0129359	1203.0048
2.0134983	1245.6603
2.0140607	1269.7328
2.0146232	1265.7646
2.0151856	1277.8821
2.015748	1304.1107
2.0163105	1329.057
2.0168729	1350.5764
2.0174353	1371.5258
2.0179977	1395.7454
2.0185602	1406.0765
2.0191226	1466.344
2.019685	1479.1996
2.0202475	1493.7666
2.0208099	1520.1073
2.0213723	1505.4767
2.0219347	1525.9161
2.0224972	1582.3781
2.0230596	1618.2085
2.023622	1621
2.0241845	1633.965
2.0247469	1674.7002
2.0253093	1695.3535
2.0258718	1652.4374
2.0264342	1693.4713
2.0269966	1707.8307
2.027559	1733.8193
2.0281215	1760.3335
2.0286839	1778.4698
2.0292463	1792.1135
2.0298088	1804.5983
2.0303712	1816.9563
2.0309336	1828.6005
2.031496	1833.0103
2.0320585	1882.1293
2.0326209	1826.8474
2.0331833	1850.1003
2.0337458	1892.6057
2.0343082	1916.1912
2.0348706	1920.9174
2.0354331	1905.306
2.0359955	1927.814
2.0365579	1998.4607
2.0371203	1985.3905
2.0376828	2005.6755
2.0382452	2032.718
2.0388076	2095.7778
2.0393701	2062.0093
2.0399325	2102.6423
2.0404949	2128.2119
2.0410573	2134.2161
2.0416198	2157.8389
2.0421822	2163.7998
2.0427446	2118.6948
2.0433071	2182.6882
2.0438695	2138.7708
2.0444319	2144.3909
2.0449944	2193.7551
2.0455568	2239.9495
2.0461192	2218.7646
2.0466816	2203.2148
2.0472441	2201.3938
2.0478065	2145.5454
2.0483689	2177.3064
2.0489314	2198.7112
2.0494938	2171.7351
2.0500562	2184.1797
2.0506186	2163.8979
2.0511811	2110.2681
2.0517435	2091.0786
2.0523059	2103.7378
2.0528684	2107.1204
2.0534308	2153.6917
2.0539932	2117.29
2.0545557	2130.1965
2.0551181	2106.7207
2.0556805	2094.4363
2.0562429	2108.6599
2.0568054	2106.1089
2.0573678	2075.6399
2.0579302	2051.9436
2.0584927	2018.9574
2.0590551	1982.7467
2.0596175	2021.3181
2.0601799	2021.7805
2.0607424	2011.1563
2.0613048	2029.2511
2.0618672	2023.7043
2.0624297	1962.4233
2.0629921	1934.256
2.0635545	1922.0685
2.064117	1937.8829
2.0646794	1909.5723
2.0652418	1883.4058
2.0658042	1848.2336
2.0663667	1813.4164
2.0669291	1781.719
2.0674915	1738.2751
2.068054	1727.787
2.0686164	1718.1692
2.0691788	1679.3649
2.0697412	1686.6094
2.0703037	1656.8236
2.0708661	1602.3146
2.0714285	1576.2604
2.071991	1570.7823
2.0725534	1529.9795
2.0731158	1524.7528
2.0736783	1486.7583
2.0742407	1460.4702
2.0748031	1458.7821
2.0753655	1448.3408
2.075928	1409.1285
2.0764904	1383.7423
2.0770528	1371.5959
2.0776153	1369.3512
2.0781777	1351.0306
2.0787401	1348.5717
2.0793025	1341.1647
2.079865	1315.7854
2.0804274	1289.7892
2.0809898	1272.0865
2.0815523	1276.4054
2.0821147	1274.0227
2.0826771	1232.3281
2.0832396	1172.2035
2.083802	1135.325
2.0843644	1136.46
2.0849268	1130.1611
2.0854893	1132.7421
2.0860517	1102.8113
2.0866141	1062.9529
2.0871766	1042.5377
2.087739	1018.595
2.0883014	979
2.0888638	979.73657
2.0894263	989.16571
2.0899887	957.20703
2.0905511	904.69116
2.0911136	890.83868
2.091676	878.6803
2.0922384	843.92883
2.0928009	876.65033
2.0933633	841.63257
2.0939257	811.22717
2.0944881	801.76453
2.0950506	795.35651
2.095613	785.13153
2.0961754	772.13672
2.0967379	749.24988
2.0973003	757.7569
2.0978627	744.48254
2.0984251	731.51788
2.0989876	723.02588
2.09955	709.41528
2.1001124	679.841
2.1006749	651.01068
2.1012373	654.90582
2.1017997	638.05841
2.1023622	629.51105
2.1029246	619.64038
2.103487	603.63776
2.1040494	611.98029
2.1046119	576.50659
2.1051743	586.00391
2.1057367	571.255
2.1062992	550.6402
2.1068616	537.72961
2.107424	524.68817
2.1079865	514.58539
2.1085489	502.10745
2.1091113	488.85989
2.1096737	474.93713
2.1102362	467.2583
2.1107986	469.53647
2.111361	467.01886
2.1119235	444.51926
2.1124859	435.30432
2.1130483	431.47409
2.1136107	419.27066
2.1141732	398.81689
2.1147356	397.6077
2.115298	380.88312
2.1158605	380.07401
2.1164229	395.21527
2.1169853	395.35519
2.1175478	373.19559
2.1181102	373.85281
2.1186726	369.68643
2.119235	346.0405
2.1197975	340.75516
2.1203599	348.60361
2.1209223	353.465
2.1214848	346.76648
2.1220472	338.46304
2.1226096	332.89578
2.123172	318.66354
2.1237345	313.86823
2.1242969	323.03857
2.1248593	304.01324
2.1254218	317.26138
2.1259842	293.08813
2.1265466	279.48349
2.1271091	280
2.1276715	280.54654
2.1282339	283.84927
2.1287963	266.66968
2.1293588	260.77457
2.1299212	266.99576
2.1304836	269.20615
2.1310461	250.08492
2.1316085	250.90802
2.1321709	245.88399
2.1327333	235.14745
2.1332958	237.37827
2.1338582	249.26761
2.1344206	233.98248
2.1349831	233.16196
2.1355455	233.65834
2.1361079	232.56578
2.1366704	228.02748
2.1372328	220.07181
2.1377952	213.52357
2.1383576	208.48621
2.1389201	207
2.1394825	208.16072
2.1400449	213.6647
2.1406074	227.66264
2.1411698	213.79576
2.1417322	207.74603
2.1422946	200.41273
2.1428571	194.56015
2.1434195	195.52846
2.1439819	191.45982
2.1445444	186.67389
2.1451068	201.54544
2.1456692	204.57892
2.1462317	180.4706
2.1467941	167.48228
2.1473565	174.02496
2.1479189	172.45399
2.1484814	175.21611
2.1490438	177.93317
2.1496062	159.12221
2.1501687	163.97444
2.1507311	164.36244
2.1512935	162.66293
2.1518559	160.74661
2.1524184	159.81805
2.1529808	157.39856
2.1535432	157.67365
2.1541057	151.76666
2.1546681	148.13371
2.1552305	155.54907
2.155793	151.52621
2.1563554	159.38622
2.1569178	151.4379
2.1574802	144.89818
2.1580427	154.14656
2.1586051	140.50143
2.1591675	146.13606
2.15973	146.42455
2.1602924	144
2.1608548	142.71063
2.1614172	133.9054
2.1619797	139.45912
2.1625421	136.31012
2.1631045	131.63266
2.163667	135.06836
2.1642294	149.44276
2.1647918	136.77313
2.1653543	125.91405
2.1659167	119.47274
2.1664791	118.04218
2.1670415	133.97061
2.167604	126.28051
2.1681664	124.44768
2.1687288	125.00837
2.1692913	119.683
2.1698537	116.50697
2.1704161	116
2.1709785	121.06154
2.171541	124.46822
2.1721034	116.63354
2.1726658	110.29853
2.1732283	116.55219
2.1737907	119.31785
2.1743531	115.52103
2.1749156	110.01282
2.175478	115.54295
2.1760404	118.74387
2.1766028	120
2.1771653	119.52226
2.1777277	117.15695
2.1782901	112.58771
2.1788526	116.7514
2.179415	115.49151
2.1799774	102.15791
2.1805398	111.59391
2.1811023	113
2.1816647	109.82045
2.1822271	106.7178
2.1827896	108.97624
2.183352	108.19199
2.1839144	103.26516
2.1844769	103.37794
2.1850393	109.47527
2.1856017	111.82331
2.1861641	112
2.1867266	109.47433
2.187289	106.14053
2.1878514	103.52865
2.1884139	98.064377
2.1889763	107.67839
2.1895387	107.06692
2.1901011	96.625702
2.1906636	95.067062
2.191226	89.786377
2.1917884	90.091698
2.1923509	93.503296
2.1929133	97.4674
2.1934757	102.12946
2.1940382	99.843521
2.1946006	93.517082
2.195163	89.018921
2.1957254	97.546364
2.1962879	97.266502
2.1968503	97
2.1974127	93.613258
2.1979752	85.558884
2.1985376	93.290787
2.1991	98.010353
2.1996624	101.49855
2.2002249	102.23937
2.2007873	92.979309
2.2013497	94.759346
2.2019122	98.304024
2.2024746	99.380783
2.203037	94.00148
2.2035995	94.771141
2.2041619	90.13446
2.2047243	88.787476
2.2052867	94.060112
2.2058492	84.84227
2.2064116	84.228462
2.206974	85.381516
2.2075365	86.593483
2.2080989	89.660103
2.2086613	88.63752
2.2092237	91.128738
2.2097862	94.363083
2.2103486	92.067589
2.210911	84.580872
2.2114735	85.543182
2.2120359	93.051193
2.2125983	103.29674
2.2131608	87.275063
2.2137232	84.118362
2.2142856	88.537163
2.214848	95.248878
2.2154105	88.395744
2.2159729	84.576057
2.2165353	80.799698
2.2170978	77.889786
2.2176602	83.209694
2.2182226	82.05999
2.218785	83.028229
2.2193475	86.328339
2.2199099	87.845383
2.2204723	81.192276
2.2210348	81.068687
2.2215972	81.87101
2.2221596	69.761925
2.2227221	78.213654
2.2232845	78.281784
2.2238469	75.76387
2.2244093	81.806778
2.2249718	78.34745
2.2255342	77.484993
2.2260966	80.391617
2.2266591	87.92836
2.2272215	77.552185
2.2277839	76.496933
2.2283463	76.227798
2.2289088	68.040108
2.2294712	75.560036
2.2300336	68.360359
2.2305961	63.134148
2.2311585	75
2.2317209	75
2.2322834	78.565834
2.2328458	78.891998
2.2334082	70.040611
2.2339706	73.783867
2.2345331	74.494896
2.2350955	73.746796
2.2356579	73
2.2362204	73
2.2367828	76.958481
2.2373452	80.276009
2.2379076	78.036453
2.2384701	80.933762
2.2390325	83.436134
2.2395949	84.328972
2.2401574	82.09507
2.2407198	79.862518
2.2412822	74.893959
2.2418447	72.595947
2.2424071	82.260933
2.2429695	85.742981
2.2435319	84.003998
2.2440944	78.980293
2.2446568	74.530746
2.2452192	72.041832
2.2457817	76.904015
2.2463441	85.060768
2.2469065	79.879402
2.2474689	83.911903
2.2480314	84.173874
2.2485938	79.276726
2.2491562	81.492447
2.2497187	82
2.2502813	81.386101
2.2508438	80.534691
2.2514062	89.378181
2.2519686	89.409256
2.2525311	87.763702
2.2530935	89.972504
2.2536559	87.821411
2.2542183	86.538597
2.2547808	86.589195
2.2553432	88.793182
2.2559056	86.339592
2.2564681	79.416359
2.2570305	72.190422
2.2575929	78.788002
2.2581553	77.009865
2.2587178	77.64344
2.2592802	82.749893
2.2598426	79.823997
2.2604051	79
2.2609675	77.719955
2.2615299	74.067123
2.2620924	75.433395
2.2626548	80.463989
2.2632172	87.054695
2.2637796	91.42997
2.2643421	90.099731
2.2649045	82.490776
2.2654669	72.434479
2.2660294	84.076683
2.2665918	84.27787
2.2671542	85.525917
2.2677166	94.970634
2.2682791	81.971375
2.2688415	85.992119
2.2694039	94.724121
2.2699664	85.299721
2.2705288	92.744293
2.2710912	96.256104
2.2716537	93.217796
2.2722161	95.388657
2.2727785	103.79282
2.2733409	108.81773
2.2739034	102.31512
2.2744658	98.564613
2.2750282	99.452629
2.2755907	102.73972
2.2761531	101.29735
2.2767155	93.564171
2.2772779	88
2.2778404	87.987595
2.2784028	87.268166
2.2789652	85.195496
2.2795277	81.63858
2.2800901	75.890175
2.2806525	82.280685
2.281215	85.052879
2.2817774	81.084312
2.2823398	82.518356
2.2829022	83
2.2834647	83.961899
2.2840271	87.542656
2.2845895	84.879433
2.285152	86.734612
2.2857144	93.452744
2.2862768	86.308586
2.2868392	82.06694
2.2874017	82.365547
2.2879641	90.928162
2.2885265	83.26339
2.289089	82.38063
2.2896514	91
2.2902138	91
2.2907763	88.160698
2.2913387	85.369553
2.2919011	86.792351
2.2924635	86.393158
2.293026	86.951584
2.2935884	88.809013
2.2941508	83.842682
2.2947133	83.784393
2.2952757	85.068672
2.2958381	80.816948
2.2964005	80
2.296963	81.959518
2.2975254	86.915398
2.2980878	87
2.2986503	86.598053
2.2992127	87.302849
2.2997751	95.775764
2.3003376	97.479591
2.3009	97.225929
2.3014624	97.93116
2.3020248	105.63217
2.3025873	110.68104
2.3031497	112.53607
2.3037121	120.98119
2.3042746	126.25893
2.304837	130.08377
2.3053994	135.00275
2.3059618	149.99367
2.3065243	162.83226
2.3070867	167.74539
2.3076491	162.68073
2.3082116	165.12315
2.308774	173.39958
2.3093364	167.09772
2.3098989	155.19321
2.3104613	142.33208
2.3110237	135.34038
2.3115861	131.17601
2.3121486	128.20981
2.312711	126.11478
2.3132734	123.36122
2.3138359	117.35503
2.3143983	109.27292
2.3149607	112.75741
2.3155231	114.89597
2.3160856	113.98148
2.316648	104.23929
2.3172104	103.07121
2.3177729	109.30981
2.3183353	125.29128
2.3188977	122.0385
2.3194602	122.14439
2.3200226	129.10994
2.320585	138.1217
2.3211474	140.8157
2.3217099	140.84218
2.3222723	155.38681
2.3228347	167.08557
2.3233972	176.80522
2.3239596	184.41269
2.324522	190.37444
2.3250844	195.66351
2.3256469	200.49753
2.3262093	233.14894
2.3267717	260.39288
2.3273342	276.94244
2.3278966	311.33826
2.328459	343.89697
2.3290215	372.89359
2.3295839	382.52777
2.3301463	385.56024
2.3307087	394.54272
2.3312712	446.07928
2.3318336	464.50998
2.332396	447.99408
2.3329585	371.14471
2.3335209	297.70627
2.3340833	244.39069
2.3346457	225.8914
2.3352082	217.23775
2.3357706	204.32175
2.336333	184.48096
2.3368955	169.32175
2.3374579	168.66248
2.3380203	181.10144
2.3385828	183.14977
2.3391452	184
2.3397076	185.05856
2.34027	193.91931
2.3408325	203.66542
2.3413949	214.63533
2.3419573	228.93228
2.3425198	249.06529
2.3430822	264.16193
2.3436446	256.68384
2.344207	271.31995
2.3447695	296.89935
2.3453319	332.86801
2.3458943	327.17792
2.3464568	315.104
2.3470192	306.96951
2.3475816	379.97421
2.3481441	482.27649
2.3487065	611.5647
2.3492689	720.08838
2.3498313	830.89514
2.3503938	946.51263
2.3509562	1060.0682
2.3515186	1171.8599
2.3520811	1281.7816
2.3526435	1379.5955
2.3532059	1540.0664
2.3537683	1747.464
2.3543308	1734.6688
2.3548932	1606.3884
2.3554556	1382.9386
2.3560181	1116.6432
2.3565805	916.40747
2.3571429	770.5733
2.3577054	694.02155
2.3582678	614.21875
2.3588302	535.02441
2.3593926	476.01587
2.3599551	412.39505
2.3605175	353.37082
2.3610799	341.31799
2.3616424	310.80252
2.3622048	274.42191
2.3627672	263.72046
2.3633296	247.79364
2.3638921	232.10416
2.3644545	232.77203
2.3650169	224.2086
2.3655794	213.96152
2.3661418	219.96405
2.3667042	225.52289
2.3672667	227.65291
2.3678291	213.00072
2.3683915	215.01331
2.3689539	225.24425
2.3695164	233.22285
2.3700788	243.79555
2.3706412	251.76028
2.3712037	236.48523
2.3717661	242.90465
2.3723285	258.46884
2.3728909	254.48962
2.3734534	257.14578
2.3740158	264.85117
2.3745782	280.73669
2.3751407	282.19025
2.3757031	276.18698
2.3762655	288.7489
2.376828	289.77097
2.3773904	282.68484
2.3779528	278.06451
2.3785152	265.77975
2.3790777	246.78242
2.3796401	214.47638
2.3802025	196.25537
2.380765	190.97031
2.3813274	179.11934
2.3818898	173.63632
2.3824522	174.952
2.3830147	171.83438
2.3835771	168.25864
2.3841395	164.31601
2.384702	162.18872
2.3852644	162.03967
2.3858268	164.66296
2.3863893	159.85876
2.3869517	153.73418
2.3875141	147.18321
2.3880765	144.92764
2.388639	137.90582
2.3892014	116.97762
2.3897638	112.49804
2.3903263	109.36489
2.3908887	93.686119
2.3914511	79.852127
2.3920135	69.768196
2.392576	74.333588
2.3931384	90.069038
2.3937008	113.72876
2.3942633	150.85275
2.3948257	183.1747
2.3953881	212.27232
2.3959506	257.78778
2.396513	316.33737
2.3970754	388.45224
2.3976378	424.73026
2.3982003	497.00443
2.3987627	623.48376
2.3993251	756.16614
2.3998876	827.53571
2.40045	771.1839
2.4010124	837.66815
2.4015749	913.84509
2.4021373	913.1983
2.4026997	735.50964
2.4032621	496.21356
2.4038246	354.06613
2.404387	228.99084
2.4049494	117.93041
2.4055119	56.021141
2.4060743	19.210058
2.4066367	7.6052423
2.4071991	6.3895802
2.4077616	5.7457108
2.408324	5.1020541
2.4088864	2.8347721
2.4094489	0.81558871
2.4100113	0.17298418
2.4105737	0
2.4111362	0.55779254
2.4116986	3.7673178
2.412261	3.4202447
2.4128234	1.0722528
2.4133859	2.3539703
2.4139483	3
2.4145107	3
2.4150732	-0.58695155
2.4156356	-1.3363384
2.416198	3.1387317
2.4167604	2.4520669
2.4173229	1.6192054
2.4178853	4.1729279
2.4184477	3.2742836
2.4190102	1.0694393
2.4195726	1.7068348
2.420135	2
2.4206975	2
2.4212599	0.14574939
2.4218223	-0.23645128
2.4223847	1.6716111
2.4229472	2.5262742
2.4235096	2.5145361
2.424072	0.60904235
2.4246345	0.43203416
2.4251969	1
2.4257593	1
2.4263217	0.32992449
2.4268842	-0.93767422
2.4274466	-0.39768717
2.428009	0
2.4285715	0
2.4291339	1.5024263
2.4296963	2.2011499
2.4302588	-1.5904405
2.4308212	-1.4128298
2.4313836	1.0283631
2.431946	1.6594496
2.4325085	2.290303
2.4330709	2.9208834
2.4336333	3.5510221
2.4341958	3.4571435
2.4347582	1.5684316
2.4353206	1
2.435883	1.1380763
2.4364455	2.3955395
2.4370079	2.6738462
2.4375703	2.045784
2.4381328	0.83575398
2.4386952	0.20979457
2.4392576	0.83702165
2.4398201	1
2.4403825	1
2.4409449	1
2.4415073	0.6565702
2.4420698	0.03050831
2.4426322	1.189844
2.4431946	1.5597103
2.4437571	0.30990818
2.4443195	1.4090942
2.4448819	3
2.4454443	3
2.4460068	2.31533
2.4465692	1.068171
2.4471316	1.5890268
2.4476941	2
2.4482565	2
2.4488189	2.4571509
2.4493814	2.6826766
2.4499438	0.19624579
2.4505062	-0.35507745
2.4510686	0.88781053
2.4516311	-0.12950812
2.4521935	-0.25821498
2.4527559	2.2236381
2.4533184	1.7218903
2.4538808	0.045962278
2.4544432	0.66528523
2.4550056	2.1381342
2.4555681	4.6147757
2.4561305	1.8669853
2.4566929	-1
2.4572554	-1
2.4578178	-1.3764604
2.4583802	-1.994
2.4589427	-0.77724087
2.4595051	-0.45691717
2.4600675	-1.6900595
2.4606299	-0.61555922
2.4611924	1.0777887
2.4617548	1.6933945
2.4623172	0.45580512
2.4628797	-2.6206179
2.4634421	-0.84349209
2.4640045	1
2.4645669	1
2.4651294	2.9126916
2.4656918	5.9819098
2.4662542	3.5597322
2.4668167	0.6592387
2.4673791	-3.0180819
2.4679415	-0.40799621
2.468504	3.8154368
2.4690664	1.979162
2.4696288	0.42888772
2.4701912	-0.79466063
2.4707537	0.52573079
2.4713161	1.5213795
2.4718785	-0.92191541
2.472441	-0.97688699
2.4730034	0.85416186
2.4735658	-1.8057806
2.4741282	-2.9750166
2.4746907	0.68234968
2.4752531	2.7790999
2.4758155	3.9969633
2.476378	0.35834029
2.4769404	-0.92381394
2.4775028	2.1161361
2.4780653	3
2.4786277	3
2.4791901	3
2.4797525	2.4953053
2.480315	1.2818273
2.4808774	1.9306931
2.4814398	2.7857242
2.4820023	0.96831179
2.4825647	0.2827431
2.4831271	0.88792557
2.4836895	1.9857104
2.484252	2.6093915
2.4848144	0.1917628
2.4853768	-0.081306703
2.4859393	1.7305222
2.4865017	1.4862776
2.4870641	1.7026722
2.4876266	5.3207722
2.488189	5.0626135
2.4887514	1.4472858
2.4893138	-0.055205323
2.4898763	-0.4816134
2.4904387	1.9249169
2.4910011	2.6673927
2.4915636	2.0662203
2.492126	-0.13871963
2.4926884	-1.8645917
2.4932508	-1.2643369
2.4938133	-0.32867685
2.4943757	0.87091702
2.4949381	0.46515259
2.4955006	0
2.496063	0
2.4966254	-0.33185264
2.4971879	-0.93028015
2.4977503	0.056611162
2.4983127	0.74757195
2.4988751	-0.44776687
2.4994376	-0.35754535
2.5	0.83658338
