1.5	8.2526627
1.5005624	8.0802641
1.5011249	4.1819324
1.5016873	13.659181
1.5022497	9.5453854
1.5028121	9.3398399
1.5033746	5.543849
1.503937	8.368432
1.5044994	5.0593238
1.5050619	4.6844873
1.5056243	8.7644615
1.5061867	8.0101414
1.5067492	11.193369
1.5073116	5.1342506
1.507874	5.7970538
1.5084364	6.5369358
1.5089989	3.7012777
1.5095613	7.777679
1.5101237	12.136942
1.5106862	7.5122981
1.5112486	5.7470722
1.511811	3.926733
1.5123734	5.922008
1.5129359	7.0527258
1.5134983	10.355096
1.5140607	9.3253717
1.5146232	7.0189695
1.5151856	8.2177019
1.515748	1.942943
1.5163105	3.8293355
1.5168729	7.1184707
1.5174353	7.8701835
1.5179977	4.5780106
1.5185602	5.8971696
1.5191226	5.7867699
1.519685	7.4230595
1.5202475	5.9836731
1.5208099	3.6918132
1.5213723	4.5192685
1.5219347	9.5185003
1.5224972	5.3134861
1.5230596	6.7022543
1.523622	9.8873091
1.5241845	13.187406
1.5247469	9.2513409
1.5253093	2.9382527
1.5258718	15.956195
1.5264342	7.4110241
1.5269966	10.161111
1.527559	8.2710238
1.5281215	7.7434144
1.5286839	6.8065753
1.5292463	8.966876
1.5298088	9.8808155
1.5303712	7.2775431
1.5309336	7.1850414
1.531496	6.5359354
1.5320585	7.7128177
1.5326209	2.205723
1.5331833	8.5031376
1.5337458	8.2084913
1.5343082	6.4382558
1.5348706	3.229918
1.5354331	5.9285612
1.5359955	8.8196259
1.5365579	7.4985285
1.5371203	7.5764332
1.5376828	8.2229233
1.5382452	8.0285883
1.5388076	8.1541224
1.5393701	8.18894
1.5399325	6.5436902
1.5404949	13.751664
1.5410573	5.2931995
1.5416198	7.6457825
1.5421822	6.8677592
1.5427446	6.5260072
1.5433071	5.3890495
1.5438695	6.5434828
1.5444319	4.7989011
1.5449944	8.4870062
1.5455568	6.7220302
1.5461192	6.257884
1.5466816	7.3212204
1.5472441	7.1954784
1.5478065	6.2880392
1.5483689	13.186703
1.5489314	7.8597054
1.5494938	13.233075
1.5500562	7.9254913
1.5506186	9.4193716
1.5511811	10.366374
1.5517435	9.4665327
1.5523059	8.1242352
1.5528684	6.7899899
1.5534308	6.997488
1.5539932	8.8522263
1.5545557	7.4739475
1.5551181	13.302618
1.5556805	5.4724116
1.5562429	5.4716434
1.5568054	5.6914234
1.5573678	6.7356071
1.5579302	7.5855675
1.5584927	11.321786
1.5590551	9.0282602
1.5596175	9.5619955
1.5601799	11.300797
1.5607424	4.5978894
1.5613048	6.8269
1.5618672	8.1497993
1.5624297	6.5882411
1.5629921	6.0635281
1.5635545	6.0044904
1.564117	10.275717
1.5646794	9.5624847
1.5652418	5.9491611
1.5658042	6.5168271
1.5663667	9.5929461
1.5669291	7.5619946
1.5674915	6.5337682
1.568054	9.0472641
1.5686164	5.29426
1.5691788	6.4834557
1.5697412	6.5499983
1.5703037	10.45244
1.5708661	6.280726
1.5714285	7.8132567
1.571991	10.228978
1.5725534	8.5262022
1.5731158	5.8066263
1.5736783	10.591428
1.5742407	8.4470625
1.5748031	7.4462938
1.5753655	10.272913
1.575928	6.0884619
1.5764904	11.311257
1.5770528	11.193222
1.5776153	8.6411285
1.5781777	8.5989819
1.5787401	4.1847649
1.5793025	7.5666723
1.579865	7.5916381
1.5804274	7.1129498
1.5809898	10.782059
1.5815523	7.6756582
1.5821147	7.1866837
1.5826771	7.6603537
1.5832396	12.043341
1.583802	9.2451754
1.5843644	8.4332361
1.5849268	4.190516
1.5854893	11.600967
1.5860517	9.8447647
1.5866141	5.224647
1.5871766	6.53861
1.587739	10.62786
1.5883014	11.427859
1.5888638	6.8618512
1.5894263	5.1077743
1.5899887	5.9854517
1.5905511	11.431997
1.5911136	12.961668
1.591676	9.7805376
1.5922384	11.031621
1.5928009	11.505813
1.5933633	9.7281246
1.5939257	15.353208
1.5944881	3.6290982
1.5950506	9.1799679
1.595613	13.417872
1.5961754	15.9852
1.5967379	7.4941988
1.5973003	4.9450321
1.5978627	12.942758
1.5984251	13.414032
1.5989876	10.718582
1.59955	6.1560512
1.6001124	9.1006107
1.6006749	8.0434017
1.6012373	7.8363514
1.6017997	8.9219923
1.6023622	6.785181
1.6029246	14.062602
1.603487	5.1155567
1.6040494	9.4063501
1.6046119	9.9936848
1.6051743	11.507359
1.6057367	11.351433
1.6062992	10.377716
1.6068616	10.361605
1.607424	13.549462
1.6079865	9.1039486
1.6085489	8.7834835
1.6091113	15.078534
1.6096737	9.2416325
1.6102362	12.879134
1.6107986	11.022703
1.611361	13.62836
1.6119235	14.283717
1.6124859	13.372552
1.6130483	11.39406
1.6136107	11.393291
1.6141732	11.110888
1.6147356	10.689303
1.615298	10.601666
1.6158605	14.660102
1.6164229	11.582244
1.6169853	10.700064
1.6175478	12.300626
1.6181102	10.717719
1.6186726	11.810178
1.619235	10.747773
1.6197975	8.0325136
1.6203599	11.724272
1.6209223	6.5855637
1.6214848	6.447237
1.6220472	8.3817701
1.6226096	8.3810015
1.623172	9.6851244
1.6237345	10.868541
1.6242969	9.8273907
1.6248593	9.2105446
1.6254219	13.488195
1.6259843	13.604637
1.6265467	13.034739
1.6271092	8.3748569
1.6276716	8.3740883
1.628234	14.067748
1.6287965	10.080488
1.6293589	12.341182
1.6299213	8.5503645
1.6304837	8.1977453
1.6310462	12.638994
1.6316086	12.34523
1.632171	9.5138836
1.6327335	14.283779
1.6332959	14.671992
1.6338583	14.343643
1.6344208	10.403749
1.6349832	16.719946
1.6355456	11.826303
1.636108	13.251376
1.6366705	10.712288
1.6372329	12.116942
1.6377953	11.880405
1.6383578	8.7961273
1.6389202	14.152966
1.6394826	12.45912
1.640045	12.054778
1.6406075	11.52317
1.6411699	9.5310411
1.6417323	15.055395
1.6422948	16.072233
1.6428572	9.8086405
1.6434196	11.650142
1.6439821	11.72504
1.6445445	15.960773
1.6451069	9.0033598
1.6456693	13.217666
1.6462318	13.34874
1.6467942	11.861535
1.6473566	13.879858
1.6479191	10.42592
1.6484815	14.657059
1.6490439	7.587235
1.6496063	12.919848
1.6501688	13.957461
1.6507312	11.09958
1.6512936	14.911817
1.6518561	12.490523
1.6524185	17.061411
1.6529809	11.874799
1.6535434	13.761254
1.6541058	13.732536
1.6546682	10.844654
1.6552306	15.336449
1.6557931	13.002626
1.6563555	9.4235229
1.6569179	10.007007
1.6574804	10.728663
1.6580428	14.130967
1.6586052	9.5890875
1.6591676	15.36496
1.6597301	10.839882
1.6602925	11.722564
1.6608549	14.830935
1.6614174	10.856728
1.6619798	14.836126
1.6625422	14.347997
1.6631047	13.274607
1.6636671	11.324926
1.6642295	9.6025496
1.6647919	12.895558
1.6653544	15.462936
1.6659168	10.4634
1.6664792	12.811798
1.6670417	18.576738
1.6676041	12.909155
1.6681665	12.433813
1.6687289	12.408634
1.6692914	13.536992
1.6698538	13.75668
1.6704162	8.6023932
1.6709787	12.621922
1.6715411	15.276283
1.6721035	10.314043
1.672666	12.96731
1.6732284	9.5531769
1.6737908	8.3443251
1.6743532	11.188541
1.6749157	15.744172
1.6754781	10.482408
1.6760405	12.910309
1.676603	11.570797
1.6771654	14.157571
1.6777278	13.951256
1.6782902	14.062577
1.6788527	15.643872
1.6794151	9.9707775
1.6799775	14.553738
1.68054	10.880506
1.6811024	13.573231
1.6816648	15.004746
1.6822273	8.821701
1.6827897	15.702187
1.6833521	11.910655
1.6839145	16.180468
1.684477	11.221931
1.6850394	16.232605
1.6856018	15.226634
1.6861643	14.366369
1.6867267	16.293432
1.6872891	15.291038
1.6878515	14.291897
1.688414	14.291129
1.6889764	14.29036
1.6895388	18.289593
1.6901013	17.096067
1.6906637	14.462769
1.6912261	13.059417
1.6917886	11.744226
1.692351	13.853821
1.6929134	13.622491
1.6934758	14.803848
1.6940383	15.866021
1.6946007	12.993254
1.6951631	16.818918
1.6957256	3.9362447
1.696288	11.385473
1.6968504	15.279606
1.6974128	14.640527
1.6979753	15.221078
1.6985377	15.041646
1.6991001	14.026968
1.6996626	19.68417
1.700225	13.968396
1.7007874	14.090066
1.7013499	17.02673
1.7019123	16.116028
1.7024747	14.670747
1.7030371	14.684862
1.7035996	13.270389
1.704162	19.842257
1.7047244	12.075725
1.7052869	5.9655719
1.7058493	24.851454
1.7064117	13.856888
1.7069741	15.367173
1.7075366	14.28366
1.708099	11.189459
1.7086614	7.236268
1.7092239	13.68307
1.7097863	13.545346
1.7103487	16.543312
1.7109112	16.836388
1.7114736	22.236637
1.712036	17.863214
1.7125984	18.748014
1.7131609	20.571873
1.7137233	12.50286
1.7142857	15.061394
1.7148482	16.936579
1.7154106	17.254257
1.715973	14.016828
1.7165354	16.842546
1.7170979	12.368325
1.7176603	16.188276
1.7182227	17.270294
1.7187852	17.594391
1.7193476	16.130474
1.71991	11.537912
1.7204725	20.441525
1.7210349	8.3236074
1.7215973	22.548473
1.7221597	17.473879
1.7227222	18.244272
1.7232846	19.767502
1.723847	16.270065
1.7244095	17.533682
1.7249719	17.685919
1.7255343	22.966642
1.7260967	18.479486
1.7266592	18.509569
1.7272216	13.238126
1.727784	20.983862
1.7283465	12.594182
1.7289089	15.990083
1.7294713	17.235054
1.7300338	18.124327
1.7305962	18.942636
1.7311586	17.232748
1.731721	20.49979
1.7322835	15.887156
1.7328459	17.072128
1.7334083	16.639011
1.7339708	17.888515
1.7345332	21.865774
1.7350956	17.069429
1.735658	18.661215
1.7362205	19.614124
1.7367829	17.325932
1.7373453	17.513044
1.7379078	19.223532
1.7384702	19.222763
1.7390326	18.346062
1.7395951	21.339363
1.7401575	20.783276
1.7407199	22.417933
1.7412823	21.022642
1.7418448	20.061172
1.7424072	19.483635
1.7429696	20.555326
1.7435321	20.796179
1.7440945	27.03356
1.7446569	20.996733
1.7452193	22.223974
1.7457818	23.396786
1.7463442	15.566861
1.7469066	18.170364
1.7474691	19.674244
1.7480315	22.084755
1.7485939	23.444895
1.7491564	18.539223
1.7497188	18.841743
1.7502812	20.42029
1.7508436	22.043175
1.7514061	21.108404
1.7519685	14.723345
1.7525309	15.52414
1.7530934	22.323669
1.7536558	23.293165
1.7542182	13.240807
1.7547807	20.200487
1.7553431	21.34012
1.7559055	22.987978
1.7564679	19.205437
1.7570304	20.870705
1.7575928	20.550587
1.7581552	19.165833
1.7587177	23.681332
1.7592801	19.194342
1.7598425	19.193573
1.7604049	20.727217
1.7609674	19.298962
1.7615298	22.8629
1.7620922	24.313856
1.7626547	17.080439
1.7632171	20.252218
1.7637795	17.958586
1.764342	22.097532
1.7649044	19.267736
1.7654668	17.132446
1.7660292	23.155706
1.7665917	24.386356
1.7671541	20.190159
1.7677165	24.572914
1.768279	23.396845
1.7688414	27.604864
1.7694038	25.150543
1.7699662	19.212029
1.7705287	23.546139
1.7710911	18.784483
1.7716535	24.171074
1.772216	26.176674
1.7727784	27.166325
1.7733408	27.064476
1.7739033	23.691
1.7744657	23.312424
1.7750281	24.995716
1.7755905	24.259361
1.776153	26.87748
1.7767154	24.159285
1.7772778	22.696154
1.7778403	28.888872
1.7784027	29.36248
1.7789651	25.526825
1.7795275	29.995449
1.78009	29.396133
1.7806524	25.51869
1.7812148	23.50346
1.7817773	21.163616
1.7823397	21.359297
1.7829021	22.918327
1.7834646	22.483541
1.784027	25.597502
1.7845894	24.403288
1.7851518	26.768257
1.7857143	20.953617
1.7862767	18.327805
1.7868391	25.933241
1.7874016	18.493595
1.787964	24.976442
1.7885264	23.543022
1.7890888	30.498108
1.7896513	27.15062
1.7902137	25.152092
1.7907761	27.683167
1.7913386	22.13611
1.791901	22.991381
1.7924634	30.442917
1.7930259	32.797733
1.7935883	28.568415
1.7941507	29.426239
1.7947131	28.057747
1.7952756	24.332363
1.795838	25.144411
1.7964004	25.659248
1.7969629	20.713663
1.7975253	34.124256
1.7980877	21.141338
1.7986501	21.140572
1.7992126	23.731052
1.799775	30.588398
1.8003374	28.28615
1.8008999	30.137873
1.8014623	28.26454
1.8020247	32.36351
1.8025872	31.978399
1.8031496	31.229113
1.803712	33.502071
1.8042744	31.597725
1.8048369	30.361191
1.8053993	30.792341
1.8059617	25.727152
1.8065242	37.332726
1.8070866	30.592745
1.807649	31.087566
1.8082114	31.024706
1.8087739	35.484589
1.8093363	24.256426
1.8098987	23.927902
1.8104612	28.847294
1.8110236	28.720882
1.811586	29.02762
1.8121485	28.69249
1.8127109	29.221601
1.8132733	30.502003
1.8138357	31.482386
1.8143982	31.93996
1.8149606	31.489412
1.815523	31.739689
1.8160855	28.05579
1.8166479	30.218361
1.8172103	37.721531
1.8177727	35.576153
1.8183352	28.190586
1.8188976	29.121248
1.81946	30.563931
1.8200225	32.518562
1.8205849	35.150558
1.8211473	27.446308
1.8217098	34.783493
1.8222722	35.502899
1.8228346	32.416866
1.823397	27.79635
1.8239595	30.146896
1.8245219	32.694786
1.8250843	32.833004
1.8256468	30.029953
1.8262092	36.855762
1.8267716	31.768476
1.827334	32.687283
1.8278965	35.729309
1.8284589	33.304787
1.8290213	33.826855
1.8295838	33.769878
1.8301462	31.583229
1.8307086	33.271503
1.8312711	32.878899
1.8318335	35.792034
1.8323959	37.466686
1.8329583	38.615337
1.8335208	33.5145
1.8340832	36.115738
1.8346456	36.183128
1.8352081	30.088951
1.8357705	37.717823
1.8363329	38.838318
1.8368953	41.271027
1.8374578	39.171509
1.8380202	39.007519
1.8385826	34.829685
1.8391451	39.057869
1.8397075	38.873795
1.8402699	34.140274
1.8408324	41.121151
1.8413948	38.427193
1.8419572	40.26918
1.8425196	37.772972
1.8430821	37.46204
1.8436445	36.264935
1.8442069	38.043785
1.8447694	36.024433
1.8453318	38.294029
1.8458942	38.338207
1.8464566	36.032188
1.8470191	43.192238
1.8475815	40.585899
1.8481439	39.513222
1.8487064	40.383835
1.8492688	36.972538
1.8498312	42.510441
1.8503937	42.791862
1.8509561	38.216633
1.8515185	40.874516
1.8520809	38.405792
1.8526434	35.198383
1.8532058	35.866196
1.8537682	35.905926
1.8543307	39.176601
1.8548931	41.577419
1.8554555	39.927322
1.8560179	45.210022
1.8565804	39.077782
1.8571428	38.38892
1.8577052	35.365814
1.8582677	41.119576
1.8588301	40.141796
1.8593925	44.139931
1.859955	43.908123
1.8605174	40.465675
1.8610798	42.093914
1.8616422	46.300102
1.8622047	44.454311
1.8627671	45.450607
1.8633295	47.085327
1.863892	46.447449
1.8644544	40.722237
1.8650168	47.55722
1.8655792	47.976933
1.8661417	47.902985
1.8667041	50.455746
1.8672665	47.478561
1.867829	43.343937
1.8683914	42.48217
1.8689538	46.41021
1.8695163	46.061859
1.8700787	45.07494
1.8706411	46.103527
1.8712035	46.187744
1.871766	51.730469
1.8723284	44.370716
1.8728908	50.396324
1.8734533	44.8993
1.8740157	48.202492
1.8745781	45.771664
1.8751407	49.350758
1.8757031	51.81472
1.8762655	49.712112
1.876828	52.330303
1.8773904	54.890125
1.8779528	55.220127
1.8785152	54.803383
1.8790777	56.232079
1.8796401	63.998035
1.8802025	57.227394
1.880765	55.894173
1.8813274	50.449249
1.8818898	60.168125
1.8824522	59.222176
1.8830147	65.001579
1.8835771	63.82951
1.8841395	62.190529
1.884702	59.35006
1.8852644	60.827469
1.8858268	68.759331
1.8863893	64.941704
1.8869517	65.534538
1.8875141	60.344101
1.8880765	64.093803
1.888639	68.072754
1.8892014	56.329933
1.8897638	66.210197
1.8903263	59.256195
1.8908887	69.723557
1.8914511	71.648033
1.8920135	69.19706
1.892576	75.67968
1.8931384	72.320633
1.8937008	75.022179
1.8942633	67.379105
1.8948257	71.512871
1.8953881	72.281456
1.8959506	72.52166
1.896513	69.721397
1.8970754	66.578644
1.8976378	72.183128
1.8982003	71.880722
1.8987627	71.825096
1.8993251	76.836731
1.8998876	79.401375
1.90045	65.593605
1.9010124	90.058868
1.9015749	83.000916
1.9021373	74.981155
1.9026997	74.111023
1.9032621	76.641846
1.9038246	82.872803
1.904387	81.513428
1.9049494	79.785942
1.9055119	81.158981
1.9060743	76.842712
1.9066367	84.365303
1.9071991	87.380379
1.9077616	82.35878
1.908324	86.115082
1.9088864	90.580811
1.9094489	91.79435
1.9100113	96.863091
1.9105737	94.94709
1.9111362	93.729752
1.9116986	101.47851
1.912261	97.379807
1.9128234	90.776711
1.9133859	93.182877
1.9139483	93.677605
1.9145107	99.849892
1.9150732	107.24866
1.9156356	100.23067
1.916198	102.26866
1.9167604	108.64391
1.9173229	99.669144
1.9178853	107.59342
1.9184477	110
1.9190102	104.87996
1.9195726	93.538994
1.920135	117.79057
1.9206975	122.81281
1.9212599	102.69312
1.9218223	114.14352
1.9223847	123.58531
1.9229472	122.06245
1.9235096	112.17017
1.924072	121.96314
1.9246345	117.10109
1.9251969	127.91519
1.9257593	124.46451
1.9263217	137.82364
1.9268842	133.7818
1.9274466	129.93564
1.928009	129.44232
1.9285715	136.6447
1.9291339	153.37431
1.9296963	138.27299
1.9302588	149.58118
1.9308212	145.00089
1.9313836	139.44659
1.931946	159.09386
1.9325085	165.48817
1.9330709	156.17119
1.9336333	162.39862
1.9341958	152.54451
1.9347582	156.55276
1.9353206	159.86026
1.935883	159.8421
1.9364455	165.42206
1.9370079	166.03419
1.9375703	157.35258
1.9381328	175.925
1.9386952	163.54514
1.9392576	168.19995
1.9398201	176.39085
1.9403825	178.11406
1.9409449	173.21922
1.9415073	184.34317
1.9420698	199.77156
1.9426322	182.73672
1.9431946	188.70459
1.9437571	187.82475
1.9443195	204.918
1.9448819	194.34917
1.9454443	210.34299
1.9460068	201.50586
1.9465692	210.78029
1.9471316	226.47536
1.9476941	212.14069
1.9482565	218.36298
1.9488189	248.97372
1.9493814	235.19633
1.9499438	220.41716
1.9505062	255.43832
1.9510686	230.60191
1.9516311	251.2569
1.9521935	239.32962
1.9527559	248.73688
1.9533184	244.73488
1.9538808	271.51022
1.9544432	262.53693
1.9550056	260.82263
1.9555681	262.60638
1.9561305	275.52557
1.9566929	271.37863
1.9572554	257.14279
1.9578178	262.35114
1.9583802	272.96912
1.9589427	278.6962
1.9595051	290.40628
1.9600675	290.36362
1.9606299	285.79636
1.9611924	298.2623
1.9617548	301.38922
1.9623172	313.83463
1.9628797	345.42017
1.9634421	338.91415
1.9640045	321.51282
1.9645669	338.8519
1.9651294	353.45673
1.9656918	352.62
1.9662542	352.99402
1.9668167	373.3093
1.9673791	359.38293
1.9679415	355.67853
1.968504	370.1712
1.9690664	380.80676
1.9696288	391.04324
1.9701912	398.57697
1.9707537	404.36816
1.9713161	411.12503
1.9718785	452.57864
1.972441	438.69516
1.9730034	435.24979
1.9735658	441.15347
1.9741282	442.841
1.9746907	486.31061
1.9752531	454.28378
1.9758155	460.52234
1.976378	469.36554
1.9769404	471.28326
1.9775028	481.00082
1.9780653	495.3728
1.9786277	503.5466
1.9791901	511.61267
1.9797525	525.85925
1.980315	537.69067
1.9808774	540.98132
1.9814398	533.41077
1.9820023	530.18445
1.9825647	559.78876
1.9831271	559.8064
1.9836895	588.14685
1.984252	604.46295
1.9848144	580.25677
1.9853768	603.07202
1.9859393	626.7901
1.9865017	634.16699
1.9870641	643.10321
1.9876266	649.55475
1.988189	668.67841
1.9887514	683.85571
1.9893138	693.41394
1.9898763	704.12347
1.9904387	713.95129
1.9910011	727.66333
1.9915636	749.60028
1.992126	768.28357
1.9926884	777.99335
1.9932508	789.01355
1.9938133	803.47479
1.9943757	821.80035
1.9949381	819.70941
1.9955006	813.12268
1.996063	849.9231
1.9966254	858.17688
1.9971879	885.47595
1.9977503	889.77643
1.9983127	885.60321
1.9988751	909.92267
1.9994376	933.76373
2	946.87683
2.0005624	947.58875
2.0011249	950.25592
2.0016873	972.68286
2.0022497	982.95782
2.0028121	997.83307
2.0033746	1008.2018
2.003937	1020.1767
2.0044994	1052.7982
2.0050619	1047.7161
2.0056243	1032.0763
2.0061867	1087.5048
2.0067492	1089.4375
2.0073116	1077.6613
2.007874	1125.5348
2.0084364	1158.8706
2.0089989	1147.9679
2.0095613	1149.6782
2.0101237	1165.5309
2.0106862	1186.8157
2.0112486	1200.594
2.011811	1214.2292
2.0123734	1242.9072
2.0129359	1209.3231
2.0134983	1270.8696
2.0140607	1286.7367
2.0146232	1289.6387
2.0151856	1320.6892
2.015748	1349.5593
2.0163105	1393.1481
2.0168729	1426.4243
2.0174353	1404.9929
2.0179977	1429.6086
2.0185602	1437.6202
2.0191226	1410.7692
2.019685	1476.8837
2.0202475	1522.2999
2.0208099	1525.8893
2.0213723	1541.6633
2.0219347	1573.4216
2.0224972	1617.9546
2.0230596	1647.9752
2.023622	1653.3561
2.0241845	1659.132
2.0247469	1677.413
2.0253093	1703.0986
2.0258718	1759.9514
2.0264342	1755.3921
2.0269966	1765.8307
2.027559	1793.3082
2.0281215	1784.9762
2.0286839	1819.4784
2.0292463	1867.2268
2.0298088	1866.9059
2.0303712	1851.4957
2.0309336	1876.0012
2.031496	1873.5026
2.0320585	1885.8002
2.0326209	1873.1125
2.0331833	1910.8446
2.0337458	1923.3927
2.0343082	1937.1021
2.0348706	1949.4126
2.0354331	1984.2786
2.0359955	2008.0465
2.0365579	1997.8624
2.0371203	2044.8458
2.0376828	2044.782
2.0382452	2057.4019
2.0388076	2112.0557
2.0393701	2087.6277
2.0399325	2086.2168
2.0404949	2109.9587
2.0410573	2174.7527
2.0416198	2204.5479
2.0421822	2159.5896
2.0427446	2185.1499
2.0433071	2187.3682
2.0438695	2213.3601
2.0444319	2173.8843
2.0449944	2213.0205
2.0455568	2235.0347
2.0461192	2196.6221
2.0466816	2201.1892
2.0472441	2235.7468
2.0478065	2178.1252
2.0483689	2168.3818
2.0489314	2218.3267
2.0494938	2185.5784
2.0500562	2140.9358
2.0506186	2173.9194
2.0511811	2155.7175
2.0517435	2110.5613
2.0523059	2108.1689
2.0528684	2130.6104
2.0534308	2120.634
2.0539932	2109.092
2.0545557	2105.481
2.0551181	2079.7207
2.0556805	2087.6475
2.0562429	2057.3062
2.0568054	2026.5337
2.0573678	2040.1202
2.0579302	2056.7063
2.0584927	2032.5231
2.0590551	2062.5515
2.0596175	2019.4822
2.0601799	2002.3365
2.0607424	1968.8315
2.0613048	1950.4532
2.0618672	1959.3002
2.0624297	1953.8663
2.0629921	1898.4983
2.0635545	1902.0533
2.064117	1914.3535
2.0646794	1862.7513
2.0652418	1829.4058
2.0658042	1809.6935
2.0663667	1796.4722
2.0669291	1769.2848
2.0674915	1710.575
2.068054	1712.548
2.0686164	1646.9716
2.0691788	1656.6655
2.0697412	1637.6154
2.0703037	1601.8514
2.0708661	1560.8223
2.0714285	1520.6688
2.071991	1495.0156
2.0725534	1482
2.0731158	1482
2.0736783	1452.9514
2.0742407	1405.4855
2.0748031	1396.5331
2.0753655	1402.8173
2.075928	1393.5364
2.0764904	1414.6101
2.0770528	1362.5542
2.0776153	1347.6337
2.0781777	1340.8533
2.0787401	1284.9556
2.0793025	1247.495
2.079865	1250.3927
2.0804274	1231.2021
2.0809898	1188.6403
2.0815523	1220.6005
2.0821147	1213.0907
2.0826771	1181.683
2.0832396	1145.6935
2.083802	1125.3313
2.0843644	1116.3748
2.0849268	1077.3965
2.0854893	1099.7648
2.0860517	1039.3004
2.0866141	1015.9311
2.0871766	1006.1056
2.087739	979.70044
2.0883014	940.02533
2.0888638	923.12506
2.0894263	899.1236
2.0899887	894.65765
2.0905511	878.71454
2.0911136	856.698
2.091676	847.52472
2.0922384	848.2887
2.0928009	815.93689
2.0933633	785.18958
2.0939257	801.12347
2.0944881	791.55646
2.0950506	772.59418
2.095613	755.55255
2.0961754	741.65265
2.0967379	739.85004
2.0973003	734.74585
2.0978627	744.88812
2.0984251	726.55359
2.0989876	702.35229
2.09955	687.61841
2.1001124	675.38837
2.1006749	671.14862
2.1012373	630.93573
2.1017997	634.62555
2.1023622	622.60205
2.1029246	602.14215
2.103487	597.40582
2.1040494	598.85571
2.1046119	596.3219
2.1051743	567.25513
2.1057367	563.96881
2.1062992	549.92059
2.1068616	521.86481
2.107424	513.37628
2.1079865	493.17068
2.1085489	472.17908
2.1091113	460.66245
2.1096737	463.16574
2.1102362	468.11255
2.1107986	459.21021
2.111361	433.19489
2.1119235	423.84119
2.1124859	417.97513
2.1130483	413.96545
2.1136107	406.11618
2.1141732	396.83096
2.1147356	404.54886
2.115298	385.31558
2.1158605	388.22205
2.1164229	389.94702
2.1169853	387.91617
2.1175478	384.04404
2.1181102	375.7056
2.1186726	367.37286
2.119235	359.73831
2.1197975	341.14948
2.1203599	329.8829
2.1209223	336.15125
2.1214848	340.7431
2.1220472	331.60934
2.1226096	323.15964
2.123172	322.05606
2.1237345	321.25269
2.1242969	315.65552
2.1248593	313.98264
2.1254218	296.59442
2.1259842	297.5947
2.1265466	295.16522
2.1271091	288.75912
2.1276715	285.59009
2.1282339	283.11301
2.1287963	277.48581
2.1293588	284.578
2.1299212	277.32019
2.1304836	259.1709
2.1310461	253.40559
2.1316085	247.64391
2.1321709	262.34802
2.1327333	248.63504
2.1332958	244.62904
2.1338582	264.39288
2.1344206	265.49185
2.1349831	241.69672
2.1355455	227.78326
2.1361079	227.30267
2.1366704	227.24397
2.1372328	215.88399
2.1377952	215.06544
2.1383576	211.23849
2.1389201	213.98846
2.1394825	221.64288
2.1400449	225.74248
2.1406074	212.92061
2.1411698	209.65782
2.1417322	203.79366
2.1422946	198.20636
2.1428571	196.40041
2.1434195	199.62277
2.1439819	196.36784
2.1445444	187.34776
2.1451068	182.39883
2.1456692	179.61563
2.1462317	176.84192
2.1467941	176.03015
2.1473565	191.61104
2.1479189	184.77097
2.1484814	175.39505
2.1490438	172.15553
2.1496062	169.0611
2.1501687	171.48723
2.1507311	173.91267
2.1512935	170.54311
2.1518559	161.70589
2.1524184	152.12131
2.1529808	153.7343
2.1535432	147.93718
2.1541057	152.6718
2.1546681	160.71512
2.1552305	159.27852
2.155793	152.84196
2.1563554	142.91496
2.1569178	146.54051
2.1574802	156.75522
2.1580427	161.6917
2.1586051	152.05983
2.1591675	153.14082
2.15973	150.90944
2.1602924	149.58138
2.1608548	152.53114
2.1614172	149.32924
2.1619797	151.15305
2.1625421	147.86191
2.1631045	145.58165
2.163667	145.78256
2.1642294	123.42236
2.1647918	145.89702
2.1653543	145.31949
2.1659167	134.69455
2.1664791	132.57048
2.1670415	121.42058
2.167604	121.38849
2.1681664	127.87443
2.1687288	135.13808
2.1692913	137.28674
2.1698537	130.14067
2.1704161	122.99862
2.1709785	116.77902
2.171541	116.54449
2.1721034	127.18323
2.1726658	130.35074
2.1732283	126.59455
2.1737907	117.2714
2.1743531	110.53538
2.1749156	120.01098
2.175478	124.7511
2.1760404	120.18713
2.1766028	122.29665
2.1771653	131.08902
2.1777277	121.62779
2.1782901	115.85232
2.1788526	114.52286
2.179415	114.07021
2.1799774	111.71053
2.1805398	109.35152
2.1811023	121.70556
2.1816647	121.18668
2.1822271	113.47854
2.1827896	115.30893
2.183352	125.50408
2.1839144	123.85702
2.1844769	121
2.1850393	118.14838
2.1856017	104.06013
2.1861641	110.23306
2.1867266	100.87682
2.187289	92.724396
2.1878514	102.47135
2.1884139	107.93562
2.1889763	102.09045
2.1895387	98
2.1901011	98.187149
2.1906636	98.966469
2.191226	107.19283
2.1917884	97.972778
2.1923509	90.006599
2.1929133	97.3116
2.1934757	100.41964
2.1940382	93.424454
2.1946006	90.630142
2.195163	95.018921
2.1957254	103.54636
2.1962879	106.20049
2.1968503	99.887344
2.1974127	96.386742
2.1979752	105.39122
2.1985376	110.80354
2.1991	104.17309
2.1996624	97.50145
2.2002249	96.467186
2.2007873	104.18391
2.2013497	100.17114
2.2019122	97.0784
2.2024746	95.306046
2.203037	93.007385
2.2035995	96.855667
2.2041619	98.540611
2.2047243	96.831963
2.2052867	92.078323
2.2058492	92.846474
2.2064116	85.629219
2.206974	82.144539
2.2075365	84.593483
2.2080989	87.660103
2.2086613	91.406197
2.2092237	95.234818
2.2097862	95.452324
2.2103486	86.270355
2.210911	91.19339
2.2114735	85.913635
2.2120359	80.620476
2.2125983	85.033485
2.2131608	85.796425
2.2137232	83.204094
2.2142856	82.929359
2.214848	86.916542
2.2154105	86.155083
2.2159729	82.36409
2.2165353	83.667168
2.2170978	89.61866
2.2176602	87.338699
2.2182226	87.646667
2.218785	85.566124
2.2193475	84.134178
2.2199099	93.994957
2.2204723	87.511505
2.2210348	79.616165
2.2215972	76.737862
2.2221596	87.333313
2.2227221	85.165031
2.2232845	82.605667
2.2238469	80.559029
2.2244093	79.048302
2.2249718	78.269493
2.2255342	79.454979
2.2260966	81.478325
2.2266591	82.985672
2.2272215	90.462723
2.2277839	88.006126
2.2283463	82.747978
2.2289088	82.008018
2.2294712	83.512001
2.2300336	83.492653
2.2305961	81.191307
2.2311585	76.056442
2.2317209	80.556923
2.2322834	81.490593
2.2328458	79.445999
2.2334082	75.097458
2.2339706	84.081284
2.2345331	86.494896
2.2350955	84.733994
2.2356579	80.993164
2.2362204	76.511208
2.2367828	79.453285
2.2373452	83.758667
2.2379076	83.012154
2.2384701	80.799683
2.2390325	80.957428
2.2395949	79.539566
2.2401574	71.348587
2.2407198	75.987465
2.2412822	83.930954
2.2418447	89.202805
2.2424071	82.511658
2.2429695	88.171707
2.2435319	85.007996
2.2440944	78.869461
2.2446568	87.026962
2.2452192	84.083664
2.2457817	84.361603
2.2463441	88.670883
2.2469065	92.371857
2.2474689	90.544044
2.2480314	88.646736
2.2485938	88.092239
2.2491562	88.830818
2.2497187	84.447739
2.2502813	84.683411
2.2508438	93.133675
2.2514062	95.344543
2.2519686	90.300362
2.2525311	84.236298
2.2530935	82.027496
2.2536559	85.630981
2.2542183	84.692993
2.2547808	82
2.2553432	82
2.2559056	83.330208
2.2564681	85.595329
2.2570305	87.074112
2.2575929	81.942657
2.2581553	79.205917
2.2587178	77.008705
2.2592802	75.68779
2.2598426	83.733994
2.2604051	77.072495
2.2609675	71.816093
2.2615299	79.852333
2.2620924	88.600388
2.2626548	88.875206
2.2632172	85
2.2637796	85
2.2643421	82.466309
2.2649045	79.191879
2.2654669	76.537933
2.2660294	80.903763
2.2665918	79.822296
2.2671542	79.356125
2.2677166	82.988708
2.2682791	92.409569
2.2688415	94.201576
2.2694039	91.824936
2.2699664	91.099983
2.2705288	100.36888
2.2710912	106.69756
2.2716537	108.0726
2.2722161	108.79622
2.2727785	109.51952
2.2733409	112.18227
2.2739034	118.68488
2.2744658	107.31969
2.2750282	99.547371
2.2755907	96.910973
2.2761531	101.95928
2.2767155	96.136154
2.2772779	90.122993
2.2778404	88.086861
2.2784028	93.122849
2.2789652	95
2.2795277	93.808762
2.2800901	88.778908
2.2806525	85.573105
2.281215	81.728363
2.2817774	77.42157
2.2823398	84.591782
2.2829022	78.909515
2.2834647	74.617126
2.2840271	91.804749
2.2845895	87.13475
2.285152	87.413628
2.2857144	95.781105
2.2862768	92.923431
2.2868392	95.382858
2.2874017	98.014351
2.2879641	94.446594
2.2885265	90.255737
2.289089	84.967255
2.2896514	79.44474
2.2902138	85.853134
2.2907763	87.053566
2.2913387	85.630447
2.2919011	84.207649
2.2924635	88.247902
2.293026	88.46244
2.2935884	82.754433
2.2941508	76.369171
2.2947133	79.799286
2.2952757	86.53434
2.2958381	84.40847
2.2964005	88.575577
2.296963	91.16021
2.2975254	89.036263
2.2980878	92.475319
2.2986503	89.578468
2.2992127	83.651421
2.2997751	87.887886
2.3003376	95.765358
2.3009	97.707314
2.3014624	84.307907
2.3020248	92.540222
2.3025873	100.04312
2.3031497	104.44673
2.3037121	111.48432
2.3042746	122.13216
2.304837	130.91623
2.3053994	125.99725
2.3059618	140.11316
2.3065243	146.50319
2.3070867	131.76382
2.3076491	140.97363
2.3082116	147.09782
2.308774	148.533
2.3093364	143.63156
2.3098989	136.8631
2.3104613	127.83093
2.3110237	114.5467
2.3115861	112
2.3121486	109.89281
2.312711	104.30607
2.3132734	107.29847
2.3138359	105.78425
2.3143983	100.10916
2.3149607	101.50296
2.3155231	101.10403
2.3160856	100.14418
2.316648	100.84005
2.3172104	106.35606
2.3177729	111.46172
2.3183353	112.85141
2.3188977	116.72112
2.3194602	121.51551
2.3200226	127.12685
2.320585	137.52504
2.3211474	135.68375
2.3217099	127.22812
2.3222723	136.92455
2.3228347	151.33691
2.3233972	164.16411
2.3239596	164.8557
2.324522	155.15753
2.3250844	157.45631
2.3256469	187.84157
2.3262093	231.80443
2.3267717	261.62054
2.3273342	271.96402
2.3278966	291.9162
2.328459	330.28809
2.3290215	380.21271
2.3295839	393.28769
2.3301463	383.48807
2.3307087	376.70575
2.3312712	439.92398
2.3318336	466.52106
2.332396	449.93015
2.3329585	354.5546
2.3335209	288.89377
2.3340833	237.29181
2.3346457	198.92291
2.3352082	189.46725
2.3357706	178.81799
2.336333	162.39803
2.3368955	155.99525
2.3374579	158.96117
2.3380203	169.62807
2.3385828	162.11751
2.3391452	156.20602
2.3397076	153.79141
2.34027	168.78651
2.3408325	175.77745
2.3413949	180.00786
2.3419573	190.9008
2.3425198	196.92096
2.3430822	200
2.3436446	200
2.344207	224.21667
2.3447695	250.3186
2.3453319	264.57034
2.3458943	252.36314
2.3464568	254.27328
2.3470192	291.55634
2.3475816	357.44632
2.3481441	441.69702
2.3487065	547.29364
2.3492689	634.64697
2.3498313	715.98987
2.3503938	791.71588
2.3509562	907.99927
2.3515186	1016.573
2.3520811	1115.8785
2.3526435	1225.8348
2.3532059	1366.2065
2.3537683	1523.7548
2.3543308	1446.311
2.3548932	1308.5114
2.3554556	1119.6342
2.3560181	890.99664
2.3565805	734.69989
2.3571429	633.74591
2.3577054	569.28137
2.3582678	510.94849
2.3588302	455.46957
2.3593926	391.76715
2.3599551	344.04565
2.3605175	308.10367
2.3610799	286.67645
2.3616424	279.42947
2.3622048	274.87119
2.3627672	240.09146
2.3633296	221.02493
2.3638921	211.37508
2.3644545	207.36771
2.3650169	201.16473
2.3655794	195.42734
2.3661418	198.09514
2.3667042	202.52289
2.3672667	207.53343
2.3678291	210.86348
2.3683915	213.75333
2.3689539	218.07376
2.3695164	231.3714
2.3700788	227.77136
2.3706412	218.75282
2.3712037	230.70723
2.3717661	246.05434
2.3723285	260.11472
2.3728909	253.48271
2.3734534	263.43732
2.3740158	281.61707
2.3745782	286.91223
2.3751407	272.96747
2.3757031	250.43686
2.3762655	265.64343
2.376828	283.14932
2.3773904	298.88403
2.3779528	267.86191
2.3785152	239.03464
2.3790777	212.60242
2.3796401	202.05351
2.3802025	200.08771
2.380765	205.9736
2.3813274	195.43941
2.3818898	177.91
2.3824522	152.91222
2.3830147	160.23062
2.3835771	160.35635
2.3841395	149.8427
2.384702	154.43385
2.3852644	156.18059
2.3858268	151.58981
2.3863893	143.57376
2.3869517	136.6405
2.3875141	132.70992
2.3880765	136.28944
2.388639	139.23822
2.3892014	136.62221
2.3897638	114.08616
2.3903263	91.091225
2.3908887	87.171532
2.3914511	78.681702
2.3920135	70
2.392576	70
2.3931384	89.034576
2.3937008	119.85959
2.3942633	158.28618
2.3948257	191.5423
2.3953881	221.36322
2.3959506	270.12979
2.396513	322.37851
2.3970754	378.25128
2.3976378	442.75519
2.3982003	527.67065
2.3987627	641.17773
2.3993251	754.12085
2.3998876	813.23358
2.40045	762.0636
2.4010124	877.37653
2.4015749	979.08716
2.4021373	891.76465
2.4026997	710.36823
2.4032621	495.15076
2.4038246	325.21994
2.404387	194.01425
2.4049494	91.633858
2.4055119	43.912128
2.4060743	17.426693
2.4066367	12.268996
2.4071991	6.5062189
2.4077616	3.5085785
2.408324	4.7958918
2.4088864	5
2.4094489	5.184412
2.4100113	5.8270159
2.4105737	4.1225414
2.4111362	2
2.4116986	2
2.412261	2.3949389
2.4128234	3.1083791
2.4133859	5.0309558
2.4139483	5.047503
2.4145107	3.1270134
2.4150732	2.4021747
2.4156356	2.4753318
2.416198	3.7539232
2.4167604	3.4840224
2.4173229	2.5355959
2.4178853	0.62030399
2.4184477	0.86285824
2.4190102	2
2.4195726	2
2.420135	2
2.4206975	2
2.4212599	3.2361674
2.4218223	4
2.4223847	4
2.4229472	2.9474518
2.4235096	1.8381786
2.424072	1.203014
2.4246345	1.8640683
2.4251969	2.9330623
2.4257593	2.2989223
2.4263217	3.0051131
2.4268842	4.9065113
2.4274466	4.397687
2.428009	3.5289626
2.4285715	2.2634037
2.4291339	3.0016174
2.4296963	4.2662835
2.4302588	5.5301466
2.4308212	5.2064147
2.4313836	4.0567265
2.431946	5.3188996
2.4325085	4.2581816
2.4330709	0.47469914
2.4336333	1.102044
2.4341958	2
2.4347582	2
2.4353206	3.319576
2.435883	4.7238474
2.4364455	2.2089207
2.4370079	1.3261538
2.4375703	1.954216
2.4381328	2.582123
2.4386952	2.580411
2.4392576	1.3259567
2.4398201	2.8560083
2.4403825	4.7275295
2.4409449	2.8483465
2.4415073	1.6565702
2.4420698	1.0305084
2.4426322	2.7847662
2.4431946	3.55971
2.4437571	2.3099082
2.4443195	1.5303019
2.4448819	1.376873
2.4454443	3.8738313
2.4460068	3.972995
2.4465692	2.1022565
2.4471316	2
2.4476941	2
2.4482565	2
2.4488189	2.4571509
2.4493814	2.9206691
2.4499438	2.2990613
2.4505062	1.3550775
2.4510686	0.11218959
2.4516311	1.6942623
2.4521935	3
2.4527559	3
2.4533184	3
2.4538808	2.9080753
2.4544432	1.6694294
2.4550056	1.8536005
2.4555681	3.7110817
2.4561305	4.5221691
2.4566929	4.5785561
2.4572554	2.7239954
2.4578178	2
2.4583802	2
2.4589427	0.77724087
2.4595051	0.68537575
2.4600675	2.5350893
2.4606299	2.0770395
2.4611924	1
2.4617548	1
2.4623172	1.308839
2.4628797	1.9241235
2.4634421	2
2.4640045	2.1539705
2.4645669	2.7684536
2.4651294	2.6174617
2.4656918	2.003618
2.4662542	0.1697993
2.4668167	-0.10615912
2.4673791	2.3453879
2.4679415	2.101999
2.468504	0.93847901
2.4690664	0.32638729
2.4696288	0.28555614
2.4701912	0.89733034
2.4707537	1.5085769
2.4713161	1.8803449
2.4718785	1.2695212
2.472441	1.3410376
2.4730034	1.9513873
2.4735658	-0.2446245
2.4741282	-1.3166778
2.4746907	1.1215664
2.4752531	1.61045
2.4758155	1.0015184
2.476378	1
2.4769404	1
2.4775028	1
2.4780653	2.2926521
2.4786277	3.8081267
2.4791901	0.7728703
2.4797525	-0.24295798
2.480315	1.5772589
2.4808774	2
2.4814398	2.2142758
2.4820023	4.0316882
2.4825647	4.717257
2.4831271	4.1120749
2.4836895	2.5214345
2.484252	0.70704365
2.4848144	-1.1061779
2.4853768	-0.16261341
2.4859393	3.4610443
2.4865017	2.9725552
2.4870641	1.6486639
2.4876266	-0.16038615
2.488189	-0.35420445
2.4887514	0.8509047
2.4893138	2.582808
2.4898763	3.4816134
2.4904387	1.0750831
2.4910011	0.33260727
2.4915636	0.93377984
2.492126	0.46532008
2.4926884	0.27081656
2.4932508	1.4713261
2.4938133	2.3356616
2.4943757	2.9354587
2.4949381	3
2.4955006	3
2.496063	3
2.4966254	2.0044422
2.4971879	0.20915967
2.4977503	1.5849167
2.4983127	2.873786
2.4988751	2.2761166
2.4994376	2
2.5	2
