1.5	11.134002
1.5005624	17.129612
1.5011249	11.336892
1.5016873	13.009963
1.5022497	12.247843
1.5028121	12.593966
1.5033746	11.363059
1.503937	11.801871
1.5044994	13.581876
1.5050619	16.737141
1.5056243	14.866423
1.5061867	7.8805194
1.5067492	11.942981
1.5073116	14.672718
1.507874	12.109948
1.5084364	21.520683
1.5089989	13.063772
1.5095613	13.574824
1.5101237	18.359037
1.5106862	12.956265
1.5112486	11.832237
1.511811	13.647419
1.5123734	14.081256
1.5129359	15.989176
1.5134983	13.503876
1.5140607	18.177181
1.5146232	15.265121
1.5151856	16.245483
1.515748	14.595107
1.5163105	16.764187
1.5168729	7.3745494
1.5174353	16.579166
1.5179977	12.980009
1.5185602	11.737273
1.5191226	11.249191
1.519685	11.980373
1.5202475	11.678931
1.5208099	11.658702
1.5213723	13.356896
1.5219347	14.088312
1.5224972	12.890346
1.5230596	14.744231
1.523622	4.5331984
1.5241845	14.804678
1.5247469	14.256445
1.5253093	14.122559
1.5258718	11.7591
1.5264342	11.725039
1.5269966	15.642931
1.527559	11.918922
1.5281215	14.372828
1.5286839	14.612851
1.5292463	14.822476
1.5298088	16.274435
1.5303712	14.438107
1.5309336	14.744516
1.531496	17.857704
1.5320585	15.091952
1.5326209	13.092147
1.5331833	15.515454
1.5337458	15.017579
1.5343082	13.929596
1.5348706	15.226404
1.5354331	19.428974
1.5359955	14.013247
1.5365579	14.089237
1.5371203	14.726295
1.5376828	12.476948
1.5382452	14.835526
1.5388076	16.489803
1.5393701	13.132493
1.5399325	12.872128
1.5404949	14.60125
1.5410573	13.614394
1.5416198	15.963356
1.5421822	11.935536
1.5427446	16.692627
1.5433071	16.096802
1.5438695	14.061648
1.5444319	17.224285
1.5449944	13.985931
1.5455568	16.778463
1.5461192	15.236142
1.5466816	16.728815
1.5472441	15.146706
1.5478065	19.395023
1.5483689	17.608669
1.5489314	14.441166
1.5494938	12.995523
1.5500562	15.188747
1.5506186	15.158632
1.5511811	17.329662
1.5517435	14.136932
1.5523059	18.607943
1.5528684	14.738197
1.5534308	16.986208
1.5539932	16.008472
1.5545557	16.578667
1.5551181	16.533283
1.5556805	15.128975
1.5562429	17.695065
1.5568054	13.989763
1.5573678	11.155287
1.5579302	18.798126
1.5584927	18.824293
1.5590551	15.193271
1.5596175	19.542114
1.5601799	17.412542
1.5607424	9.2486448
1.5613048	19.655561
1.5618672	13.565622
1.5624297	18.971754
1.5629921	16.361511
1.5635545	14.502296
1.564117	15.041029
1.5646794	16.578045
1.5652418	17.685986
1.5658042	20.270992
1.5663667	13.156574
1.5669291	17.086935
1.5674915	19.015652
1.568054	17.194641
1.5686164	14.147896
1.5691788	15.83674
1.5697412	17.363918
1.5703037	15.10982
1.5708661	12.741618
1.5714285	18.938908
1.571991	16.9039
1.5725534	17.644609
1.5731158	20.563385
1.5736783	14.487197
1.5742407	18.515228
1.5748031	17.041895
1.5753655	16.74721
1.575928	21.349833
1.5764904	16.470682
1.5770528	17.865993
1.5776153	10.024958
1.5781777	16.366583
1.5787401	13.647569
1.5793025	16.437548
1.579865	18.967484
1.5804274	16.866501
1.5809898	16.329826
1.5815523	18.218355
1.5821147	16.493155
1.5826771	15.101172
1.5832396	15.086824
1.583802	15.588366
1.5843644	20.65501
1.5849268	13.936249
1.5854893	17.636087
1.5860517	13.755512
1.5866141	16.45804
1.5871766	14.344437
1.587739	16.246193
1.5883014	20.833775
1.5888638	15.947788
1.5894263	18.347382
1.5899887	23.258381
1.5905511	18.441736
1.5911136	17.268808
1.591676	16.418535
1.5922384	22.283859
1.5928009	16.475201
1.5933633	21.302977
1.5939257	18.641159
1.5944881	21.396589
1.5950506	19.735405
1.595613	16.387812
1.5961754	15.869802
1.5967379	18.357798
1.5973003	17.786251
1.5978627	22.212906
1.5984251	17.249811
1.5989876	18.852612
1.59955	16.613529
1.6001124	16.197138
1.6006749	16.083424
1.6012373	14.130836
1.6017997	14.339527
1.6023622	12.885749
1.6029246	16.715115
1.603487	20.301296
1.6040494	14.197994
1.6046119	15.66999
1.6051743	22.108103
1.6057367	17.282494
1.6062992	14.355536
1.6068616	19.996777
1.607424	12.934843
1.6079865	23.642733
1.6085489	19.436693
1.6091113	18.018286
1.6096737	20.873138
1.6102362	19.581999
1.6107986	18.146011
1.611361	23.032913
1.6119235	19.73255
1.6124859	18.278408
1.6130483	18.825384
1.6136107	23.489977
1.6141732	19.242962
1.6147356	17.706875
1.615298	19.234184
1.6158605	16.613888
1.6164229	22.418196
1.6169853	24.221014
1.6175478	22.260269
1.6181102	24.125452
1.6186726	22.919744
1.619235	17.548203
1.6197975	16.633261
1.6203599	17.52458
1.6209223	21.58728
1.6214848	18.379997
1.6220472	23.716707
1.6226096	17.801987
1.623172	19.130068
1.6237345	21.657417
1.6242969	21.163954
1.6248593	17.494333
1.6254219	20.00713
1.6259843	18.922541
1.6265467	23.032768
1.6271092	22.76074
1.6276716	17.552204
1.628234	17.744373
1.6287965	20.555822
1.6293589	21.1168
1.6299213	17.299408
1.6304837	21.080654
1.6310462	21.380795
1.6316086	19.106892
1.632171	19.394381
1.6327335	22.612011
1.6332959	21.195587
1.6338583	12.564409
1.6344208	21.684143
1.6349832	21.951725
1.6355456	20.539137
1.636108	16.294155
1.6366705	20.716898
1.6372329	21.574821
1.6377953	20.378513
1.6383578	20.927486
1.6389202	21.015535
1.6394826	17.817144
1.640045	20.668758
1.6406075	21.703165
1.6411699	22.291962
1.6417323	31.728394
1.6422948	23.382551
1.6428572	20.246752
1.6434196	27.526909
1.6439821	21.721613
1.6445445	25.875845
1.6451069	22.613882
1.6456693	30.148277
1.6462318	27.886017
1.6467942	24.510986
1.6473566	26.399809
1.6479191	21.709728
1.6484815	19.66382
1.6490439	19.374716
1.6496063	25.572178
1.6501688	24.190241
1.6507312	26.336145
1.6512936	23.963333
1.6518561	23.799408
1.6524185	20.919352
1.6529809	24.23304
1.6535434	25.766706
1.6541058	23.470774
1.6546682	20.419491
1.6552306	27.872066
1.6557931	26.251204
1.6563555	23.135284
1.6569179	25.90937
1.6574804	23.114407
1.6580428	27.766163
1.6586052	23.282074
1.6591676	22.301979
1.6597301	21.586016
1.6602925	27.20475
1.6608549	24.878645
1.6614174	29.081163
1.6619798	24.988195
1.6625422	22.876244
1.6631047	22.809999
1.6636671	23.698198
1.6642295	20.782713
1.6647919	21.559246
1.6653544	28.554001
1.6659168	27.989868
1.6664792	24.325462
1.6670417	25.830362
1.6676041	30.568804
1.6681665	23.494131
1.6687289	23.907816
1.6692914	23.453987
1.6698538	28.317959
1.6704162	23.84498
1.6709787	25.720581
1.6715411	28.449286
1.6721035	25.790005
1.672666	24.203753
1.6732284	21.195677
1.6737908	27.777691
1.6743532	26.646374
1.6749157	24.768909
1.6754781	25.533041
1.6760405	24.146442
1.676603	29.228668
1.6771654	29.602434
1.6777278	27.335583
1.6782902	24.500196
1.6788527	25.31596
1.6794151	30.900118
1.6799775	16.222889
1.68054	21.634281
1.6811024	30.89221
1.6816648	28.971306
1.6822273	31.338905
1.6827897	25.900707
1.6833521	26.165535
1.6839145	29.28986
1.684477	26.537508
1.6850394	25.592142
1.6856018	33.61718
1.6861643	29.894176
1.6867267	25.317356
1.6872891	31.662582
1.6878515	25.023405
1.688414	28.158875
1.6889764	23.931469
1.6895388	29.583567
1.6901013	25.82505
1.6906637	31.38394
1.6912261	29.641621
1.6917886	28.010351
1.692351	26.632841
1.6929134	27.96596
1.6934758	30.584795
1.6940383	26.871952
1.6946007	33.412262
1.6951631	28.737404
1.6957256	26.044182
1.696288	25.654665
1.6968504	31.924541
1.6974128	34.848537
1.6979753	32.531956
1.6985377	34.831692
1.6991001	30.629389
1.6996626	29.132082
1.700225	24.491196
1.7007874	31.836798
1.7013499	31.549536
1.7019123	34.401562
1.7024747	29.805304
1.7030371	25.90287
1.7035996	34.028152
1.704162	29.540667
1.7047244	28.471899
1.7052869	29.183144
1.7058493	34.583588
1.7064117	30.390724
1.7069741	30.315929
1.7075366	28.514328
1.708099	31.230412
1.7086614	29.938009
1.7092239	29.50116
1.7097863	31.346992
1.7103487	33.928101
1.7109112	36.184052
1.7114736	42.468269
1.712036	33.479214
1.7125984	31.229866
1.7131609	28.627707
1.7137233	33.589195
1.7142857	32.850456
1.7148482	31.820374
1.7154106	29.574005
1.715973	31.791857
1.7165354	26.444098
1.7170979	33.534973
1.7176603	32.057877
1.7182227	28.450808
1.7187852	25.116024
1.7193476	45.988392
1.71991	34.959805
1.7204725	35.796326
1.7210349	35.562908
1.7215973	36.288372
1.7221597	35.942528
1.7227222	32.412498
1.7232846	30.391426
1.723847	33.523689
1.7244095	37.507504
1.7249719	34.822975
1.7255343	36.00993
1.7260967	37.049713
1.7266592	36.776749
1.7272216	41.556225
1.727784	36.913422
1.7283465	37.067108
1.7289089	41.593273
1.7294713	36.539635
1.7300338	36.118835
1.7305962	41.770687
1.7311586	42.730824
1.731721	39.018459
1.7322835	33.78973
1.7328459	38.525227
1.7334083	37.996433
1.7339708	38.031174
1.7345332	38.031864
1.7350956	36.667484
1.735658	33.70063
1.7362205	40.166821
1.7367829	33.395584
1.7373453	37.14793
1.7379078	41.499012
1.7384702	35.842957
1.7390326	43.779709
1.7395951	38.909725
1.7401575	36.259747
1.7407199	39.254101
1.7412823	41.250965
1.7418448	34.482052
1.7424072	36.925625
1.7429696	35.130272
1.7435321	34.23341
1.7440945	38.306816
1.7446569	40.703018
1.7452193	40.209816
1.7457818	38.303844
1.7463442	36.250893
1.7469066	42.207073
1.7474691	39.666454
1.7480315	39.462212
1.7485939	46.486031
1.7491564	40.07233
1.7497188	45.833324
1.7502812	39.79147
1.7508436	40.339035
1.7514061	41.252533
1.7519685	46.648556
1.7525309	47.234947
1.7530934	41.351097
1.7536558	43.698689
1.7542182	38.539841
1.7547807	40.093834
1.7553431	39.281635
1.7559055	45.66003
1.7564679	47.08168
1.7570304	42.147934
1.7575928	47.800648
1.7581552	35.612865
1.7587177	40.573566
1.7592801	53.596424
1.7598425	47.209335
1.7604049	45.101727
1.7609674	43.650803
1.7615298	43.092949
1.7620922	46.799847
1.7626547	48.267479
1.7632171	50.143032
1.7637795	45.534615
1.764342	48.003578
1.7649044	51.515259
1.7654668	46.337044
1.7660292	45.028419
1.7665917	42.26545
1.7671541	44.045113
1.7677165	42.671082
1.768279	49.040276
1.7688414	50.247677
1.7694038	55.06147
1.7699662	47.054012
1.7705287	52.02272
1.7710911	49.207359
1.7716535	51.599934
1.772216	44.087929
1.7727784	42.985996
1.7733408	49.260334
1.7739033	51.304588
1.7744657	51.408463
1.7750281	54.927101
1.7755905	50.332401
1.776153	48.301006
1.7767154	55.300274
1.7772778	52.917259
1.7778403	49.820702
1.7784027	47.155525
1.7789651	53.507671
1.7795275	50.057507
1.78009	55.256256
1.7806524	59.883102
1.7812148	55.126091
1.7817773	49.962624
1.7823397	51.537643
1.7829021	50.682404
1.7834646	53.040279
1.784027	54.656872
1.7845894	53.075329
1.7851518	48.615536
1.7857143	48.659985
1.7862767	53.182388
1.7868391	52.413124
1.7874016	57.917015
1.787964	52.025658
1.7885264	50.733761
1.7890888	58.255779
1.7896513	54.375164
1.7902137	51.160244
1.7907761	54.772327
1.7913386	48.975891
1.791901	56.487606
1.7924634	58.028999
1.7930259	63.32579
1.7935883	54.574684
1.7941507	58.541512
1.7947131	62.67963
1.7952756	55.642406
1.795838	54.825199
1.7964004	53.274002
1.7969629	55.209679
1.7975253	61.01786
1.7980877	56.837887
1.7986501	64.675613
1.7992126	54.770584
1.799775	58.243835
1.8003374	63.000183
1.8008999	58.385098
1.8014623	54.866512
1.8020247	65.435593
1.8025872	61.154934
1.8031496	57.192696
1.803712	64.132172
1.8042744	63.632439
1.8048369	63.525902
1.8053993	50.277931
1.8059617	65.436012
1.8065242	64.19883
1.8070866	54.705528
1.807649	59.41095
1.8082114	56.431065
1.8087739	64.047447
1.8093363	63.417545
1.8098987	61.123821
1.8104612	61.938976
1.8110236	62.207783
1.811586	60.13018
1.8121485	68.398682
1.8127109	74.334023
1.8132733	66.517136
1.8138357	58.545193
1.8143982	60.685249
1.8149606	60.467579
1.815523	62.891663
1.8160855	60.002975
1.8166479	64.760071
1.8172103	69.270126
1.8177727	65.558372
1.8183352	67.7323
1.8188976	68.161835
1.81946	71.936546
1.8200225	77.223412
1.8205849	68.534569
1.8211473	69.575302
1.8217098	68.788895
1.8222722	71.941353
1.8228346	68.294518
1.823397	68.198647
1.8239595	72.85498
1.8245219	76.59214
1.8250843	78.213715
1.8256468	73.678902
1.8262092	73.464256
1.8267716	77.186462
1.827334	73.21759
1.8278965	75.947556
1.8284589	72.845444
1.8290213	71.915398
1.8295838	71.978714
1.8301462	71.099747
1.8307086	74.791336
1.8312711	76.928299
1.8318335	76.734306
1.8323959	78.107384
1.8329583	76.17395
1.8335208	74.675552
1.8340832	80.955223
1.8346456	75.955902
1.8352081	81.713348
1.8357705	71.674561
1.8363329	79.560944
1.8368953	75.769341
1.8374578	74.559013
1.8380202	78.245522
1.8385826	79.942764
1.8391451	82.362617
1.8397075	81.22374
1.8402699	76.013947
1.8408324	84.457481
1.8413948	88.373863
1.8419572	82.472977
1.8425196	82.697601
1.8430821	84.612206
1.8436445	84.685661
1.8442069	80.163834
1.8447694	81.738586
1.8453318	81.456787
1.8458942	80.724495
1.8464566	82.570175
1.8470191	86.419724
1.8475815	85.294266
1.8481439	86.793678
1.8487064	85.909401
1.8492688	88.428101
1.8498312	82.191399
1.8503937	74.899033
1.8509561	90.879204
1.8515185	87.560425
1.8520809	83.843544
1.8526434	84.980698
1.8532058	85.798508
1.8537682	87.332344
1.8543307	84.15358
1.8548931	83.959381
1.8554555	81.051857
1.8560179	83.757584
1.8565804	86.538628
1.8571428	84.6297
1.8577052	88.941002
1.8582677	87.516556
1.8588301	84.876724
1.8593925	81.997955
1.859955	77.187057
1.8605174	84.054794
1.8610798	83.391975
1.8616422	88.217583
1.8622047	81.988678
1.8627671	92.655602
1.8633295	86.765305
1.863892	88.926216
1.8644544	89.692657
1.8650168	88.488594
1.8655792	92.914207
1.8661417	91.42247
1.8667041	88.825233
1.8672665	89.034416
1.867829	90.979141
1.8683914	96.418358
1.8689538	95.58062
1.8695163	90.922272
1.8700787	85.366005
1.8706411	87.212051
1.8712035	90.956924
1.871766	95.417793
1.8723284	83.266975
1.8728908	88.682915
1.8734533	93.508232
1.8740157	89.866539
1.8745781	88.909088
1.8751407	91.131096
1.8757031	90.858772
1.8762655	90.24366
1.876828	94.448112
1.8773904	89.685684
1.8779528	93.135048
1.8785152	92.38887
1.8790777	97.215889
1.8796401	100.96589
1.8802025	90.918289
1.880765	97.525597
1.8813274	93.634453
1.8818898	91.447601
1.8824522	94.931931
1.8830147	98.844666
1.8835771	101.41107
1.8841395	102.2467
1.884702	104.75626
1.8852644	101.08817
1.8858268	98.459785
1.8863893	100.16039
1.8869517	95.743172
1.8875141	101.97291
1.8880765	98.735542
1.888639	91.177567
1.8892014	113.13078
1.8897638	99.891876
1.8903263	98.491753
1.8908887	109.26214
1.8914511	101.67088
1.8920135	108.25787
1.892576	103.97756
1.8931384	106.41363
1.8937008	106.40087
1.8942633	107.10453
1.8948257	108.65741
1.8953881	107.15243
1.8959506	101.04422
1.896513	107.6152
1.8970754	105.8183
1.8976378	97.426147
1.8982003	96.728081
1.8987627	98.039574
1.8993251	106.06565
1.8998876	104.12849
1.90045	108.11804
1.9010124	113.05425
1.9015749	106.45417
1.9021373	97.30146
1.9026997	112.77795
1.9032621	108.81661
1.9038246	106.74561
1.904387	105.64877
1.9049494	107.82109
1.9055119	102.76987
1.9060743	105.94867
1.9066367	117.59132
1.9071991	123.91179
1.9077616	128.25955
1.908324	112.15922
1.9088864	99.227196
1.9094489	107.00906
1.9100113	119.65974
1.9105737	121.5582
1.9111362	116.34356
1.9116986	114.2776
1.912261	117.65533
1.9128234	122.7281
1.9133859	116.81479
1.9139483	106.37164
1.9145107	114.95983
1.9150732	117.87567
1.9156356	126.5001
1.916198	131.50533
1.9167604	114.97234
1.9173229	110
1.9178853	114.88927
1.9184477	131.85448
1.9190102	119.63988
1.9195726	116.12825
1.920135	122.22531
1.9206975	123
1.9212599	118.3848
1.9218223	119.87765
1.9223847	127.63139
1.9229472	126.06245
1.9235096	126.98299
1.924072	125.00737
1.9246345	127.11947
1.9251969	139.66077
1.9257593	124.23225
1.9263217	131.44089
1.9268842	140.39996
1.9274466	130.70805
1.928009	140.85257
1.9285715	139.49341
1.9291339	143.82588
1.9296963	132.29376
1.9302588	135.20941
1.9308212	137.22203
1.9313836	138.8835
1.931946	138.12154
1.9325085	139.75591
1.9330709	144.08908
1.9336333	137.73309
1.9341958	134.50261
1.9347582	126.10554
1.9353206	133
1.935883	132.85965
1.9364455	131.57794
1.9370079	130.82539
1.9375703	142.55876
1.9381328	145.30833
1.9386952	140.04601
1.9392576	133.73334
1.9398201	131.21828
1.9403825	127.64532
1.9409449	137.53693
1.9415073	128.05443
1.9420698	135.66574
1.9426322	134.26295
1.9431946	144.90154
1.9437571	143.36134
1.9443195	137
1.9448819	137
1.9454443	137
1.9460068	137.44965
1.9465692	144.58691
1.9471316	136.31479
1.9476941	145.0938
1.9482565	149.07025
1.9488189	154.99492
1.9493814	154.01402
1.9499438	156.91656
1.9505062	158.91559
1.9510686	134.48749
1.9516311	143.20108
1.9521935	149.46815
1.9527559	158.9474
1.9533184	156.48993
1.9538808	143.96428
1.9544432	143.68289
1.9550056	149.75833
1.9555681	159.83516
1.9561305	155.73721
1.9566929	151.71359
1.9572554	148.77678
1.9578178	151.59659
1.9583802	142.54634
1.9589427	157.54749
1.9595051	149.43942
1.9600675	136.2424
1.9606299	147.24002
1.9611924	148.50392
1.9617548	144.10179
1.9623172	151.81912
1.9628797	154.0206
1.9634421	142.48141
1.9640045	137.97737
1.9645669	148.7856
1.9651294	160.07265
1.9656918	162.51889
1.9662542	156.70335
1.9668167	155.75902
1.9673791	159.47659
1.9679415	160.9888
1.968504	169.42093
1.9690664	164.47826
1.9696288	171.08714
1.9701912	166.44243
1.9707537	180.12271
1.9713161	181.68604
1.9718785	170.11758
1.972441	161.4171
1.9730034	172.00075
1.9735658	177.39532
1.9741282	175.47704
1.9746907	170.98976
1.9752531	179.15349
1.9758155	183.44611
1.976378	191.51022
1.9769404	180.24266
1.9775028	173.80017
1.9780653	175.55818
1.9786277	179.09319
1.9791901	182.94467
1.9797525	185.28612
1.980315	185.84685
1.9808774	185.35823
1.9814398	192.41257
1.9820023	199.52238
1.9825647	189.20187
1.9831271	189.53487
1.9836895	188.07343
1.984252	196.58618
1.9848144	190.0856
1.9853768	197.69069
1.9859393	208.93922
1.9865017	190.19328
1.9870641	198.34451
1.9876266	207.83211
1.988189	211.41428
1.9887514	216.5825
1.9893138	209.97676
1.9898763	211.12347
1.9904387	223.42087
1.9910011	227.36453
1.9915636	217.85583
1.992126	210.95523
1.9926884	214.82306
1.9932508	210.50679
1.9938133	219.15889
1.9943757	236.09982
1.9949381	237.45665
1.9955006	247.80728
1.996063	246.15385
1.9966254	235.64632
1.9971879	238.01152
1.9977503	233.81175
1.9983127	239.47293
1.9988751	248.55486
1.9994376	248.67268
2	254.35043
2.0005624	256.16135
2.0011249	245.18452
2.0016873	244.38475
2.0022497	259.54541
2.0028121	286.33417
2.0033746	261.69797
2.003937	250.60516
2.0044994	267.38196
2.0050619	273.38623
2.0056243	254.93083
2.0061867	260.87744
2.0067492	266.76041
2.0073116	273.57837
2.007874	273.70425
2.0084364	283.43317
2.0089989	294.56152
2.0095613	287.99255
2.0101237	281.21628
2.0106862	281.25256
2.0112486	291.91086
2.011811	298.88104
2.0123734	296.10574
2.0129359	288.88678
2.0134983	293.69244
2.0140607	294.26337
2.0146232	301.91605
2.0151856	309.49286
2.015748	300.40909
2.0163105	302.18341
2.0168729	320
2.0174353	324.5293
2.0179977	336.44101
2.0185602	333.68314
2.0191226	330.95087
2.019685	329.11435
2.0202475	331.58124
2.0208099	338.22125
2.0213723	342.77719
2.0219347	351.93698
2.0224972	350.15616
2.0230596	348.41696
2.023622	349.01437
2.0241845	342.43094
2.0247469	350.65491
2.0253093	357.80643
2.0258718	356.19434
2.0264342	374.4317
2.0269966	366.83557
2.027559	390.3082
2.0281215	406.85715
2.0286839	394.62503
2.0292463	379.15463
2.0298088	381.36469
2.0303712	385.04367
2.0309336	385.18478
2.031496	430.24359
2.0320585	398.98572
2.0326209	398.07944
2.0331833	417.83554
2.0337458	427.12482
2.0343082	421.35663
2.0348706	411.58737
2.0354331	398.98508
2.0359955	406.44186
2.0365579	442.27319
2.0371203	447.8389
2.0376828	426.06125
2.0382452	443.18808
2.0388076	445.71609
2.0393701	459.65234
2.0399325	465.31668
2.0404949	467.11523
2.0410573	465.26132
2.0416198	468.74203
2.0421822	479.23157
2.0427446	476.54889
2.0433071	490.71692
2.0438695	485.33923
2.0444319	488.35638
2.0449944	501.48978
2.0455568	504.74133
2.0461192	499.80978
2.0466816	505.60745
2.0472441	524.28595
2.0478065	523.5603
2.0483689	477.11426
2.0489314	496.73544
2.0494938	487.32538
2.0500562	506.80258
2.0506186	526.87213
2.0511811	523.54181
2.0517435	513.68011
2.0523059	512
2.0528684	510.47934
2.0534308	504.68475
2.0539932	502.02121
2.0545557	519.59552
2.0551181	508.21124
2.0556805	517.69147
2.0562429	518.01361
2.0568054	522.13458
2.0573678	542.74689
2.0579302	554.18567
2.0584927	537.48053
2.0590551	531.29822
2.0596175	542.75946
2.0601799	555.1073
2.0607424	546.93262
2.0613048	536.578
2.0618672	533.26996
2.0624297	532.73517
2.0629921	535.74744
2.0635545	540.9505
2.064117	529.52893
2.0646794	535.60693
2.0652418	553.95599
2.0658042	562.48468
2.0663667	556.90417
2.0669291	548.46381
2.0674915	541.96918
2.068054	512.67761
2.0686164	543.27991
2.0691788	527.03033
2.0697412	526.13361
2.0703037	528.48492
2.0708661	528.38806
2.0714285	529.78107
2.071991	531.07397
2.0725534	524.92834
2.0731158	506.63477
2.0736783	530.81403
2.0742407	518.47522
2.0748031	521.95532
2.0753655	542.11908
2.075928	541.34515
2.0764904	525
2.0770528	525
2.0776153	534.89307
2.0781777	545.29358
2.0787401	556.80023
2.0793025	563.42267
2.079865	567.45551
2.0804274	574.47101
2.0809898	565.65387
2.0815523	548.37811
2.0821147	565.35266
2.0826771	578.67749
2.0832396	571.7345
2.083802	566.94977
2.0843644	587.23511
2.0849268	603.54987
2.0854893	580.32123
2.0860517	570.25928
2.0866141	574.96979
2.0871766	580.96985
2.087739	572.47296
2.0883014	556.97467
2.0888638	572.40179
2.0894263	577.54498
2.0899887	566.28821
2.0905511	545.80383
2.0911136	564.57471
2.091676	583.90637
2.0922384	565.81171
2.0928009	566.9942
2.0933633	537.10101
2.0939257	547.00397
2.0944881	533.08551
2.0950506	530.46521
2.095613	541.28949
2.0961754	542.08942
2.0967379	532.65015
2.0973003	520.7403
2.0978627	521.9035
2.0984251	528.75549
2.0989876	513.03094
2.09955	493.94162
2.1001124	514.51068
2.1006749	511.1189
2.1012373	491.37668
2.1017997	481.01947
2.1023622	475.44473
2.1029246	464.06931
2.103487	451.65231
2.1040494	465.1825
2.1046119	450.8241
2.1051743	432.78494
2.1057367	432.22662
2.1062992	430.91214
2.1068616	413.05713
2.107424	383.98389
2.1079865	391.56097
2.1085489	383.27881
2.1091113	359.4523
2.1096737	342.25714
2.1102362	340.14575
2.1107986	346.07294
2.111361	341.03772
2.1119235	326.01282
2.1124859	314.27948
2.1130483	300.33585
2.1136107	291.3461
2.1141732	292.18311
2.1147356	292.76462
2.115298	282.72989
2.1158605	270.62994
2.1164229	271.79141
2.1169853	275.91617
2.1175478	271.06607
2.1181102	258.32291
2.1186726	239.15759
2.119235	240.87019
2.1197975	249.34021
2.1203599	241.66661
2.1209223	222.605
2.1214848	241.4395
2.1220472	221.51129
2.1226096	211.84366
2.123172	205.91589
2.1237345	198.53563
2.1242969	192.58354
2.1248593	204.99753
2.1254218	202.51349
2.1259842	192.81059
2.1265466	188.96695
2.1271091	183.17523
2.1276715	168.27325
2.1282339	169.92464
2.1287963	162.91032
2.1293588	162.83815
2.1299212	165.74895
2.1304836	169.3065
2.1310461	171.55643
2.1316085	157.56374
2.1321709	142.11368
2.1327333	143.63942
2.1332958	153.12643
2.1338582	156.46405
2.1344206	141.80725
2.1349831	132.78151
2.1355455	134.95003
2.1361079	138.43423
2.1366704	134.35222
2.1372328	121.11603
2.1377952	121.93456
2.1383576	129.52299
2.1389201	128.58131
2.1394825	120.5833
2.1400449	114.03595
2.1406074	121.88093
2.1411698	116.98674
2.1417322	108.19049
2.1422946	114.70893
2.1428571	123.35894
2.1434195	114.56585
2.1439819	119.44822
2.1445444	121.44204
2.1451068	117.19648
2.1456692	112.30782
2.1462317	111.31618
2.1467941	112.93972
2.1473565	115.34165
2.1479189	114.81799
2.1484814	108.7839
2.1490438	99.733284
2.1496062	95.040733
2.1501687	96.65815
2.1507311	97.637566
2.1512935	97.554314
2.1518559	96.746605
2.1524184	95.272141
2.1529808	85.594185
2.1535432	95.452003
2.1541057	94.76667
2.1546681	88
2.1552305	88.180367
2.155793	89.789513
2.1563554	84.409203
2.1569178	85.518906
2.1574802	87.469322
2.1580427	84
2.1586051	84
2.1591675	83.2864
2.15973	83.515091
2.1602924	82.418617
2.1608548	80.054939
2.1614172	87.259216
2.1619797	85.846954
2.1625421	80.8619
2.1631045	77.94899
2.163667	79.885086
2.1642294	79.086517
2.1647918	80.422684
2.1653543	82.017189
2.1659167	81.47274
2.1664791	77.387344
2.1670415	72.60881
2.167604	70.611504
2.1681664	69.020927
2.1687288	68.284515
2.1692913	69.87175
2.1698537	78.605858
2.1704161	76.665901
2.1709785	72.239159
2.171541	67.227753
2.1721034	62.137421
2.1726658	64.513054
2.1732283	65
2.1737907	63.738388
2.1743531	63.901531
2.1749156	70.985359
2.175478	64.665199
2.1760404	67.069008
2.1766028	69.629608
2.1771653	69.159248
2.1777277	69.947685
2.1782901	61.910786
2.1788526	56.385727
2.179415	58.029068
2.1799774	65.842094
2.1805398	56.40609
2.1811023	63.024559
2.1816647	67
2.1822271	66.521461
2.1827896	65.261406
2.183352	73.888077
2.1839144	69.489594
2.1844769	63.87402
2.1850393	60.891041
2.1856017	55.41227
2.1861641	67.296196
2.1867266	66.948669
2.187289	61.427017
2.1878514	60
2.1884139	60
2.1889763	55.603016
2.1895387	57.078285
2.1901011	62.438557
2.1906636	60.100597
2.191226	58.510391
2.1917884	63.752148
2.1923509	66.895378
2.1929133	62
2.1934757	62
2.1940382	58.212227
2.1946006	54.777386
2.195163	54.468311
2.1957254	60.67009
2.1962879	58.065994
2.1968503	58.524143
2.1974127	60.564457
2.1979752	62.502991
2.1985376	69.461693
2.1991	66.785507
2.1996624	61.377537
2.2002249	56.706562
2.2007873	55.163216
2.2013497	62.588211
2.2019122	60.931149
2.2024746	56.850536
2.203037	62.998524
2.2035995	62.228867
2.2041619	57.675072
2.2047243	54.619438
2.2052867	56.548264
2.2058492	61.925343
2.2064116	57.471916
2.206974	54.763027
2.2075365	56.296741
2.2080989	57.830051
2.2086613	58.681236
2.2092237	57.212151
2.2097862	55.212307
2.2103486	55.977467
2.210911	54.516174
2.2114735	57.037018
2.2120359	58.919682
2.2125983	56.133953
2.2131608	59.185703
2.2137232	57.763271
2.2142856	57.286243
2.214848	59.916542
2.2154105	59.155083
2.2159729	57.788029
2.2165353	54.066261
2.2170978	50.016895
2.2176602	56.096798
2.2182226	51.179966
2.218785	48.405647
2.2193475	49.492508
2.2199099	51.76807
2.2204723	53.361546
2.2210348	56.191921
2.2215972	57.239944
2.2221596	50.428581
2.2227221	51.417488
2.2232845	56.182991
2.2238469	59.015644
2.2244093	52.217373
2.2249718	55.65255
2.2255342	57.484993
2.2260966	58
2.2266591	58
2.2272215	57.253727
2.2277839	54.503067
2.2283463	50.739914
2.2289088	46.995991
2.2294712	46.243999
2.2300336	51.07349
2.2305961	53.416157
2.2311585	46.065853
2.2317209	51.316414
2.2322834	52.490593
2.2328458	52.777
2.2334082	54.951275
2.2339706	50.459358
2.2345331	52.030628
2.2350955	55.506401
2.2356579	56.985195
2.2362204	47.274296
2.2367828	47.958477
2.2373452	52.241329
2.2379076	52.98785
2.2384701	47.865925
2.2390325	46.478714
2.2395949	50.80249
2.2401574	63.461273
2.2407198	59.725029
2.2412822	56.631321
2.2418447	54.800308
2.2424071	54.056847
2.2429695	52.62851
2.2435319	49.859997
2.2440944	50.908878
2.2446568	67.965477
2.2452192	59.556431
2.2457817	52.425598
2.2463441	49.597469
2.2469065	47.376884
2.2474689	50.683929
2.2480314	52.293468
2.2485938	51.553459
2.2491562	55.984894
2.2497187	53.016773
2.2502813	48.465248
2.2508438	45.40102
2.2514062	52.033638
2.2519686	52.445553
2.2525311	52.272835
2.2530935	55.954174
2.2536559	53.821411
2.2542183	51.154396
2.2547808	49.981998
2.2553432	53.655308
2.2559056	55.330204
2.2564681	53.60701
2.2570305	50.925884
2.2575929	56.057335
2.2581553	53.411842
2.2587178	51.660862
2.2592802	53.18758
2.2598426	55.382
2.2604051	54.949707
2.2609675	53.231976
2.2615299	51.040272
2.2620924	51.716698
2.2626548	51.107201
2.2632172	52.460957
2.2637796	62.669926
2.2643421	62.733158
2.2649045	60.915131
2.2654669	60.255169
2.2660294	70.442093
2.2665918	75.72213
2.2671542	77.45755
2.2677166	76.004517
2.2682791	92.64769
2.2688415	96.302368
2.2694039	94.225471
2.2699664	99.300156
2.2705288	101.24918
2.2710912	108.62682
2.2716537	120.8548
2.2722161	119.40755
2.2727785	115.88287
2.2733409	113.24248
2.2739034	113.96499
2.2744658	122.932
2.2750282	123.32106
2.2755907	117.08903
2.2761531	112.04072
2.2767155	103.56417
2.2772779	93.030319
2.2778404	81.111679
2.2784028	87.586525
2.2789652	83.68425
2.2795277	74.63858
2.2800901	68.890175
2.2806525	66.179832
2.281215	66.29808
2.2817774	68.57843
2.2823398	61.408211
2.2829022	61.379555
2.2834647	63.422859
2.2840271	61.274406
2.2845895	60.375885
2.285152	57.623428
2.2857144	53.383083
2.2862768	58.383995
2.2868392	57.10041
2.2874017	56.168419
2.2879641	64.017487
2.2885265	61.255741
2.289089	60.010914
2.2896514	62.247078
2.2902138	65.807297
2.2907763	66.526779
2.2913387	64.891342
2.2919011	60.622948
2.2924635	66.068436
2.293026	69.048416
2.2935884	66.754433
2.2941508	60.369167
2.2947133	63.799286
2.2952757	69.75824
2.2958381	64.089272
2.2964005	67.003632
2.296963	66.080971
2.2975254	56.169201
2.2980878	56
2.2986503	63.235229
2.2992127	73.348579
2.2997751	69.112122
2.3003376	64.877525
2.3009	62.451862
2.3014624	63.862324
2.3020248	64.636017
2.3025873	67.383636
2.3031497	72.67009
2.3037121	83.226479
2.3042746	82.030342
2.304837	77.548256
2.3053994	84.575363
2.3059618	88.798737
2.3065243	91.523506
2.3070867	92.927246
2.3076491	94.994728
2.3082116	97.097816
2.308774	99.333565
2.3093364	102.83461
2.3098989	102.13204
2.3104613	98.999252
2.3110237	94.804222
2.3115861	87.787216
2.3121486	84.580399
2.312711	88.770454
2.3132734	87.680611
2.3138359	82.355026
2.3143983	74.491257
2.3149607	80.763344
2.3155231	82.104034
2.3160856	80.423279
2.316648	77.639793
2.3172104	75.393181
2.3177729	76.539474
2.3183353	84.18277
2.3188977	83.759628
2.3194602	84.572197
2.3200226	88.126854
2.320585	98.52504
2.3211474	103
2.3217099	102.03505
2.3222723	94.416428
2.3228347	94.361855
2.3233972	101.26691
2.3239596	119.24817
2.324522	120.26598
2.3250844	120.61408
2.3256469	128.2104
2.3262093	142.60147
2.3267717	175.33492
2.3273342	229.81053
2.3278966	306.23093
2.328459	361.27637
2.3290215	396.72336
2.3295839	415.30356
2.3301463	435.19263
2.3307087	454.16302
2.3312712	465.84464
2.3318336	532.64063
2.332396	581.74597
2.3329585	529.59821
2.3335209	449.51877
2.3340833	358.50552
2.3346457	259.1575
2.3352082	186.91026
2.3357706	136.32925
2.336333	109.64681
2.3368955	95.656136
2.3374579	90.051971
2.3380203	91.695694
2.3385828	85.55069
2.3391452	83
2.3397076	84.302849
2.34027	95.208366
2.3408325	103.88798
2.3413949	108.99607
2.3419573	103.5496
2.3425198	111.73653
2.3430822	121.83289
2.3436446	121.15308
2.344207	123.1058
2.3447695	130.1412
2.3453319	147.10756
2.3458943	151.12592
2.3464568	151.03467
2.3470192	148.32318
2.3475816	143.22748
2.3481441	146.56877
2.3487065	162.81441
2.3492689	220.44276
2.3498313	285.56201
2.3503938	355.87903
2.3509562	390.10324
2.3515186	429.46918
2.3520811	475.10242
2.3526435	487.9194
2.3532059	539.69739
2.3537683	625.79376
2.3543308	692.46265
2.3548932	696.12787
2.3554556	647.27197
2.3560181	567.24884
2.3565805	489.59674
2.3571429	414.55045
2.3577054	348.07138
2.3582678	295.4772
2.3588302	254.62196
2.3593926	234.50542
2.3599551	223.21774
2.3605175	215.46573
2.3610799	196.71692
2.3616424	181.41066
2.3622048	170.09863
2.3627672	170.76747
2.3633296	155.74205
2.3638921	136.10416
2.3644545	136.77205
2.3650169	129.08775
2.3655794	120.92305
2.3661418	132.92815
2.3667042	131.71565
2.3672667	124.57325
2.3678291	121.90922
2.3683915	119.685
2.3689539	118.62212
2.3695164	122.61143
2.3700788	128.76395
2.3706412	135.09738
2.3712037	135.76152
2.3717661	137.2755
2.3723285	139.88528
2.3728909	146.51729
2.3734534	144.02507
2.3740158	137.15427
2.3745782	138.47806
2.3751407	143.00813
2.3757031	148.87506
2.3762655	147.55275
2.376828	144.69325
2.3773904	141.54025
2.3779528	149.4608
2.3785152	151.53996
2.3790777	148.55273
2.3796401	136.6852
2.3802025	127.91229
2.380765	121.96865
2.3813274	109.45929
2.3818898	106.49973
2.3824522	113.73594
2.3830147	117.16562
2.3835771	116.38795
2.3841395	110.47402
2.384702	110
2.3852644	108.70042
2.3858268	105.42129
2.3863893	103.28625
2.3869517	101.09367
2.3875141	98.473282
2.3880765	108.18742
2.388639	112.23892
2.3892014	95.888756
2.3897638	88.51371
2.3903263	84.091225
2.3908887	80.171532
2.3914511	79.914787
2.3920135	84.072769
2.392576	102.33432
2.3931384	118.93108
2.3937008	136.99043
2.3942633	176.7196
2.3948257	262.37485
2.3953881	381.34503
2.3959506	429.46136
2.396513	502.07156
2.3970754	600.17377
2.3976378	719.86462
2.3982003	822.46936
2.3987627	899.00555
2.3993251	1068.5874
2.3998876	1218.9536
2.40045	1301.2142
2.4010124	1387.0099
2.4015749	1532.1591
2.4021373	1862.6909
2.4026997	1829.0892
2.4032621	1570.2169
2.4038246	935.72247
2.404387	526.82013
2.4049494	275.28528
2.4055119	139.85875
2.4060743	55.595165
2.4066367	22.714853
2.4071991	16.116638
2.4077616	12.237132
2.408324	10.306162
2.4088864	10
2.4094489	9.6311769
2.4100113	8.3459682
2.4105737	6.1225414
2.4111362	4.4462342
2.4116986	7.0138545
2.412261	9.1848164
2.4128234	10.891621
2.4133859	8.9690447
2.4139483	7.6825008
2.4145107	7.0423379
2.4150732	7
2.4156356	7.2376661
2.416198	7.8769617
2.4167604	7.4840221
2.4173229	7
2.4178853	7
2.4184477	6.1371417
2.4190102	4.9305606
2.4195726	4.2931652
2.420135	5.7206874
2.4206975	8.9068041
2.4212599	6.5276651
2.4218223	5.2545161
2.4223847	5.8905373
2.4229472	6
2.4235096	6.6472855
2.424072	9.1879435
2.4246345	9.135932
2.4251969	7.6653123
2.4257593	4.4946113
2.4263217	4.6751885
2.4268842	7.8441858
2.4274466	4.9884357
2.428009	3.4710374
2.4285715	4.7365961
2.4291339	5.5008087
2.4296963	6
2.4302588	6
2.4308212	6.7935853
2.4313836	7.9432735
2.431946	6.6811004
2.4325085	5.1290908
2.4330709	3.2373495
2.4336333	3
2.4341958	3.3619041
2.4347582	4.6210456
2.4353206	5
2.435883	5
2.4364455	5
2.4370079	5.3261538
2.4375703	5.9542155
2.4381328	6.5821228
2.4386952	7.2097945
2.4392576	7.8370218
2.4398201	6.1439919
2.4403825	4.0908237
2.4409449	4.7172179
2.4415073	5.3434296
2.4420698	5.9694915
2.4426322	5.4050779
2.4431946	5
2.4437571	5
2.4443195	5.469698
2.4448819	5.9057817
2.4454443	5.2815418
2.4460068	4.6576653
2.4465692	4.0340858
2.4471316	5.1780539
2.4476941	5.3639994
2.4482565	3.4957302
2.4488189	3.4571509
2.4493814	3.8413384
2.4499438	2.5981231
2.4505062	2.9673841
2.4510686	4.8317156
2.4516311	4.435246
2.4521935	4.3708925
2.4527559	5.6118193
2.4533184	5.5739632
2.4538808	5.0919242
2.4544432	6.3305707
2.4550056	6.1463995
2.4555681	4.288918
2.4561305	4.5221691
2.4566929	5.1404815
2.4572554	5.7586684
2.4578178	3.7412374
2.4583802	0.035999894
2.4589427	1.8341386
2.4595051	3.2284586
2.4600675	3.8450296
2.4606299	4
2.4611924	4
2.4617548	4
2.4623172	4.3088388
2.4628797	4.9241233
2.4634421	5
2.4640045	4.8460298
2.4645669	4.2315464
2.4651294	4.3825383
2.4656918	4.9963818
2.4662542	6.8302011
2.4668167	7.1061592
2.4673791	4.6546121
2.4679415	1.7549976
2.468504	-0.6308738
2.4690664	3.041676
2.4696288	3.8577754
2.4701912	1.4106787
2.4707537	0.49142307
2.4713161	1.0768963
2.4718785	6.5743098
2.472441	6.953774
2.4730034	3.2916763
2.4735658	3.561156
2.4741282	4.1708307
2.4746907	4.7803917
2.4752531	4.2209001
2.4758155	3.0030367
2.476378	5.427773
2.4769404	5.9238138
2.4775028	2.8838639
2.4780653	2.8617682
2.4786277	4.0767493
2.4791901	5.2908516
2.4797525	6
2.480315	6
2.4808774	4.60396
2.4814398	3.2142758
2.4820023	5.0316882
2.4825647	6.565486
2.4831271	7.7758508
2.4836895	6.0285797
2.484252	4.2929564
2.4848144	6.1061778
2.4853768	6.0813069
2.4859393	4.2694778
2.4865017	4.5137224
2.4870641	5
2.4876266	5
2.488189	5
2.4887514	5
2.4893138	5.5276027
2.4898763	6
2.4904387	6
2.4910011	6.665215
2.4915636	7.8675604
2.492126	6.9306397
2.4926884	5.7291837
2.4932508	4.5286741
2.4938133	4
2.4943757	4
2.4949381	2.3954577
2.4955006	1.536476
2.496063	3.9326174
2.4966254	4.3362947
2.4971879	3.1394396
2.4977503	3
2.4983127	2.873786
2.4988751	2.2761166
2.4994376	2.3212273
2.5	2.9182918
