1.5	87.113953
1.5005624	82.098755
1.5011249	80.95858
1.5016873	79.485474
1.5022497	83.306274
1.5028121	80.029228
1.5033746	81.1577
1.503937	81.902382
1.5044994	77.768051
1.5050619	83.047501
1.5056243	84.617966
1.5061867	82.393021
1.5067492	83.617325
1.5073116	77.131027
1.507874	80.850723
1.5084364	80.374306
1.5089989	77.68502
1.5095613	80.334648
1.5101237	78.435448
1.5106862	77.232903
1.5112486	79.896423
1.511811	84.679543
1.5123734	78.844437
1.5129359	78.616287
1.5134983	80.998207
1.5140607	81.075798
1.5146232	79.084412
1.5151856	79.434258
1.515748	80.008209
1.5163105	80.218781
1.5168729	81.76358
1.5174353	81.616531
1.5179977	73.958755
1.5185602	80.643806
1.5191226	77.932373
1.519685	76.76693
1.5202475	81.231781
1.5208099	77.545601
1.5213723	75.860313
1.5219347	81.86599
1.5224972	80.943535
1.5230596	77.586563
1.523622	80.557838
1.5241845	80.738716
1.5247469	76.950851
1.5253093	76.606895
1.5258718	78.010429
1.5264342	75.842743
1.5269966	80.225273
1.527559	79.887375
1.5281215	80.407631
1.5286839	78.22422
1.5292463	80.111732
1.5298088	78.864769
1.5303712	74.477684
1.5309336	79.139847
1.531496	73.55983
1.5320585	74.204857
1.5326209	74.74041
1.5331833	78.677551
1.5337458	76.824997
1.5343082	73.305885
1.5348706	75.568222
1.5354331	82.92009
1.5359955	76.726707
1.5365579	76.429352
1.5371203	73.687973
1.5376828	78.069618
1.5382452	78.802185
1.5388076	77.748505
1.5393701	75.138466
1.5399325	73.123375
1.5404949	74.900589
1.5410573	77.844345
1.5416198	76.16922
1.5421822	80.14061
1.5427446	77.550217
1.5433071	74.002304
1.5438695	77.354141
1.5444319	76.537575
1.5449944	76.458824
1.5455568	77.060013
1.5461192	75.113693
1.5466816	74.945671
1.5472441	74.910118
1.5478065	77.472717
1.5483689	75.79937
1.5489314	79.505318
1.5494938	70.364868
1.5500562	78.786606
1.5506186	77.057732
1.5511811	76.967415
1.5517435	80.399567
1.5523059	72.354149
1.5528684	75.777084
1.5534308	74.105042
1.5539932	73.048569
1.5545557	81.318604
1.5551181	76.308029
1.5556805	78.438446
1.5562429	77.793045
1.5568054	75.359009
1.5573678	71.102898
1.5579302	76.670654
1.5584927	74.658287
1.5590551	73.74733
1.5596175	74.608986
1.5601799	73.928207
1.5607424	74.545296
1.5613048	74.633781
1.5618672	72.073761
1.5624297	73.543716
1.5629921	73.380295
1.5635545	74.515572
1.564117	74.639481
1.5646794	73.828979
1.5652418	70.608192
1.5658042	78.355812
1.5663667	71.297363
1.5669291	71.229507
1.5674915	76.003952
1.568054	73.018524
1.5686164	77.040329
1.5691788	72.155434
1.5697412	75.070045
1.5703037	72.270699
1.5708661	73.979782
1.5714285	72.274834
1.571991	74.341507
1.5725534	72.015511
1.5731158	73.315666
1.5736783	73.837456
1.5742407	71.059921
1.5748031	75.928581
1.5753655	71.978912
1.575928	77.4095
1.5764904	71.667755
1.5770528	73.903046
1.5776153	69.471672
1.5781777	71.216331
1.5787401	78.73867
1.5793025	71.381622
1.579865	74.470474
1.5804274	72.307121
1.5809898	70.399742
1.5815523	72.105179
1.5821147	72.687347
1.5826771	71.201706
1.5832396	72.696159
1.583802	68.69043
1.5843644	75.526062
1.5849268	75.955185
1.5854893	71.514465
1.5860517	73.001053
1.5866141	70.930595
1.5871766	71.992683
1.587739	70.703094
1.5883014	74.608887
1.5888638	75.887672
1.5894263	74.687004
1.5899887	75.621483
1.5905511	70.223938
1.5911136	73.735153
1.591676	70.593521
1.5922384	72.313461
1.5928009	73.590927
1.5933633	71.62413
1.5939257	70.628479
1.5944881	67.1595
1.5950506	74.327866
1.595613	72.334358
1.5961754	72.749931
1.5967379	72.145355
1.5973003	71.040237
1.5978627	69.994637
1.5984251	72.076256
1.5989876	66.967377
1.59955	69.019844
1.6001124	71.238907
1.6006749	69.451988
1.6012373	73.288544
1.6017997	73.205627
1.6023622	70.781334
1.6029246	69.252007
1.603487	71.278404
1.6040494	68.739761
1.6046119	67.765701
1.6051743	74.411293
1.6057367	69.569618
1.6062992	69.471581
1.6068616	70.111191
1.607424	74.062424
1.6079865	69.825966
1.6085489	71.504494
1.6091113	73.566452
1.6096737	71.412216
1.6102362	72.228989
1.6107986	70.317383
1.611361	71.589203
1.6119235	70.435226
1.6124859	64.504509
1.6130483	66.705925
1.6136107	69.449501
1.6141732	69.419411
1.6147356	69.235107
1.615298	73.63884
1.6158605	70.112831
1.6164229	69.706833
1.6169853	69.608795
1.6175478	64.619865
1.6181102	69.830063
1.6186726	72.026566
1.619235	68.50972
1.6197975	74.225327
1.6203599	73.535995
1.6209223	68.319496
1.6214848	66.921516
1.6220472	68.332016
1.6226096	75.586945
1.623172	62.856564
1.6237345	67.20961
1.6242969	67.966721
1.6248593	66.236221
1.6254219	69.101166
1.6259843	70.81189
1.6265467	66.85112
1.6271092	70.844055
1.6276716	70.74601
1.628234	66.411903
1.6287965	68.257866
1.6293589	67.444244
1.6299213	71.353851
1.6304837	67.118317
1.6310462	67.914268
1.6316086	69.036247
1.632171	66.815742
1.6327335	69.238548
1.6332959	73.765602
1.6338583	64.976944
1.6344208	68.448875
1.6349832	72.084984
1.6355456	68.299377
1.636108	71.053017
1.6366705	70.775398
1.6372329	66.56749
1.6377953	64.461128
1.6383578	68.573326
1.6389202	69.785187
1.6394826	70.522423
1.640045	68.984283
1.6406075	67.490578
1.6411699	65.782562
1.6417323	68.294991
1.6422948	67.837883
1.6428572	70.116791
1.6434196	66.852081
1.6439821	66.445076
1.6445445	69.60965
1.6451069	69.706741
1.6456693	71.759819
1.6462318	60.791676
1.6467942	69.430695
1.6473566	72.613556
1.6479191	69.296021
1.6484815	66.872925
1.6490439	69.818504
1.6496063	65.770973
1.6501688	70.859619
1.6507312	66.10482
1.6512936	61.358395
1.6518561	66.032028
1.6524185	72.457336
1.6529809	67.627106
1.6535434	70.320618
1.6541058	68.374809
1.6546682	61.696793
1.6552306	66.891533
1.6557931	66.343536
1.6563555	58.233276
1.6569179	75.012184
1.6574804	64.573402
1.6580428	67.787865
1.6586052	70.611
1.6591676	71.469261
1.6597301	64.837105
1.6602925	65.917
1.6608549	63.061157
1.6614174	71.748634
1.6619798	63.883835
1.6625422	69.592102
1.6631047	68.270149
1.6636671	68.761009
1.6642295	63.886158
1.6647919	63.692776
1.6653544	65.111549
1.6659168	69.22995
1.6664792	65.968796
1.6670417	63.626713
1.6676041	71.605881
1.6681665	71.341957
1.6687289	63.13274
1.6692914	66.190552
1.6698538	66.053238
1.6704162	71.172028
1.6709787	67.275902
1.6715411	67.060921
1.6721035	69.999489
1.672666	65.629356
1.6732284	67.425339
1.6737908	69.706642
1.6743532	68.106033
1.6749157	64.793259
1.6754781	68.47039
1.6760405	66.132729
1.676603	62.689365
1.6771654	71.448257
1.6777278	65.488655
1.6782902	68.92231
1.6788527	64.659195
1.6794151	65.227272
1.6799775	70.87928
1.68054	60.943455
1.6811024	63.361065
1.6816648	67.038467
1.6822273	64.863083
1.6827897	64.171753
1.6833521	66.383789
1.6839145	62.29232
1.684477	68.22818
1.6850394	70.875153
1.6856018	71.44278
1.6861643	64.834961
1.6867267	65.490768
1.6872891	62.366676
1.6878515	71.866997
1.688414	73.873199
1.6889764	65.370728
1.6895388	71.844681
1.6901013	66.477936
1.6906637	64.765411
1.6912261	66.946083
1.6917886	70.23098
1.692351	74.175491
1.6929134	65.879509
1.6934758	67.314476
1.6940383	65.38588
1.6946007	63.586674
1.6951631	71.265068
1.6957256	69.413498
1.696288	65.758728
1.6968504	63.688461
1.6974128	60.950607
1.6979753	61.433884
1.6985377	66.875626
1.6991001	71.294792
1.6996626	71.196754
1.700225	69.252014
1.7007874	66.368996
1.7013499	58.889549
1.7019123	70.491257
1.7024747	67.504189
1.7030371	70.022209
1.7035996	64.740196
1.704162	63.553471
1.7047244	67.121254
1.7052869	71.646996
1.7058493	61.708241
1.7064117	66.839584
1.7069741	65.820831
1.7075366	67.796204
1.708099	67.887558
1.7086614	69.033348
1.7092239	73.240234
1.7097863	69.998825
1.7103487	68.63279
1.7109112	65.795967
1.7114736	64.149391
1.712036	68.039848
1.7125984	65.696854
1.7131609	62.15831
1.7137233	60.223511
1.7142857	69.036484
1.7148482	70.638962
1.7154106	71.491982
1.715973	67.246857
1.7165354	67.614365
1.7170979	65.310928
1.7176603	65.122345
1.7182227	68.654564
1.7187852	73.863358
1.7193476	65.830963
1.71991	66.97258
1.7204725	67.300629
1.7210349	63.394299
1.7215973	71.024483
1.7221597	64.817436
1.7227222	60.697914
1.7232846	61.127022
1.723847	67.898994
1.7244095	67.216667
1.7249719	67.787369
1.7255343	67.777016
1.7260967	65.148407
1.7266592	72.514275
1.7272216	70.182289
1.727784	67.294701
1.7283465	69.123878
1.7289089	61.852879
1.7294713	64.26841
1.7300338	66.682617
1.7305962	68.095375
1.7311586	68.1073
1.731721	65.608406
1.7322835	64.60408
1.7328459	66.77906
1.7334083	63.723621
1.7339708	64.216248
1.7345332	66.846428
1.7350956	69.07251
1.735658	62.704819
1.7362205	63.435795
1.7367829	68.322586
1.7373453	68.349861
1.7379078	70.973366
1.7384702	65.90052
1.7390326	67.837601
1.7395951	65.353973
1.7401575	68.293564
1.7407199	66.042259
1.7412823	62.780968
1.7418448	69.314613
1.7424072	72.529694
1.7429696	71.523933
1.7435321	65.067574
1.7440945	68.581161
1.7446569	71.527824
1.7452193	69.224144
1.7457818	67.061363
1.7463442	78.507347
1.7469066	68.385826
1.7474691	65.440552
1.7480315	66.070786
1.7485939	71.077286
1.7491564	67.562302
1.7497188	72.767487
1.7502812	71.327202
1.7508436	73.484344
1.7514061	69.225319
1.7519685	69.914513
1.7525309	66.229706
1.7530934	74.003731
1.7536558	68.513947
1.7542182	71.997498
1.7547807	64.795883
1.7553431	77.62249
1.7559055	65.612114
1.7564679	64.33812
1.7570304	71.31871
1.7575928	75.980537
1.7581552	73.717224
1.7587177	75.388664
1.7592801	71.633041
1.7598425	67.613861
1.7604049	65.677139
1.7609674	67.063736
1.7615298	66.412231
1.7620922	64.891624
1.7626547	68.569855
1.7632171	66.306152
1.7637795	69.412804
1.764342	67.011925
1.7649044	66.559128
1.7654668	70.115257
1.7660292	70.627899
1.7665917	69.731857
1.7671541	76.426559
1.7677165	72.740387
1.768279	73.42588
1.7688414	69.108223
1.7694038	67.039658
1.7699662	76.882431
1.7705287	67.068207
1.7710911	75.35965
1.7716535	72.864052
1.772216	67.549454
1.7727784	70.422661
1.7733408	73.687378
1.7739033	68.151108
1.7744657	73.446228
1.7750281	70.471786
1.7755905	74.69931
1.776153	75.569344
1.7767154	72.753883
1.7772778	68.561508
1.7778403	70.143967
1.7784027	75.082489
1.7789651	74.205017
1.7795275	66.694977
1.78009	77.253616
1.7806524	78.664688
1.7812148	77.48941
1.7817773	74.868912
1.7823397	74.374062
1.7829021	76.30854
1.7834646	80.621941
1.784027	74.137688
1.7845894	79.580833
1.7851518	70.099136
1.7857143	70.125511
1.7862767	76.004234
1.7868391	78.259224
1.7874016	74.876366
1.787964	80.665298
1.7885264	75.089088
1.7890888	74.558067
1.7896513	83.513542
1.7902137	82.375977
1.7907761	82.84594
1.7913386	72.273842
1.791901	75.933853
1.7924634	75.726074
1.7930259	74.836517
1.7935883	76.268921
1.7941507	71.73452
1.7947131	69.804207
1.7952756	76.593849
1.795838	72.783478
1.7964004	79.52092
1.7969629	80.485077
1.7975253	85.708092
1.7980877	69.07888
1.7986501	80.304871
1.7992126	75.082542
1.799775	82.711685
1.8003374	83.005371
1.8008999	81.749283
1.8014623	77.621727
1.8020247	78.92215
1.8025872	82.446434
1.8031496	81.430862
1.803712	78.427567
1.8042744	79.355614
1.8048369	84.40493
1.8053993	80.614357
1.8059617	77.393669
1.8065242	82.590866
1.8070866	80.558571
1.807649	73.547859
1.8082114	72.270996
1.8087739	78.487778
1.8093363	77.925018
1.8098987	80.885796
1.8104612	80.99675
1.8110236	81.830215
1.811586	78.478691
1.8121485	77.004158
1.8127109	77.181541
1.8132733	86.250671
1.8138357	77.087387
1.8143982	75.208107
1.8149606	78.527153
1.815523	79.408066
1.8160855	76.485085
1.8166479	72.310837
1.8172103	81.111694
1.8177727	77.459984
1.8183352	78.451622
1.8188976	78.237114
1.81946	83.144943
1.8200225	85.473473
1.8205849	83.988319
1.8211473	84.308739
1.8217098	84.766129
1.8222722	81.654236
1.8228346	81.822983
1.823397	82.373665
1.8239595	91.906502
1.8245219	84.681633
1.8250843	90.92218
1.8256468	79.346672
1.8262092	90.192825
1.8267716	86.232605
1.827334	89.821114
1.8278965	86.235092
1.8284589	80.845367
1.8290213	81.842201
1.8295838	83.132385
1.8301462	82.66169
1.8307086	88.388
1.8312711	82.972397
1.8318335	78.634842
1.8323959	81.46389
1.8329583	82.475182
1.8335208	88.826744
1.8340832	86.040047
1.8346456	80.48571
1.8352081	85.785248
1.8357705	80.287537
1.8363329	82.645134
1.8368953	84.553436
1.8374578	85.661407
1.8380202	83.93956
1.8385826	80.960281
1.8391451	85.795464
1.8397075	87.716789
1.8402699	86.43586
1.8408324	80.879509
1.8413948	84.83712
1.8419572	89.915413
1.8425196	90.623924
1.8430821	90.641335
1.8436445	89.57663
1.8442069	85.103485
1.8447694	87.418587
1.8453318	90.721588
1.8458942	88.720963
1.8464566	90.63205
1.8470191	90.042915
1.8475815	89.255974
1.8481439	90.889854
1.8487064	87.445702
1.8492688	89.262138
1.8498312	90.973335
1.8503937	95.326729
1.8509561	94.790848
1.8515185	92.767075
1.8520809	86.243423
1.8526434	91.398476
1.8532058	90.759872
1.8537682	90.797745
1.8543307	88.55761
1.8548931	92.834717
1.8554555	88.785034
1.8560179	91.199219
1.8565804	96.18721
1.8571428	94.483757
1.8577052	95.89238
1.8582677	85.563667
1.8588301	92.629425
1.8593925	89.720589
1.859955	90.579567
1.8605174	88.940048
1.8610798	97.530411
1.8616422	99.316101
1.8622047	94.915421
1.8627671	95.967834
1.8633295	101.5974
1.863892	99.538506
1.8644544	104.20159
1.8650168	108.56998
1.8655792	100.85801
1.8661417	98.930061
1.8667041	101.75616
1.8672665	105.0558
1.867829	100.90013
1.8683914	103.11319
1.8689538	105.4705
1.8695163	105.34392
1.8700787	106.98389
1.8706411	110.61504
1.8712035	114.80279
1.871766	112.8792
1.8723284	109.95431
1.8728908	111.75928
1.8734533	114.11894
1.8740157	108.19862
1.8745781	111.253
1.8751407	113.35642
1.8757031	116.58631
1.8762655	120.62695
1.876828	116.41193
1.8773904	126.47083
1.8779528	117.06979
1.8785152	121.76459
1.8790777	119.95901
1.8796401	119.19482
1.8802025	111.31681
1.880765	126.88123
1.8813274	128.40295
1.8818898	116.79597
1.8824522	118.74338
1.8830147	122.71533
1.8835771	125.90248
1.8841395	128.29851
1.884702	128.9783
1.8852644	130.48773
1.8858268	130.37268
1.8863893	119.6518
1.8869517	136.2697
1.8875141	137.55066
1.8880765	140.97327
1.888639	143.27898
1.8892014	148.8513
1.8897638	147.49753
1.8903263	150.10555
1.8908887	140.00197
1.8914511	156.69002
1.8920135	153.30074
1.892576	154.65778
1.8931384	145.18428
1.8937008	148.25572
1.8942633	157.69179
1.8948257	153.0437
1.8953881	151.79048
1.8959506	150.83025
1.896513	162.01501
1.8970754	170.10901
1.8976378	152.45961
1.8982003	149.96887
1.8987627	162.48274
1.8993251	163.78952
1.8998876	163.24397
1.90045	187.48354
1.9010124	169.65176
1.9015749	163.47745
1.9021373	176.56523
1.9026997	205.16731
1.9032621	190.35815
1.9038246	185.39914
1.904387	196.45972
1.9049494	203.41054
1.9055119	201.69038
1.9060743	208.73839
1.9066367	222.88696
1.9071991	223.69019
1.9077616	212.38931
1.908324	202.4514
1.9088864	214.35359
1.9094489	219.89717
1.9100113	221
1.9105737	218.97884
1.9111362	230.85339
1.9116986	232.36353
1.912261	235.72337
1.9128234	248.28154
1.9133859	241.45137
1.9139483	246.5791
1.9145107	235.56026
1.9150732	242.8703
1.9156356	250.46155
1.916198	245.73134
1.9167604	237.80812
1.9173229	247.12553
1.9178853	262.22318
1.9184477	244.9733
1.9190102	244.41336
1.9195726	266.79376
1.920135	270.88934
1.9206975	272.81281
1.9212599	266.53873
1.9218223	268.81647
1.9223847	293.802
1.9229472	270.78061
1.9235096	275.89789
1.924072	286.95947
1.9246345	270.10107
1.9251969	281.31802
1.9257593	296.39816
1.9263217	307.51501
1.9268842	299.07288
1.9274466	333.19769
1.928009	308.47437
1.9285715	328.89142
1.9291339	347.38083
1.9296963	323.74182
1.9302588	349.41882
1.9308212	353.33304
1.9313836	357.16504
1.931946	364.17688
1.9325085	350.1181
1.9330709	347.38345
1.9336333	368.26514
1.9341958	357.13614
1.9347582	358.2764
1.9353206	361.95642
1.935883	375.54385
1.9364455	386.68823
1.9370079	393.77048
1.9375703	376.37476
1.9381328	390.86166
1.9386952	389.72742
1.9392576	388.39999
1.9398201	392.30286
1.9403825	402.64532
1.9409449	414.97537
1.9415073	423.75739
1.9420698	436.22006
1.9426322	432.21017
1.9431946	449.32602
1.9437571	435.1861
1.9443195	447.24969
1.9448819	452.39853
1.9454443	482
1.9460068	481.83139
1.9465692	479.68848
1.9471316	494.17487
1.9476941	499.18762
1.9482565	507.53857
1.9488189	552.961
1.9493814	543.14026
1.9499438	531.33374
1.9505062	531.95776
1.9510686	533.88556
1.9516311	529.36316
1.9521935	569.09979
1.9527559	583.73688
1.9533184	553.4093
1.9538808	576.51019
1.9544432	561.64685
1.9550056	590.90479
1.9555681	616.47351
1.9561305	614.73724
1.9566929	600.80579
1.9572554	615.52692
1.9578178	614.80682
1.9583802	607.81854
1.9589427	632.96204
1.9595051	637.54492
1.9600675	658.05066
1.9606299	669.3891
1.9611924	667.5766
1.9617548	686.17969
1.9623172	690.50903
1.9628797	712.83521
1.9634421	731.84247
1.9640045	745.28357
1.9645669	767.77576
1.9651294	738.24573
1.9656918	748.64673
1.9662542	801.59332
1.9668167	799.37762
1.9673791	800.10449
1.9679415	860.43744
1.968504	878.05225
1.9690664	863.80676
1.9696288	876.52106
1.9701912	903.36566
1.9707537	937.02484
1.9713161	968.02618
1.9718785	968.99023
1.972441	957.55615
1.9730034	968.91748
1.9735658	992.85577
1.9741282	992.63605
1.9746907	992.80212
1.9752531	1030.3767
1.9758155	1065.1376
1.976378	1099.9443
1.9769404	1099.8092
1.9775028	1103.801
1.9780653	1120.4891
1.9786277	1116.1428
1.9791901	1129.089
1.9797525	1159.8583
1.980315	1180.7598
1.9808774	1208.0374
1.9814398	1208.7642
1.9820023	1213.42
1.9825647	1250.5962
1.9831271	1255.9771
1.9836895	1294.2147
1.984252	1299.8427
1.9848144	1360.9358
1.9853768	1355.2321
1.9859393	1355.9116
1.9865017	1393.0299
1.9870641	1446.8091
1.9876266	1475.4598
1.988189	1491.6071
1.9887514	1528.0775
1.9893138	1541.3907
1.9898763	1591.6041
1.9904387	1625.1217
1.9910011	1636.0837
1.9915636	1672.2163
1.992126	1699.1493
1.9926884	1722.3672
1.9932508	1733.2833
1.9938133	1787.2626
1.9943757	1787.1843
1.9949381	1872.6982
1.9955006	1933.8611
1.996063	1907.3077
1.9966254	1960.2197
1.9971879	1987.4528
1.9977503	2036.4707
1.9983127	2055.3967
1.9988751	2111.3142
1.9994376	2134.4636
2	2147.613
2.0005624	2175.5564
2.0011249	2186.2678
2.0016873	2202.1353
2.0022497	2267.6738
2.0028121	2389.3362
2.0033746	2322.4177
2.003937	2424.731
2.0044994	2417.2747
2.0050619	2416.1023
2.0056243	2468.2329
2.0061867	2514.7107
2.0067492	2558.4348
2.0073116	2593.4541
2.007874	2615.3379
2.0084364	2655.5176
2.0089989	2708.8823
2.0095613	2738.6758
2.0101237	2755.927
2.0106862	2801.082
2.0112486	2878.8711
2.011811	2912.2512
2.0123734	2988.1096
2.0129359	2984.7761
2.0134983	3023.0339
2.0140607	3145.4426
2.0146232	3208.4287
2.0151856	3225.8213
2.015748	3290.4744
2.0163105	3344.0461
2.0168729	3377.5352
2.0174353	3481.8435
2.0179977	3565.1116
2.0185602	3612.8247
2.0191226	3572.1206
2.019685	3688.739
2.0202475	3828.5042
2.0208099	3846.8894
2.0213723	3882.1038
2.0219347	4023.7705
2.0224972	4051.355
2.0230596	4049.053
2.023622	4144.1045
2.0241845	4248.6538
2.0247469	4355.1133
2.0253093	4410.939
2.0258718	4512.4463
2.0264342	4460.4697
2.0269966	4520.1509
2.027559	4521.0903
2.0281215	4587.0596
2.0286839	4667.4785
2.0292463	4741.7837
2.0298088	4795.4302
2.0303712	4825.6182
2.0309336	4873.1909
2.031496	4911.0151
2.0320585	4988.2554
2.0326209	5131.4448
2.0331833	5162.1826
2.0337458	5196.0161
2.0343082	5162.4136
2.0348706	5275.0225
2.0354331	5404.022
2.0359955	5422.8369
2.0365579	5447.1221
2.0371203	5503.8564
2.0376828	5546.0537
2.0382452	5708.3081
2.0388076	5736.5923
2.0393701	5768.8218
2.0399325	5864.2427
2.0404949	5944.6875
2.0410573	5974.3691
2.0416198	6018.5811
2.0421822	6086.9053
2.0427446	6080.541
2.0433071	6199.1704
2.0438695	6240.3994
2.0444319	6290.8286
2.0449944	6358.041
2.0455568	6353.8267
2.0461192	6311.7637
2.0466816	6302.873
2.0472441	6337.4375
2.0478065	6371.1172
2.0483689	6396.8262
2.0489314	6413.772
2.0494938	6381.458
2.0500562	6387.7866
2.0506186	6393.6421
2.0511811	6468.207
2.0517435	6484.8848
2.0523059	6384.2847
2.0528684	6311.6377
2.0534308	6379.1699
2.0539932	6321.46
2.0545557	6289.3281
2.0551181	6298.7891
2.0556805	6302.3481
2.0562429	6267.0684
2.0568054	6245.8682
2.0573678	6260.7603
2.0579302	6270.6235
2.0584927	6278.3564
2.0590551	6187.3882
2.0596175	6173.7603
2.0601799	6135.1807
2.0607424	6156.5986
2.0613048	6138.3413
2.0618672	6077.2095
2.0624297	6044.5693
2.0629921	6019.6743
2.0635545	5918.5474
2.064117	5813.9951
2.0646794	5760.4438
2.0652418	5663.1143
2.0658042	5621.1841
2.0663667	5576.0415
2.0669291	5468.3145
2.0674915	5369.7334
2.068054	5245.3218
2.0686164	5079.1948
2.0691788	5086.6504
2.0697412	5053.2896
2.0703037	4964.0693
2.0708661	4823.6177
2.0714285	4678.6514
2.071991	4611.2534
2.0725534	4566.7339
2.0731158	4498.7861
2.0736783	4415.2612
2.0742407	4395.5352
2.0748031	4356.3696
2.0753655	4277.0942
2.075928	4211.897
2.0764904	4192.2861
2.0770528	4108.1289
2.0776153	4034.7485
2.0781777	3947.4314
2.0787401	3880.4563
2.0793025	3809.8855
2.079865	3740.0576
2.0804274	3709.0247
2.0809898	3686.1521
2.0815523	3643.8264
2.0821147	3529.3274
2.0826771	3458.0056
2.0832396	3412.5303
2.083802	3363.4756
2.0843644	3293.7444
2.0849268	3192.1611
2.0854893	3194.7422
2.0860517	3102.8857
2.0866141	3022.1428
2.0871766	2950.126
2.087739	2847.9958
2.0883014	2741.3931
2.0888638	2747.7549
2.0894263	2616.604
2.0899887	2576.8918
2.0905511	2521.8699
2.0911136	2483.176
2.091676	2444.1997
2.0922384	2363.7637
2.0928009	2243.9111
2.0933633	2227.6833
2.0939257	2213.761
2.0944881	2191.4678
2.0950506	2155.0747
2.095613	2110.2366
2.0961754	2068.7471
2.0967379	2037.1259
2.0973003	1973.3231
2.0978627	1962.5482
2.0984251	1900.4163
2.0989876	1836.3055
2.09955	1822.2278
2.1001124	1842.0918
2.1006749	1773.4077
2.1012373	1697.4126
2.1017997	1667.71
2.1023622	1641.0688
2.1029246	1615.2126
2.103487	1586.3617
2.1040494	1520.9519
2.1046119	1520.1073
2.1051743	1467.6696
2.1057367	1396.7339
2.1062992	1361.12
2.1068616	1348.5199
2.107424	1304.4695
2.1079865	1292.6829
2.1085489	1208.7522
2.1091113	1188.9012
2.1096737	1171.5028
2.1102362	1141.2482
2.1107986	1114.7467
2.111361	1086.2137
2.1119235	1068.515
2.1124859	1045.5465
2.1130483	1035.4913
2.1136107	1024.9629
2.1141732	1000.5071
2.1147356	975.98041
2.115298	975.14417
2.1158605	943.88977
2.1164229	917.89069
2.1169853	904.83234
2.1175478	893.37177
2.1181102	862.38269
2.1186726	873.21527
2.119235	858.99792
2.1197975	839.84796
2.1203599	832.96399
2.1209223	832.13318
2.1214848	797.90234
2.1220472	758.87628
2.1226096	741.05542
2.123172	742.68225
2.1237345	739.38446
2.1242969	718.41644
2.1248593	706.00165
2.1254218	707.65765
2.1259842	682.40094
2.1265466	650.62787
2.1271091	640.30652
2.1276715	656.21783
2.1282339	627.3186
2.1287963	611.82068
2.1293588	618.41614
2.1299212	604.44995
2.1304836	575.38696
2.1310461	568.16986
2.1316085	569.81604
2.1321709	560.49884
2.1327333	567.51239
2.1332958	544.48907
2.1338582	502.41138
2.1344206	544.80725
2.1349831	535.78149
2.1355455	519.51654
2.1361079	498.61386
2.1366704	484
2.1372328	482.25964
2.1377952	469.98169
2.1383576	476.52301
2.1389201	472.1626
2.1394825	465.06546
2.1400449	458.13168
2.1406074	443.19846
2.1411698	451.35544
2.1417322	447.14288
2.1422946	444.93121
2.1428571	436.19714
2.1434195	411
2.1439819	411
2.1445444	382.15921
2.1451068	376.87094
2.1456692	382
2.1462317	382.15808
2.1467941	382.96985
2.1473565	364.26675
2.1479189	360.77301
2.1484814	359.19131
2.1490438	357.53342
2.1496062	366.34827
2.1501687	340.4696
2.1507311	335.63757
2.1512935	336
2.1518559	336.25339
2.1524184	336.02951
2.1529808	323.12558
2.1535432	316.95813
2.1541057	315
2.1546681	313.57559
2.1552305	310.90186
2.155793	318.94757
2.1563554	305.32416
2.1569178	306.03781
2.1574802	313
2.1580427	310.60141
2.1586051	292.94302
2.1591675	293.85443
2.15973	288.3038
2.1602924	283.26511
2.1608548	287.40659
2.1614172	297.0123
2.1619797	282.21106
2.1625421	275.48273
2.1631045	278.47964
2.163667	283.58691
2.1642294	266.81677
2.1647918	264.28867
2.1653543	267.56018
2.1659167	269.47275
2.1664791	264.05994
2.1670415	248.92792
2.167604	262.96774
2.1681664	255.80348
2.1687288	241.28452
2.1692913	241.12825
2.1698537	232.39415
2.1704161	245.67001
2.1709785	248.39861
2.171541	242.74681
2.1721034	241.72516
2.1726658	236.97391
2.1732283	220.26627
2.1737907	208.89731
2.1743531	209.5918
2.1749156	223
2.175478	223
2.1760404	222.41872
2.1766028	223.85197
2.1771653	226.52226
2.1777277	224.15694
2.1782901	215.17542
2.1788526	220.36569
2.179415	222.11134
2.1799774	209.28947
2.1805398	211.64847
2.1811023	206.6503
2.1816647	206.72533
2.1822271	211.43561
2.1827896	215.61978
2.183352	203.0719
2.1839144	201.18372
2.1844769	204.62729
2.1850393	207.41576
2.1856017	199.58896
2.1861641	204.78644
2.1867266	202.95894
2.187289	192.41069
2.1878514	177.88544
2.1884139	199.74251
2.1889763	189.55278
2.1895387	190.78789
2.1901011	202.19276
2.1906636	190.50299
2.191226	175.10393
2.1917884	184.64183
2.1923509	198.60132
2.1929133	198.9873
2.1934757	188.88618
2.1940382	182.58095
2.1946006	185.70554
2.195163	193.26584
2.1957254	190.16496
2.1962879	185.59901
2.1968503	180.44366
2.1974127	174.17772
2.1979752	167
2.1985376	167
2.1991	171.81656
2.1996624	180.61957
2.2002249	190.1467
2.2007873	190.91838
2.2013497	180.65244
2.2019122	173.69597
2.2024746	172.38791
2.203037	177.00148
2.2035995	177.77113
2.2041619	173.67508
2.2047243	169.07085
2.2052867	166.68671
2.2058492	163.61409
2.2064116	172.21347
2.206974	176.09244
2.2075365	171.36792
2.2080989	162.93471
2.2086613	158.5938
2.2092237	165.93925
2.2097862	170.4185
2.2103486	146.69841
2.210911	157.12869
2.2114735	159.48149
2.2120359	158
2.2125983	157.96651
2.2131608	157.20358
2.2137232	159.79591
2.2142856	154.60411
2.214848	142.17139
2.2154105	171.10684
2.2159729	166.09227
2.2165353	156.06627
2.2170978	150.74577
2.2176602	149.2258
2.2182226	149.64667
2.218785	147.56612
2.2193475	144
2.2199099	144
2.2204723	150.80772
2.2210348	152.24646
2.2215972	148.23994
2.2221596	141.42859
2.2227221	146.66994
2.2232845	147.60567
2.2238469	146.22049
2.2244093	146.97586
2.2249718	146.26949
2.2255342	145.515
2.2260966	145.23917
2.2266591	145.99283
2.2272215	143.01491
2.2277839	138.0049
2.2283463	135.76413
2.2289088	141.00803
2.2294712	142.51201
2.2300336	143.50735
2.2305961	140.38261
2.2311585	130.19756
2.2317209	145.94923
2.2322834	142.3401
2.2328458	132.705
2.2334082	129.06497
2.2339706	135.05418
2.2345331	137
2.2350955	138.0128
2.2356579	140.99658
2.2362204	138.7556
2.2367828	137.01038
2.2373452	136
2.2379076	136
2.2384701	136
2.2390325	135.52129
2.2395949	137.23676
2.2401574	144.68309
2.2407198	132.17509
2.2412822	136.12454
2.2418447	147.79875
2.2424071	150.7726
2.2429695	143.4568
2.2435319	142.14
2.2440944	143.81035
2.2446568	138.6192
2.2452192	145.83267
2.2457817	149.2128
2.2463441	147.32912
2.2469065	143.62814
2.2474689	157.73572
2.2480314	164.52715
2.2485938	159.90776
2.2491562	159.16919
2.2497187	156.15483
2.2502813	155.2278
2.2508438	156.79694
2.2514062	136.89909
2.2519686	136.69965
2.2525311	142
2.2530935	142
2.2536559	145.63098
2.2542183	146.5386
2.2547808	144.03601
2.2553432	136.68939
2.2559056	132.00938
2.2564681	131.59532
2.2570305	132.41277
2.2575929	123.61599
2.2581553	135.75461
2.2587178	140.70441
2.2592802	132.43768
2.2598426	137.558
2.2604051	140.57544
2.2609675	140.71996
2.2615299	137.06712
2.2620924	136.28329
2.2626548	136
2.2632172	137.75783
2.2637796	145.04994
2.2643421	137.13206
2.2649045	133.08487
2.2654669	135.53793
2.2660294	139.90375
2.2665918	143.1777
2.2671542	143.64388
2.2677166	140.01129
2.2682791	150.13338
2.2688415	157.14725
2.2694039	160.82494
2.2699664	160.09999
2.2705288	168.11971
2.2710912	176.48779
2.2716537	182.9274
2.2722161	182.20378
2.2727785	177.84383
2.2733409	172.06021
2.2739034	166.28012
2.2744658	178.36739
2.2750282	175.00703
2.2755907	162.78084
2.2761531	167.10796
2.2767155	165.71205
2.2772779	162.53833
2.2778404	158.75183
2.2784028	144.36328
2.2789652	136.74437
2.2795277	133.31929
2.2800901	130.44508
2.2806525	133.03362
2.281215	136.94711
2.2817774	140.83138
2.2823398	137.96329
2.2829022	129.38542
2.2834647	125.8095
2.2840271	143.71327
2.2845895	139.75887
2.285152	136
2.2857144	135.56221
2.2862768	129.84686
2.2868392	124.13388
2.2874017	124.92823
2.2879641	142.76701
2.2885265	143.12787
2.289089	136.60846
2.2896514	126.19766
2.2902138	129.04584
2.2907763	129.05356
2.2913387	130.58687
2.2919011	140.54646
2.2924635	142
2.293026	136.60768
2.2935884	125.32742
2.2941508	133.84111
2.2947133	127.18582
2.2952757	116.55219
2.2958381	123.6384
2.2964005	122.71221
2.296963	120.72007
2.2975254	120.01208
2.2980878	131.81609
2.2986503	138.20587
2.2992127	139.24001
2.2997751	134.29747
2.3003376	132.47958
2.3009	131.09628
2.3014624	128.27536
2.3020248	136.26819
2.3025873	146.1078
2.3031497	156.44673
2.3037121	163.48433
2.3042746	175.03574
2.304837	186
2.3053994	186
2.3059618	197.75468
2.3065243	205.42949
2.3070867	201.21825
2.3076491	207.64909
2.3082116	222.34413
2.308774	240.13205
2.3093364	220.52621
2.3098989	213.06602
2.3104613	205.66187
2.3110237	179.0934
2.3115861	175.12959
2.3121486	174.68301
2.312711	171.19128
2.3132734	160.4449
2.3138359	151.78424
2.3143983	146.70959
2.3149607	155.76927
2.3155231	153.17621
2.3160856	145.42328
2.316648	142.6398
2.3172104	147.89166
2.3177729	155.53947
2.3183353	163.18279
2.3188977	171.44225
2.3194602	175.05669
2.3200226	173.11839
2.320585	182.82336
2.3211474	192.13196
2.3217099	200.61406
2.3222723	205.46228
2.3228347	218.33691
2.3233972	229.68709
2.3239596	224.15442
2.324522	233.93608
2.3250844	245.85173
2.3256469	254.13861
2.3262093	298.89569
2.3267717	339.24561
2.3273342	368.89688
2.3278966	409.51913
2.328459	445.64795
2.3290215	479.91467
2.3295839	532.90271
2.3301463	540.56635
2.3307087	541.65009
2.3312712	626.17004
2.3318336	698.60968
2.332396	722.11774
2.3329585	627.42834
2.3335209	500.92191
2.3340833	387.82837
2.3346457	311.77576
2.3352082	284.328
2.3357706	266.91275
2.336333	255.28194
2.3368955	245.6593
2.3374579	232.23358
2.3380203	216.67621
2.3385828	230.3318
2.3391452	234.0043
2.3397076	230.34857
2.34027	224.8958
2.3408325	230.55415
2.3413949	243.38826
2.3419573	261.77008
2.3425198	272.3551
2.3430822	276.16193
2.3436446	268.68384
2.344207	301.21921
2.3447695	334.26215
2.3453319	341.72733
2.3458943	347.50366
2.3464568	356.30933
2.3470192	371.22256
2.3475816	427.28751
2.3481441	513.81323
2.3487065	637.00928
2.3492689	751.3598
2.3498313	855.88043
2.3503938	949.18567
2.3509562	1104.6542
2.3515186	1226.3036
2.3520811	1310.981
2.3526435	1433.7543
2.3532059	1615.9852
2.3537683	1846.7126
2.3543308	1959.1743
2.3548932	1882.2639
2.3554556	1651.024
2.3560181	1371.9518
2.3565805	1145.5813
2.3571429	963.53418
2.3577054	845.34906
2.3582678	748.81073
2.3588302	665.4574
2.3593926	576.27399
2.3599551	507.69882
2.3605175	453.7504
2.3610799	414.9136
2.3616424	385.53918
2.3622048	360.06845
2.3627672	326.6264
2.3633296	316.30783
2.3638921	315.9169
2.3644545	302.55902
2.3650169	295.80215
2.3655794	290.22226
2.3661418	272.88156
2.3667042	268.76144
2.3672667	274.52063
2.3678291	296.4989
2.3683915	289.09674
2.3689539	272.07376
2.3695164	285.3714
2.3700788	300.82715
2.3706412	316.55807
2.3712037	327.1842
2.3717661	329.29935
2.3723285	328.77057
2.3728909	342.03458
2.3734534	348.65829
2.3740158	350.92288
2.3745782	350.26096
2.3751407	360.42114
2.3757031	375.81259
2.3762655	373.8291
2.376828	377.99796
2.3773904	385.90997
2.3779528	384.58987
2.3785152	361.73447
2.3790777	322.05576
2.3796401	297.00208
2.3802025	280.53998
2.380765	271.95544
2.3813274	254.17899
2.3818898	245.31816
2.3824522	245.976
2.3830147	248.5325
2.3835771	242.74431
2.3841395	226.31673
2.384702	219.56615
2.3852644	211.32149
2.3858268	199.51665
2.3863893	207.13998
2.3869517	210.82784
2.3875141	201.65649
2.3880765	203.75325
2.388639	204.52423
2.3892014	196.02216
2.3897638	174.57637
2.3903263	153.93976
2.3908887	149.36679
2.3914511	137.47995
2.3920135	127.19484
2.392576	140.2388
2.3931384	143.34482
2.3937008	147.93419
2.3942633	216.97177
2.3948257	321.99179
2.3953881	451.7634
2.3959506	479.07269
2.396513	551.25891
2.3970754	670.151
2.3976378	769.86786
2.3982003	884.00476
2.3987627	1020.2133
2.3993251	1150.2188
2.3998876	1275.8386
2.40045	1394.3716
2.4010124	1555.0048
2.4015749	1767.7925
2.4021373	2109.3206
2.4026997	1904.2882
2.4032621	1432.957
2.4038246	817.20007
2.404387	438.61868
2.4049494	224.5323
2.4055119	114.25641
2.4060743	44.846809
2.4066367	16.479481
2.4071991	8.2853785
2.4077616	4.2542892
2.408324	4.8979459
2.4088864	7.7065353
2.4094489	9.4467659
2.4100113	7.5189524
2.4105737	7
2.4111362	6.6653247
2.4116986	4.7396092
2.412261	4.7898779
2.4128234	6.1445055
2.4133859	8.7079411
2.4139483	8.4125051
2.4145107	5.2116895
2.4150732	5
2.4156356	5
2.416198	5
2.4167604	3.9680445
2.4173229	3.3096027
2.4178853	4.5864639
2.4184477	5.8628583
2.4190102	7.0694394
2.4195726	7.7068348
2.420135	7.6558623
2.4206975	7.0186386
2.4212599	3.9095826
2.4218223	2
2.4223847	2
2.4229472	4.1050963
2.4235096	6.3236432
2.424072	7.5939717
2.4246345	8.4320345
2.4251969	8.5983744
2.4257593	4.7935338
2.4263217	3.3350377
2.4268842	3.9688368
2.4274466	2.7953744
2.428009	2.2355189
2.4285715	2.8682983
2.4291339	3
2.4296963	3.2662833
2.4302588	4.5301466
2.4308212	5.3967924
2.4313836	5.9149103
2.431946	4.0216508
2.4325085	4.1612124
2.4330709	6.6835341
2.4336333	5.8979559
2.4341958	4.4571438
2.4347582	2.5684319
2.4353206	1.1202828
2.435883	0.13807636
2.4364455	1.3955396
2.4370079	3.630769
2.4375703	6.7710795
2.4381328	6.4178772
2.4386952	5.1608219
2.4392576	2.6519134
2.4398201	3.8560085
2.4403825	5.5458827
2.4409449	2.4139109
2.4415073	1.3434298
2.4420698	1.9694917
2.4426322	3.7847662
2.4431946	5.6604347
2.4437571	7.5351377
2.4443195	6.1212077
2.4448819	3.9057817
2.4454443	3.2815421
2.4460068	4.7116747
2.4465692	7.8295722
2.4471316	8.5890265
2.4476941	8.7880001
2.4482565	8.1652431
2.4488189	6.1713963
2.4493814	3.9206691
2.4499438	3.2990615
2.4505062	2.0326161
2.4510686	0.1682843
2.4516311	3.3885245
2.4521935	5.0727682
2.4527559	1.9704525
2.4533184	1.852073
2.4538808	3.0919247
2.4544432	4.3305702
2.4550056	4.7154665
2.4555681	4.0963058
2.4561305	3.4778311
2.4566929	3
2.4572554	3
2.4578178	3
2.4583802	3
2.4589427	1.1658614
2.4595051	0.91383433
2.4600675	3.3801191
2.4606299	4
2.4611924	4
2.4617548	4
2.4623172	4.3088388
2.4628797	4.9241233
2.4634421	3.9217463
2.4640045	2.8460295
2.4645669	2.2315464
2.4651294	2.7650766
2.4656918	3.9927642
2.4662542	4.6100669
2.4668167	4.7765398
2.4673791	4.1636529
2.4679415	5.3470016
2.468504	7
2.4690664	7
2.4696288	6.4288878
2.4701912	5.2053394
2.4707537	5.5085769
2.4713161	5.7606897
2.4718785	4.539042
2.472441	3.3179247
2.4730034	2.0972254
2.4735658	2.561156
2.4741282	3
2.4746907	3
2.4752531	2.61045
2.4758155	2.0015185
2.476378	3.2138865
2.4769404	3.7847629
2.4775028	3.1767728
2.4780653	3.4308841
2.4786277	4
2.4791901	4
2.4797525	4
2.480315	4
2.4808774	4.4653468
2.4814398	5.2142758
2.4820023	7.0316882
2.4825647	6.8690281
2.4831271	4.448298
2.4836895	4.9857101
2.484252	5.8046956
2.4848144	4.5958815
2.4853768	4.306231
2.4859393	4.9101744
2.4865017	4.4862776
2.4870641	3.6486638
2.4876266	1.8396138
2.488189	1.9686933
2.4887514	3.7763574
2.4893138	5.0552053
2.4898763	5.7408061
2.4904387	4.5375414
2.4910011	4.3326073
2.4915636	4.9337802
2.492126	3.9306405
2.4926884	2.8645918
2.4932508	2.2643371
2.4938133	2.3356616
2.4943757	2.9354587
2.4949381	3
2.4955006	3.2682381
2.496063	4.4663091
2.4966254	5
2.4971879	5
2.4977503	3.4150832
2.4983127	2.2524281
2.4988751	3.4477668
2.4994376	4
2.5	4
