1.5	3.2578647
1.5005624	0.37003988
1.5011249	0.15397756
1.5016873	3.0347903
1.5022497	0.60097754
1.5028121	-1.9776393
1.5033746	1.050294
1.503937	1.6998438
1.5044994	3.1653068
1.5050619	0.94601142
1.5056243	5.060113
1.5061867	1.5383199
1.5067492	-1.6818169
1.5073116	2.6863365
1.507874	1.4225255
1.5084364	6.9489913
1.5089989	3.5778224
1.5095613	5.7856464
1.5101237	1.8660146
1.5106862	2.3363738
1.5112486	3.5762744
1.511811	3.6706123
1.5123734	0.29199988
1.5129359	1.9997189
1.5134983	4.4877152
1.5140607	4.7984285
1.5146232	4.6159868
1.5151856	2.8730586
1.515748	1.4688954
1.5163105	4.8967175
1.5168729	2.0946617
1.5174353	0.26591516
1.5179977	0.93220663
1.5185602	2.1959159
1.5191226	2.2780085
1.519685	5.0662079
1.5202475	3.1280522
1.5208099	2.5066841
1.5213723	8.2238035
1.5219347	4.2660069
1.5224972	1.8906798
1.5230596	3.5264144
1.523622	3.3536119
1.5241845	3.2029135
1.5247469	-0.1358815
1.5253093	2.8999126
1.5258718	1.9627808
1.5264342	4.0083199
1.5269966	3.771004
1.527559	7.4139266
1.5281215	0.070162192
1.5286839	5.8596754
1.5292463	5.0855212
1.5298088	7.7104301
1.5303712	4.4218931
1.5309336	3.4389069
1.531496	2.2161171
1.5320585	2.8320184
1.5326209	3.3888671
1.5331833	4.3526688
1.5337458	8.2777214
1.5343082	3.3069379
1.5348706	7.4643822
1.5354331	4.0131731
1.5359955	3.7912467
1.5365579	4.841495
1.5371203	1.4917601
1.5376828	2.7981043
1.5382452	1.9947989
1.5388076	-0.094099022
1.5393701	3.9231117
1.5399325	2.3769712
1.5404949	2.0137503
1.5410573	9.4172201
1.5416198	4.6977992
1.5421822	3.1794062
1.5427446	2.3449252
1.5433071	8.0146694
1.5438695	4.4763689
1.5444319	3.7696772
1.5449944	3.8984892
1.5455568	0.74764967
1.5461192	3.447825
1.5466816	6.2085528
1.5472441	0.40311879
1.5478065	3.1445546
1.5483689	1.7188526
1.5489314	9.6163912
1.5494938	8.8424501
1.5500562	8.1610956
1.5506186	9.3785114
1.5511811	10.035061
1.5517435	3.630728
1.5523059	8.4184961
1.5528684	2.6740403
1.5534308	9.6334648
1.5539932	5.6893015
1.5545557	1.7443203
1.5551181	4.8788486
1.5556805	8.2952709
1.5562429	10.651291
1.5568054	8.4493637
1.5573678	6.3930287
1.5579302	9.027956
1.5584927	3.1509011
1.5590551	3.7554629
1.5596175	-1.9708265
1.5601799	5.4021611
1.5607424	4.566474
1.5613048	0.79983121
1.5618672	3.6263034
1.5624297	-1.0082066
1.5629921	5.5190163
1.5635545	6.026113
1.564117	8.717062
1.5646794	6.1187921
1.5652418	6.9258938
1.5658042	6.9086022
1.5663667	1.4090362
1.5669291	14.331704
1.5674915	8.3323746
1.568054	2.3932898
1.5686164	9.7067509
1.5691788	9.3102913
1.5697412	6.3431234
1.5703037	5.6421556
1.5708661	7.8783789
1.5714285	6.2301407
1.571991	8.2890062
1.5725534	6.0796785
1.5731158	8.9124947
1.5736783	8.1033382
1.5742407	5.1545458
1.5748031	11.176931
1.5753655	6.28267
1.575928	10.054853
1.5764904	9.4279509
1.5770528	11.424314
1.5776153	5.5834956
1.5781777	7.3552718
1.5787401	6.3378811
1.5793025	6.5808182
1.579865	6.0812068
1.5804274	3.9196298
1.5809898	7.9455514
1.5815523	7.867939
1.5821147	6.6559696
1.5826771	6.9050179
1.5832396	9.3044415
1.583802	6.5050998
1.5843644	10.507513
1.5849268	10.874889
1.5854893	6.4826112
1.5860517	7.1396728
1.5866141	10.347838
1.5871766	11.30875
1.587739	7.1998453
1.5883014	9.8831654
1.5888638	8.4227371
1.5894263	8.4345665
1.5899887	10.099753
1.5905511	6.4654369
1.5911136	11.161822
1.591676	10.124597
1.5922384	9.8422804
1.5928009	6.7391844
1.5933633	9.3125877
1.5939257	10.462235
1.5944881	13.331345
1.5950506	9.4483328
1.595613	8.5313025
1.5961754	8.6037598
1.5967379	7.6025085
1.5973003	11.600182
1.5978627	8.7693586
1.5984251	10.507788
1.5989876	4.9409885
1.59955	9.6475
1.6001124	9.6593294
1.6006749	10.671159
1.6012373	3.6007085
1.6017997	14.182248
1.6023622	11.257257
1.6029246	9.1028442
1.603487	11.388619
1.6040494	12.494184
1.6046119	10.753966
1.6051743	7.7657957
1.6057367	10.856546
1.6062992	19.636086
1.6068616	14.932455
1.607424	14.706579
1.6079865	9.5823822
1.6085489	12.028412
1.6091113	11.641145
1.6096737	13.141419
1.6102362	13.218107
1.6107986	5.5005236
1.611361	19.509262
1.6119235	11.739934
1.6124859	17.719088
1.6130483	13.784122
1.6136107	11.448157
1.6141732	12.63466
1.6147356	8.9035025
1.615298	13.13601
1.6158605	9.3365822
1.6164229	15.387974
1.6169853	17.401047
1.6175478	12.113337
1.6181102	11.455234
1.6186726	15.473506
1.619235	12.233909
1.6197975	8.5075569
1.6203599	10.394505
1.6209223	19.100786
1.6214848	17.979456
1.6220472	14.120685
1.6226096	9.6532354
1.623172	11.51323
1.6237345	12.688947
1.6242969	13.616697
1.6248593	11.790705
1.6254219	14.932583
1.6259843	10.975246
1.6265467	13.32895
1.6271092	13.773985
1.6276716	14.312129
1.628234	17.098024
1.6287965	12.251527
1.6293589	14.236215
1.6299213	8.4656477
1.6304837	10.608118
1.6310462	11.170543
1.6316086	6.8867021
1.632171	15.552527
1.6327335	16.887144
1.6332959	18.949831
1.6338583	16.5128
1.6344208	8.0618973
1.6349832	19.23328
1.6355456	12.478655
1.636108	14.360829
1.6366705	21.57287
1.6372329	15.951907
1.6377953	13.771817
1.6383578	16.590475
1.6389202	17.475573
1.6394826	14.918023
1.640045	13.569113
1.6406075	17.677811
1.6411699	19.087812
1.6417323	17.609592
1.6422948	17.623726
1.6428572	19.55838
1.6434196	18.528746
1.6439821	13.666554
1.6445445	20.2036
1.6451069	19.911865
1.6456693	14.730092
1.6462318	14.269866
1.6467942	18.154751
1.6473566	19.302507
1.6479191	13.284075
1.6484815	18.988068
1.6490439	22.446169
1.6496063	17.548899
1.6501688	18.712166
1.6507312	16.562687
1.6512936	20.185968
1.6518561	16.598188
1.6524185	15.076061
1.6529809	16.357203
1.6535434	18.036644
1.6541058	19.413338
1.6546682	19.478428
1.6552306	15.709479
1.6557931	20.497408
1.6563555	18.842291
1.6569179	22.90988
1.6574804	12.68009
1.6580428	23.474497
1.6586052	20.503736
1.6591676	19.884495
1.6597301	18.083128
1.6602925	17.318127
1.6608549	19.538658
1.6614174	14.948757
1.6619798	16.842258
1.6625422	19.950884
1.6631047	22.633883
1.6636671	24.837574
1.6642295	17.425493
1.6647919	18.741417
1.6653544	17.742035
1.6659168	22.760303
1.6664792	21.055222
1.6670417	22.769623
1.6676041	26.668488
1.6681665	25.090712
1.6687289	22.374407
1.6692914	16.074034
1.6698538	15.566404
1.6704162	22.892302
1.6709787	21.070805
1.6715411	20.545546
1.6721035	28.172457
1.672666	24.566654
1.6732284	25.817833
1.6737908	20.308683
1.6743532	22.093912
1.6749157	23.101885
1.6754781	26.128756
1.6760405	24.256327
1.676603	22.058769
1.6771654	26.460928
1.6777278	18.760115
1.6782902	19.313807
1.6788527	21.64563
1.6794151	24.493624
1.6799775	24.089497
1.68054	27.350964
1.6811024	24.463329
1.6816648	25.589157
1.6822273	23.386452
1.6827897	23.801659
1.6833521	22.216417
1.6839145	17.597151
1.684477	20.818092
1.6850394	20.735825
1.6856018	23.389095
1.6861643	23.256207
1.6867267	27.160778
1.6872891	28.489666
1.6878515	24.893368
1.688414	25.369699
1.6889764	26.567307
1.6895388	22.144226
1.6901013	20.341206
1.6906637	28.865047
1.6912261	26.170824
1.6917886	29.960676
1.692351	30.311432
1.6929134	25.611216
1.6934758	24.66231
1.6940383	28.382597
1.6946007	24.545193
1.6951631	26.121525
1.6957256	28.951527
1.696288	26.787291
1.6968504	29.695524
1.6974128	24.514294
1.6979753	23.66069
1.6985377	30.493855
1.6991001	26.741341
1.6996626	21.640564
1.700225	22.611698
1.7007874	26.77038
1.7013499	26.009235
1.7019123	29.3305
1.7024747	21.861435
1.7030371	32.229607
1.7035996	29.295446
1.704162	25.799383
1.7047244	30.988386
1.7052869	26.266441
1.7058493	27.883297
1.7064117	26.666147
1.7069741	27.008348
1.7075366	26.92811
1.708099	30.25346
1.7086614	27.077528
1.7092239	30.519547
1.7097863	32.690769
1.7103487	25.832693
1.7109112	27.701769
1.7114736	28.001591
1.712036	29.083857
1.7125984	34.780296
1.7131609	27.137983
1.7137233	31.556314
1.7142857	27.657942
1.7148482	29.798784
1.7154106	31.0844
1.715973	34.202938
1.7165354	29.646557
1.7170979	28.754799
1.7176603	28.817183
1.7182227	25.153486
1.7187852	33.856682
1.7193476	30.232859
1.71991	26.636997
1.7204725	31.728079
1.7210349	29.664318
1.7215973	30.098303
1.7221597	26.311003
1.7227222	20.759033
1.7232846	32.727989
1.723847	37.234512
1.7244095	35.398529
1.7249719	33.840786
1.7255343	35.933392
1.7260967	35.829514
1.7266592	35.43848
1.7272216	39.919392
1.727784	34.623203
1.7283465	30.35648
1.7289089	35.648136
1.7294713	41.844467
1.7300338	35.941757
1.7305962	42.258362
1.7311586	36.618172
1.731721	32.041706
1.7322835	37.064465
1.7328459	36.292801
1.7334083	38.328297
1.7339708	40.495956
1.7345332	38.577198
1.7350956	42.024609
1.735658	36.264114
1.7362205	38.7043
1.7367829	41.634789
1.7373453	44.123245
1.7379078	43.666119
1.7384702	35.67086
1.7390326	32.82938
1.7395951	38.884251
1.7401575	33.245605
1.7407199	32.61673
1.7412823	35.146332
1.7418448	32.189827
1.7424072	37.702534
1.7429696	36.77158
1.7435321	42.416866
1.7440945	42.53212
1.7446569	36.699539
1.7452193	37.700943
1.7457818	40.907207
1.7463442	45.57732
1.7469066	45.595909
1.7474691	40.335983
1.7480315	45.645565
1.7485939	46.13628
1.7491564	41.780506
1.7497188	54.426491
1.7502812	40.474419
1.7508436	40.364372
1.7514061	46.712574
1.7519685	38.131851
1.7525309	38.185734
1.7530934	42.25061
1.7536558	48.341961
1.7542182	47.510811
1.7547807	42.808895
1.7553431	45.766716
1.7559055	46.990997
1.7564679	41.868176
1.7570304	34.326244
1.7575928	45.0896
1.7581552	53.833221
1.7587177	47.665051
1.7592801	50.235989
1.7598425	39.32859
1.7604049	39.168411
1.7609674	50.10548
1.7615298	42.711166
1.7620922	46.055752
1.7626547	41.492889
1.7632171	41.840347
1.7637795	43.953697
1.764342	53.911304
1.7649044	52.574051
1.7654668	48.57999
1.7660292	45.554947
1.7665917	53.938889
1.7671541	49.168777
1.7677165	46.997757
1.768279	49.38652
1.7688414	48.208214
1.7694038	47.414047
1.7699662	56.19421
1.7705287	51.488853
1.7710911	58.649261
1.7716535	53.872456
1.772216	50.68964
1.7727784	54.252686
1.7733408	53.783733
1.7739033	58.418892
1.7744657	53.037571
1.7750281	52.102913
1.7755905	58.088276
1.776153	56.655815
1.7767154	57.025501
1.7772778	54.912048
1.7778403	53.252529
1.7784027	53.312187
1.7789651	59.510986
1.7795275	57.94669
1.78009	50.983173
1.7806524	57.56773
1.7812148	55.655231
1.7817773	56.591045
1.7823397	63.509876
1.7829021	62.907066
1.7834646	65.160248
1.784027	64.006599
1.7845894	59.026466
1.7851518	60.769775
1.7857143	56.043301
1.7862767	66.198166
1.7868391	58.62772
1.7874016	48.377811
1.787964	55.451553
1.7885264	55.473747
1.7890888	63.995277
1.7896513	60.145348
1.7902137	60.330429
1.7907761	57.293777
1.7913386	61.710289
1.791901	63.877384
1.7924634	65.411156
1.7930259	63.067402
1.7935883	58.350704
1.7941507	67.155495
1.7947131	63.598026
1.7952756	58.261677
1.795838	66.534775
1.7964004	68.241058
1.7969629	66.79969
1.7975253	73.540848
1.7980877	75.781006
1.7986501	63.144501
1.7992126	67.579666
1.799775	63.825081
1.8003374	67.438751
1.8008999	63.281979
1.8014623	56.149944
1.8020247	69.906158
1.8025872	70.187592
1.8031496	69.23159
1.803712	77.362717
1.8042744	71.769958
1.8048369	80.247284
1.8053993	72.240814
1.8059617	77.637703
1.8065242	73.767876
1.8070866	76.977028
1.807649	75.052498
1.8082114	72.50032
1.8087739	67.657341
1.8093363	81.74556
1.8098987	75.0466
1.8104612	72.583794
1.8110236	69.874977
1.811586	74.01416
1.8121485	74.720444
1.8127109	75.96785
1.8132733	77.048279
1.8138357	75.028206
1.8143982	72.51561
1.8149606	77.554741
1.815523	71.427094
1.8160855	75.536484
1.8166479	73.033821
1.8172103	89.709076
1.8177727	75.426117
1.8183352	74.585152
1.8188976	79.773491
1.81946	81.335419
1.8200225	76.082535
1.8205849	87.507919
1.8211473	88.317513
1.8217098	90.912392
1.8222722	92.131943
1.8228346	90.855263
1.823397	90.920799
1.8239595	95.070534
1.8245219	87.428604
1.8250843	84.395653
1.8256468	90.65313
1.8262092	89.59626
1.8267716	94.105698
1.827334	91.663063
1.8278965	92.441772
1.8284589	87.981995
1.8290213	91.938828
1.8295838	102.10995
1.8301462	87.180855
1.8307086	93.445999
1.8312711	92.45919
1.8318335	89.642654
1.8323959	89.618347
1.8329583	95.189819
1.8335208	99.09803
1.8340832	89.194016
1.8346456	102.11165
1.8352081	94.783684
1.8357705	90.709267
1.8363329	87.353416
1.8368953	97.338974
1.8374578	93.180725
1.8380202	89.97773
1.8385826	92.601387
1.8391451	101.41216
1.8397075	92.66539
1.8402699	106.76279
1.8408324	101.32325
1.8413948	98.891876
1.8419572	95.243752
1.8425196	97.427673
1.8430821	101.57266
1.8436445	108.32159
1.8442069	94.73732
1.8447694	103.09609
1.8453318	103.06882
1.8458942	104.92386
1.8464566	107.91817
1.8470191	107.17345
1.8475815	107.2806
1.8481439	107.13196
1.8487064	110.6791
1.8492688	109.81438
1.8498312	106.83217
1.8503937	104.87711
1.8509561	107.7443
1.8515185	108.53595
1.8520809	109.69888
1.8526434	111.19673
1.8532058	105.56016
1.8537682	104.75833
1.8543307	104.80865
1.8548931	120.01093
1.8554555	116.58982
1.8560179	106.05154
1.8565804	111.6573
1.8571428	123.8625
1.8577052	109.4676
1.8582677	108.37792
1.8588301	118.16319
1.8593925	114.04877
1.859955	112.70486
1.8605174	115.06559
1.8610798	117.25466
1.8616422	112.76331
1.8622047	112.71918
1.8627671	111.6186
1.8633295	116.59576
1.863892	120.28326
1.8644544	119.786
1.8650168	114.25896
1.8655792	122.63901
1.8661417	121.24784
1.8667041	117.1815
1.8672665	118.43403
1.867829	121.52616
1.8683914	121.02758
1.8689538	122.67018
1.8695163	124.63145
1.8700787	123.58792
1.8706411	131.60458
1.8712035	121.33381
1.871766	123.63595
1.8723284	125.59674
1.8728908	120.83293
1.8734533	121.48922
1.8740157	126.61092
1.8745781	122.0954
1.8751407	121.33244
1.8757031	127.89162
1.8762655	128.99956
1.876828	131.12703
1.8773904	130.97614
1.8779528	125.51579
1.8785152	128.47267
1.8790777	126.48952
1.8796401	134.77055
1.8802025	120.83322
1.880765	129.455
1.8813274	121.64419
1.8818898	121.88656
1.8824522	134.9254
1.8830147	133.74472
1.8835771	134.83701
1.8841395	135.86409
1.884702	129.7332
1.8852644	127.05546
1.8858268	128.18942
1.8863893	133.54765
1.8869517	127.79036
1.8875141	134.79829
1.8880765	132.30074
1.888639	127.17329
1.8892014	133.13277
1.8897638	142.9075
1.8903263	130.85324
1.8908887	134.65562
1.8914511	145.98923
1.8920135	142.25403
1.892576	136.72188
1.8931384	126.87595
1.8937008	125.54218
1.8942633	128.21115
1.8948257	130.22055
1.8953881	126.87381
1.8959506	126.82375
1.896513	122.26118
1.8970754	119.05584
1.8976378	129.81996
1.8982003	137.79587
1.8987627	130.39711
1.8993251	131.13461
1.8998876	129.4951
1.90045	122.0961
1.9010124	136.19473
1.9015749	130.16165
1.9021373	131.75507
1.9026997	119.55512
1.9032621	128.63322
1.9038246	127.03512
1.904387	140.18904
1.9049494	133.24921
1.9055119	125.22178
1.9060743	137.31622
1.9066367	140.40868
1.9071991	139.32745
1.9077616	142.15266
1.908324	140.93799
1.9088864	129.64639
1.9094489	132.62601
1.9100113	143.90872
1.9105737	142.96825
1.9111362	138.93436
1.9116986	131.84204
1.912261	136.37869
1.9128234	142.38835
1.9133859	134.99767
1.9139483	142.2403
1.9145107	141.15012
1.9150732	139.41621
1.9156356	131.96146
1.916198	133.51599
1.9167604	131.13008
1.9173229	129.20532
1.9178853	142.03806
1.9184477	136.65553
1.9190102	140.12004
1.9195726	135.7695
1.920135	137.66798
1.9206975	134.37437
1.9212599	145.07648
1.9218223	127.22355
1.9223847	135.53923
1.9229472	154.40672
1.9235096	137.3063
1.924072	140.98526
1.9246345	139.98161
1.9251969	138.33923
1.9257593	153.76775
1.9263217	146.77956
1.9268842	142.16364
1.9274466	145.38618
1.928009	150.70512
1.9285715	148.06906
1.9291339	158.9162
1.9296963	148
1.9302588	147.58118
1.9308212	144.11101
1.9313836	145.81554
1.931946	151.87846
1.9325085	151.62993
1.9330709	154.69868
1.9336333	148.26865
1.9341958	162.04712
1.9347582	156.1382
1.9353206	157.27948
1.935883	158.7193
1.9364455	156.43726
1.9370079	153.14041
1.9375703	153.58093
1.9381328	153.49001
1.9386952	166.27429
1.9392576	147.00009
1.9398201	135.9543
1.9403825	150.3922
1.9409449	159.02461
1.9415073	151.06273
1.9420698	145.89417
1.9426322	159.31606
1.9431946	145.68929
1.9437571	152.18248
1.9443195	154.08324
1.9448819	155.89944
1.9454443	166.08018
1.9460068	154.34895
1.9465692	175.94432
1.9471316	154.31479
1.9476941	162.97655
1.9482565	162.1171
1.9488189	171.99152
1.9493814	174.95793
1.9499438	166.25029
1.9505062	181.32469
1.9510686	160.31586
1.9516311	173.83794
1.9521935	175.91136
1.9527559	169.73682
1.9533184	178.65271
1.9538808	177.42091
1.9544432	169.42702
1.9550056	169.64523
1.9555681	177.22876
1.9561305	178.21715
1.9566929	176.47572
1.9572554	176
1.9578178	170.24547
1.9583802	179.84749
1.9589427	179.60759
1.9595051	171.79686
1.9600675	163.98987
1.9606299	159.19455
1.9611924	166.07271
1.9617548	167.5928
1.9623172	168.72093
1.9628797	179.46652
1.9634421	182.24071
1.9640045	185.07089
1.9645669	186.56137
1.9651294	179.84081
1.9656918	186.35445
1.9662542	186.67584
1.9668167	186
1.9673791	189.66388
1.9679415	199.31027
1.968504	194.63139
1.9690664	186.97101
1.9696288	197.39122
1.9701912	200.28848
1.9707537	201.95691
1.9713161	186
1.9718785	186
1.972441	215.56332
1.9730034	198.66544
1.9735658	200.51627
1.9741282	203.52296
1.9746907	216.03073
1.9752531	219
1.9758155	204.53902
1.976378	205.82747
1.9769404	211.56648
1.9775028	219.00056
1.9780653	216.85994
1.9786277	213.54659
1.9791901	216.88934
1.9797525	224.57314
1.980315	226.23425
1.9808774	227.18669
1.9814398	245.23497
1.9820023	236.03197
1.9825647	218.57745
1.9831271	210.86055
1.9836895	223.36154
1.984252	242.40883
1.9848144	232.8609
1.9853768	220.50264
1.9859393	241.87848
1.9865017	241.41652
1.9870641	242.62065
1.9876266	241.48177
1.988189	245.24283
1.9887514	248.96391
1.9893138	253.6093
1.9898763	245.04082
1.9904387	249.33563
1.9910011	258.16833
1.9915636	255.8401
1.992126	258.05969
1.9926884	255.17026
1.9932508	270.50681
1.9938133	276.78973
1.9943757	280.00171
1.9949381	271.74725
1.9955006	288.68463
1.996063	278.84616
1.9966254	292.66772
1.9971879	278.95398
1.9977503	292.04709
1.9983127	304.79358
1.9988751	303.06235
1.9994376	295.00903
2	290.01761
2.0005624	291.99191
2.0011249	306.89285
2.0016873	322.12479
2.0022497	312.06876
2.0028121	311.16629
2.0033746	320.29736
2.003937	305.23535
2.0044994	311.75964
2.0050619	308.40918
2.0056243	323.75281
2.0061867	320.16177
2.0067492	332.49216
2.0073116	339.61981
2.007874	330.11276
2.0084364	326.78198
2.0089989	339.31546
2.0095613	350.66833
2.0101237	350.69382
2.0106862	347.93857
2.0112486	351.65842
2.011811	348.88101
2.0123734	346.10574
2.0129359	376.23114
2.0134983	372.68112
2.0140607	379.10306
2.0146232	371.44531
2.0151856	378.80713
2.015748	391.52768
2.0163105	404.35599
2.0168729	402.11658
2.0174353	382.52573
2.0179977	404.69568
2.0185602	399.31686
2.0191226	402.14746
2.019685	407.65698
2.0202475	426.92911
2.0208099	425.33408
2.0213723	429.55441
2.0219347	443.60022
2.0224972	444.15616
2.0230596	441.97528
2.023622	452.69788
2.0241845	466.24124
2.0247469	477.02264
2.0253093	485.22559
2.0258718	478.16525
2.0264342	493.66696
2.0269966	474.17175
2.027559	486.37589
2.0281215	503.13098
2.0286839	515.21118
2.0292463	515.25769
2.0298088	511.14957
2.0303712	518.53943
2.0309336	529.20349
2.031496	519.93188
2.0320585	535.68597
2.0326209	515.74823
2.0331833	533.83557
2.0337458	538.73212
2.0343082	537.72607
2.0348706	543.49518
2.0354331	544.54724
2.0359955	548.06976
2.0365579	571.04285
2.0371203	585.76355
2.0376828	568.61438
2.0382452	578.52997
2.0388076	597.01855
2.0393701	581.79694
2.0399325	587.19183
2.0404949	618.09253
2.0410573	617.45984
2.0416198	595.83875
2.0421822	601
2.0427446	605.34808
2.0433071	629.10364
2.0438695	612.07428
2.0444319	621.90826
2.0449944	612.24487
2.0455568	615.552
2.0461192	648.28369
2.0466816	663.1394
2.0472441	649.8656
2.0478065	654.61182
2.0483689	655.75067
2.0489314	644.15637
2.0494938	639.60242
2.0500562	658.26166
2.0506186	637.57684
2.0511811	641.61383
2.0517435	662.15936
2.0523059	656.51556
2.0528684	633.99646
2.0534308	650.31873
2.0539932	636.11322
2.0545557	641.27863
2.0551181	642
2.0556805	670.03485
2.0562429	676.93878
2.0568054	678.4455
2.0573678	687.85327
2.0579302	681.28357
2.0584927	676.2262
2.0590551	702.72192
2.0596175	667.88171
2.0601799	656.66827
2.0607424	664.65387
2.0613048	666.64044
2.0618672	657.25488
2.0624297	655.61633
2.0629921	673.88232
2.0635545	658.901
2.064117	636.0578
2.0646794	649.73529
2.0652418	652.44702
2.0658042	655.12262
2.0663667	648.02435
2.0669291	639.31073
2.0674915	658.40656
2.068054	637.01935
2.0686164	637.89368
2.0691788	597.29266
2.0697412	597.83405
2.0703037	605
2.0708661	602.67181
2.0714285	591.97064
2.071991	572.92603
2.0725534	579.07849
2.0731158	599.11426
2.0736783	562.5238
2.0742407	572.36975
2.0748031	568.59137
2.0753655	545.82135
2.075928	548.20142
2.0764904	576.64069
2.0770528	573.17029
2.0776153	529.3056
2.0781777	554.55652
2.0787401	586.15759
2.0793025	589.70081
2.079865	566.05762
2.0804274	540.52899
2.0809898	548.79236
2.0815523	538.42688
2.0821147	552.63098
2.0826771	555.57184
2.0832396	543.20392
2.083802	537.95605
2.0843644	551.8075
2.0849268	549.38873
2.0854893	523.5791
2.0860517	524.87036
2.0866141	519.03021
2.0871766	525.83405
2.087739	528.22748
2.0883014	505.72424
2.0888638	481.53128
2.0894263	475.53091
2.0899887	474.21921
2.0905511	468.90485
2.0911136	472.40466
2.091676	478.30389
2.0922384	473.95609
2.0928009	461.25497
2.0933633	450.15179
2.0939257	459.70914
2.0944881	461.76453
2.0950506	455.82681
2.095613	448.71051
2.0961754	447.91058
2.0967379	456.70013
2.0973003	446.4917
2.0978627	450.80698
2.0984251	438.03574
2.0989876	412.55429
2.09955	392.17847
2.1001124	392.32413
2.1006749	408.43521
2.1012373	382.01794
2.1017997	390.61908
2.1023622	395.44473
2.1029246	392.28555
2.103487	381.86923
2.1040494	346.24045
2.1046119	350.4635
2.1051743	351
2.1057367	341.1275
2.1062992	331.45609
2.1068616	320.79373
2.107424	301.65591
2.1079865	306.70734
2.1085489	305.41434
2.1091113	289.78983
2.1096737	285.26859
2.1102362	290.94373
2.1107986	290.99139
2.111361	280.08173
2.1119235	254.18877
2.1124859	251.01244
2.1130483	255.56049
2.1136107	259.3461
2.1141732	257.43665
2.1147356	245.82347
2.115298	238.29741
2.1158605	231.4693
2.1164229	230.05298
2.1169853	228.10977
2.1175478	220.45726
2.1181102	209.73505
2.1186726	202.23558
2.119235	204.47871
2.1197975	202.8299
2.1203599	206.12614
2.1209223	209.32501
2.1214848	177.21019
2.1220472	184.68327
2.1226096	185.31596
2.123172	186.02803
2.1237345	180.47514
2.1242969	169.37788
2.1248593	175.98511
2.1254218	161.08092
2.1259842	167.18941
2.1265466	168.13219
2.1271091	165.24088
2.1276715	166.22377
2.1282339	155.48978
2.1287963	145.5471
2.1293588	141.16185
2.1299212	138.68829
2.1304836	138.04521
2.1310461	141.59441
2.1316085	147.35609
2.1321709	137.03712
2.1327333	125.8073
2.1332958	124.87669
2.1338582	132.60712
2.1344206	130.87735
2.1349831	125.13369
2.1355455	129.26671
2.1361079	136.30269
2.1366704	131.7852
2.1372328	112.08845
2.1377952	126.82198
2.1383576	122.73389
2.1389201	124.98846
2.1394825	121.42258
2.1400449	111.61079
2.1406074	113.98016
2.1411698	113.16446
2.1417322	107.14287
2.1422946	101.67197
2.1428571	101.80081
2.1434195	108.52847
2.1439819	104.45982
2.1445444	96.068794
2.1451068	94.601173
2.1456692	97.730461
2.1462317	100.68382
2.1467941	99.06028
2.1473565	98.219452
2.1479189	93.862984
2.1484814	92.604965
2.1490438	91.833229
2.1496062	80.285133
2.1501687	91.60704
2.1507311	94.637566
2.1512935	94.108627
2.1518559	91.986427
2.1524184	88.63607
2.1529808	83.797096
2.1535432	78.28447
2.1541057	80.794876
2.1546681	86.284889
2.1552305	86.458893
2.155793	81.631462
2.1563554	85.193108
2.1569178	85.491905
2.1574802	84.306137
2.1580427	84.345848
2.1586051	79.529915
2.1591675	76.145576
2.15973	79.120735
2.1602924	80.786064
2.1608548	75.062279
2.1614172	68.65847
2.1619797	75.176796
2.1625421	78.517258
2.1631045	76.78569
2.163667	70.736
2.1642294	61.951637
2.1647918	70.247467
2.1653543	74
2.1659167	73.69455
2.1664791	73
2.1670415	73
2.167604	75.082748
2.1681664	70.12558
2.1687288	65.707115
2.1692913	70
2.1698537	70
2.1704161	74.66774
2.1709785	68.257339
2.171541	58.506355
2.1721034	59.908386
2.1726658	58.324631
2.1732283	64.922844
2.1737907	64.794632
2.1743531	59.211281
2.1749156	59.99268
2.175478	56.832596
2.1760404	58.906437
2.1766028	64.703911
2.1771653	68.770531
2.1777277	57.732426
2.1782901	62.883064
2.1788526	67.091423
2.179415	67.450356
2.1799774	63.228069
2.1805398	56.937393
2.1811023	60.680996
2.1816647	66.179543
2.1822271	70.717804
2.1827896	72.691071
2.183352	62.495918
2.1839144	58.224434
2.1844769	61.128601
2.1850393	67.36631
2.1856017	64.23558
2.1861641	54.597027
2.1867266	52.5154
2.187289	53.713509
2.1878514	53.134674
2.1884139	54.695892
2.1889763	55.628136
2.1895387	57.223484
2.1901011	59.935741
2.1906636	63.832344
2.191226	58.041569
2.1917884	52.339542
2.1923509	50.202641
2.1929133	53
2.1934757	53
2.1940382	58.050362
2.1946006	58.147236
2.195163	54.734154
2.1957254	57.835045
2.1962879	58
2.1968503	59.524143
2.1974127	57.895489
2.1979752	50.111778
2.1985376	51.658157
2.1991	55.612419
2.1996624	59.123913
2.2002249	60.413124
2.2007873	57.326439
2.2013497	50.791466
2.2019122	52.608047
2.2024746	55.918144
2.203037	49.020668
2.2035995	59.795883
2.2041619	58.134457
2.2047243	52.141682
2.2052867	48.70491
2.2058492	55.618298
2.2064116	56.385773
2.206974	52.566383
2.2075365	48.186962
2.2080989	54.320213
2.2086613	50.912563
2.2092237	50.340893
2.2097862	52.212307
2.2103486	52.977467
2.210911	54.483826
2.2114735	52.975319
2.2120359	52.620472
2.2125983	57
2.2131608	57
2.2137232	57.559185
2.2142856	55.105957
2.214848	49.333832
2.2154105	52.379669
2.2159729	54.211971
2.2165353	55
2.2170978	53.347542
2.2176602	43.467705
2.2182226	46.526695
2.218785	51.028236
2.2193475	54.328335
2.2199099	55.845375
2.2204723	53.276909
2.2210348	47.616165
2.2215972	42.782246
2.2221596	45.809517
2.2227221	47.417484
2.2232845	49.394333
2.2238469	51.881939
2.2244093	54.903389
2.2249718	52.077957
2.2255342	50.030014
2.2260966	48.521675
2.2266591	47.014324
2.2272215	45.507454
2.2277839	48.495708
2.2283463	50.235874
2.2289088	45.036098
2.2294712	51.804035
2.2300336	48.419155
2.2305961	44.291924
2.2311585	48.056446
2.2317209	52.556923
2.2322834	46.358921
2.2328458	41.848999
2.2334082	49.951271
2.2339706	45.459358
2.2345331	46.020416
2.2350955	49.012802
2.2356579	51.998859
2.2362204	51.251865
2.2367828	50.01038
2.2373452	47.310696
2.2379076	42.08506
2.2384701	47.867516
2.2390325	43.776737
2.2395949	37.671028
2.2401574	39.90493
2.2407198	46.412449
2.2412822	50.824909
2.2418447	50.404057
2.2424071	40.739063
2.2429695	49.600433
2.2435319	51.859997
2.2440944	46.620682
2.2446568	36.238407
2.2452192	44.790844
2.2457817	50.3936
2.2463441	51.268353
2.2469065	52.748741
2.2474689	51.158035
2.2480314	51.059795
2.2485938	52.354298
2.2491562	47.184288
2.2497187	46
2.2502813	44.772198
2.2508438	42.044559
2.2514062	42.781517
2.2519686	41.963703
2.2525311	44.563942
2.2530935	54.871689
2.2536559	58.630978
2.2542183	55.847389
2.2547808	49.036007
2.2553432	41.689381
2.2559056	43.660412
2.2564681	46.196495
2.2570305	47.470921
2.2575929	44.538662
2.2581553	46.990131
2.2587178	46.686989
2.2592802	42.625263
2.2598426	49.939999
2.2604051	50.424557
2.2609675	49.512016
2.2615299	50.973148
2.2620924	53.150097
2.2626548	50.875206
2.2632172	46.648434
2.2637796	45.19001
2.2643421	53.867931
2.2649045	57.915131
2.2654669	56.268967
2.2660294	58.451881
2.2665918	63.355412
2.2671542	69.712242
2.2677166	76.977409
2.2682791	78.447624
2.2688415	80.798424
2.2694039	85.450943
2.2699664	95.600304
2.2705288	100.12296
2.2710912	100.95366
2.2716537	100.30679
2.2722161	113.33195
2.2727785	111.28527
2.2733409	104.54515
2.2739034	100.21008
2.2744658	100.68708
2.2750282	98.547371
2.2755907	95.390419
2.2761531	97.553978
2.2767155	87.704231
2.2772779	79.707664
2.2778404	78.950363
2.2784028	76.072655
2.2789652	69.135376
2.2795277	61.31929
2.2800901	58.445087
2.2806525	58
2.281215	56.701923
2.2817774	54.084312
2.2823398	55.518356
2.2829022	58.379555
2.2834647	60.422859
2.2840271	58.274406
2.2845895	56.751774
2.285152	56.339512
2.2857144	57.164177
2.2862768	59.307423
2.2868392	59.03347
2.2874017	57.802872
2.2879641	57.089317
2.2885265	56.375957
2.289089	54.989086
2.2896514	53.790649
2.2902138	65.18335
2.2907763	59.535648
2.2913387	50.108658
2.2919011	54.377052
2.2924635	60.46159
2.293026	62.414024
2.2935884	59.027287
2.2941508	59.736759
2.2947133	58.661705
2.2952757	57
2.2958381	57
2.2964005	52.424423
2.296963	50.679585
2.2975254	54.927486
2.2980878	57.780254
2.2986503	57.39217
2.2992127	54.89143
2.2997751	54.185352
2.3003376	59.204121
2.3009	61.062904
2.3014624	51.894882
2.3020248	59.904202
2.3025873	62.956879
2.3031497	59.223366
2.3037121	62.742161
2.3042746	66.258934
2.304837	68.845177
2.3053994	68.142464
2.3059618	75.836456
2.3065243	79.382477
2.3070867	72.363724
2.3076491	72.664909
2.3082116	75.927521
2.308774	80.799858
2.3093364	78.699234
2.3098989	78
2.3104613	77.666412
2.3110237	76.268074
2.3115861	77.694397
2.3121486	79.790199
2.312711	81.885231
2.3132734	69.46582
2.3138359	66.573059
2.3143983	72.181236
2.3149607	61.72776
2.3155231	61.583874
2.3160856	66.288361
2.316648	67.680099
2.3172104	71.213631
2.3177729	74.923447
2.3183353	77.702827
2.3188977	73.038498
2.3194602	69.056686
2.3200226	67.143768
2.320585	78.928375
2.3211474	84.394768
2.3217099	85.175446
2.3222723	86.560646
2.3228347	94.557938
2.3233972	101.52299
2.3239596	95.298706
2.324522	105.48289
2.3250844	123.07989
2.3256469	146.5594
2.3262093	169.40222
2.3267717	208.18314
2.3273342	266.79614
2.3278966	261.50589
2.328459	280.40283
2.3290215	319.5105
2.3295839	357.35913
2.3301463	364.40363
2.3307087	361.85287
2.3312712	393.46198
2.3318336	442.08859
2.332396	472.24725
2.3329585	436.5672
2.3335209	354.48438
2.3340833	266.11484
2.3346457	185.26611
2.3352082	140.72977
2.3357706	107.8255
2.336333	84.563889
2.3368955	79.329651
2.3374579	77
2.3380203	76.729507
2.3385828	71.267273
2.3391452	70.995689
2.3397076	73.511429
2.34027	69.42186
2.3408325	74.221062
2.3413949	84.007858
2.3419573	94.900795
2.3425198	91.671257
2.3430822	87.339371
2.3436446	96.856956
2.344207	97.947098
2.3447695	98.233887
2.3453319	102.30582
2.3458943	98.496353
2.3464568	98.86132
2.3470192	109.7073
2.3475816	123.52789
2.3481441	141.30577
2.3487065	164.32042
2.3492689	203.00137
2.3498313	238.04967
2.3503938	267.12305
2.3509562	304.68942
2.3515186	334.57373
2.3520811	356.14554
2.3526435	374.35916
2.3532059	401.06641
2.3537683	436.314
2.3543308	491.5347
2.3548932	494.25238
2.3554556	453.37906
2.3560181	388.82257
2.3565805	327.81342
2.3571429	272.785
2.3577054	249.9538
2.3582678	224.67827
2.3588302	198.93904
2.3593926	181.50468
2.3599551	167.85571
2.3605175	157.27592
2.3610799	151.91913
2.3616424	137.97493
2.3622048	123.08493
2.3627672	130.44218
2.3633296	125.15305
2.3638921	115.41662
2.3644545	118.08819
2.3650169	113.72517
2.3655794	107
2.3661418	107
2.3667042	108.76144
2.3672667	109.50639
2.3678291	100.18228
2.3683915	99.191658
2.3689539	103.65901
2.3695164	114.29713
2.3700788	113.23605
2.3706412	107.29214
2.3712037	109.28454
2.3717661	106.59867
2.3723285	101.55736
2.3728909	98.241356
2.3734534	104.46239
2.3740158	116.23412
2.3745782	126.82446
2.3751407	118.9756
2.3757031	101.87461
2.3762655	111.13078
2.376828	115.38446
2.3773904	115.63983
2.3779528	110.35947
2.3785152	112.0151
2.3790777	118.45333
2.3796401	103.94858
2.3802025	94.941521
2.380765	91.011551
2.3813274	95.620262
2.3818898	93.545792
2.3824522	84.336082
2.3830147	83.366875
2.3835771	83
2.3841395	83
2.384702	79.981194
2.3852644	78.779755
2.3858268	80.747223
2.3863893	86.141235
2.3869517	87.507591
2.3875141	80.301529
2.3880765	78.463821
2.388639	78.952217
2.3892014	82.222252
2.3897638	77.023499
2.3903263	71.302925
2.3908887	72.609489
2.3914511	68.883461
2.3920135	67.621475
2.392576	89.14402
2.3931384	101.13795
2.3937008	112.62585
2.3942633	168.63748
2.3948257	256.59598
2.3953881	366.87244
2.3959506	398.08307
2.396513	467.48361
2.3970754	576.63043
2.3976378	671.54504
2.3982003	783.53815
2.3987627	921.04382
2.3993251	1058.5496
2.3998876	1193.2343
2.40045	1322.1309
2.4010124	1392.6331
2.4015749	1520.9045
2.4021373	1883.7781
2.4026997	1871.2946
2.4032621	1625.1776
2.4038246	983.57581
2.404387	561.00049
2.4049494	292.02948
2.4055119	151.44385
2.4060743	60.735203
2.4066367	20.118347
2.4071991	14.947899
2.4077616	13
2.408324	13
2.4088864	14.62392
2.4094489	14.893532
2.4100113	11.037905
2.4105737	4.8369889
2.4111362	-0.44220743
2.4116986	2.7673178
2.412261	5.5797553
2.4128234	8
2.4133859	8
2.4139483	8
2.4145107	8
2.4150732	7.4021749
2.4156356	6.2870021
2.416198	4.3691149
2.4167604	5.5479336
2.4173229	6.2259927
2.4178853	3.0338402
2.4184477	6.3142915
2.4190102	11.791682
2.4195726	9.8794956
2.420135	6.5910378
2.4206975	2.1304731
2.4212599	3.2361674
2.4218223	4.7635489
2.4223847	6.6716113
2.4229472	5.9474516
2.4235096	5.1618214
2.424072	5.7969861
2.4246345	6.432034
2.4251969	7
2.4257593	7
2.4263217	5.9948869
2.4268842	4.0934887
2.4274466	5.2046256
2.428009	5.5289621
2.4285715	4.2634034
2.4291339	4.5008087
2.4296963	5
2.4302588	5
2.4308212	3.8096223
2.4313836	2.1134527
2.431946	4.6377983
2.4325085	6.2903032
2.4330709	6.9208837
2.4336333	6.4489779
2.4341958	6.3619041
2.4347582	7.6210456
2.4353206	5.8007069
2.435883	3.0690382
2.4364455	3.6977699
2.4370079	4
2.4375703	4
2.4381328	4.5821228
2.4386952	5.419589
2.4392576	6.6740432
2.4398201	6.0719957
2.4403825	5
2.4409449	5
2.4415073	5.6868596
2.4420698	6.9389834
2.4426322	4.6203117
2.4431946	3
2.4437571	3
2.4443195	4.4090943
2.4448819	5.623127
2.4454443	3.1261687
2.4460068	2.68467
2.4465692	3.931829
2.4471316	4
2.4476941	3.3639994
2.4482565	1.4957302
2.4488189	3.2857549
2.4493814	5.444684
2.4499438	1.0934302
2.4505062	-0.032616183
2.4510686	1.8317157
2.4516311	3.6942623
2.4521935	4.6291075
2.4527559	3.388181
2.4533184	4.2781096
2.4538808	5.9540377
2.4544432	5.3347144
2.4550056	3.5773323
2.4555681	0.48153019
2.4561305	4.1773529
2.4566929	7.1571131
2.4572554	3.4479914
2.4578178	3.5058417
2.4583802	5.9759998
2.4589427	4.7772408
2.4595051	3.543083
2.4600675	2.3099406
2.4606299	4.7688818
2.4611924	7.8444228
2.4617548	6.6132107
2.4623172	5.6911612
2.4628797	5.0758767
2.4634421	3.3826191
2.4640045	2
2.4645669	2
2.4651294	2.3825383
2.4656918	2.996382
2.4662542	3.6100667
2.4668167	4
2.4673791	4
2.4679415	3.101999
2.468504	2.3691261
2.4690664	6.041676
2.4696288	6.8577752
2.4701912	4.4106789
2.4707537	3.4914231
2.4713161	3.1196551
2.4718785	3.7304788
2.472441	4.6820755
2.4730034	5.9027743
2.4735658	2.6330633
2.4741282	0.8541528
2.4746907	3.901958
2.4752531	4.2209001
2.4758155	3.0030367
2.476378	1.1791701
2.4769404	0.4304744
2.4775028	1.6464545
2.4780653	2.4308841
2.4786277	3.0767493
2.4791901	4.2908516
2.4797525	3.7382634
2.480315	0.70456839
2.4808774	1.3960397
2.4814398	3.285701
2.4820023	5.7089176
2.4825647	6.1517706
2.4831271	4.3362231
2.4836895	4
2.484252	3.7070434
2.4848144	1.8938222
2.4853768	3.1436176
2.4859393	7.3712182
2.4865017	4.917665
2.4870641	2.1171122
2.4876266	2.7201288
2.488189	3.6457956
2.4887514	4.8509045
2.4893138	3.417192
2.4898763	2
2.4904387	2
2.4910011	1.6673927
2.4915636	1.0662202
2.492126	2.0693598
2.4926884	2.7291834
2.4932508	1.528674
2.4938133	2.3426464
2.4943757	4.7418342
2.4949381	3.9303052
2.4955006	3
2.496063	3
2.4966254	3
2.4971879	3
2.4977503	3.5283055
2.4983127	4
2.4988751	4
2.4994376	3.6787727
2.5	3.0817082
