1.5	-75.491821
1.5005624	-72.643288
1.5011249	-73.562653
1.5016873	-78.634613
1.5022497	-77.198463
1.5028121	-77.383041
1.5033746	-71.128601
1.503937	-70.842339
1.5044994	-71.412949
1.5050619	-75.145439
1.5056243	-70.278587
1.5061867	-76.568222
1.5067492	-69.938408
1.5073116	-74.760429
1.507874	-70.703613
1.5084364	-69.63591
1.5089989	-66.082848
1.5095613	-71.920837
1.5101237	-69.057091
1.5106862	-65.365005
1.5112486	-62.788555
1.511811	-70.404266
1.5123734	-69.935509
1.5129359	-69.774803
1.5134983	-67.13662
1.5140607	-69.47184
1.5146232	-74.84964
1.5151856	-72.610756
1.515748	-62.218693
1.5163105	-64.097984
1.5168729	-61.593876
1.5174353	-69.542862
1.5179977	-65.463623
1.5185602	-64.458382
1.5191226	-66.902237
1.519685	-62.398705
1.5202475	-66.397072
1.5208099	-71.447548
1.5213723	-58.908318
1.5219347	-56.603642
1.5224972	-57.194611
1.5230596	-57.032597
1.523622	-59.825249
1.5241845	-65.614861
1.5247469	-54.178741
1.5253093	-65.181084
1.5258718	-66.703575
1.5264342	-59.060539
1.5269966	-63.038723
1.527559	-61.286263
1.5281215	-60.732899
1.5286839	-67.263855
1.5292463	-57.625576
1.5298088	-54.834621
1.5303712	-47.926472
1.5309336	-56.702938
1.531496	-53.590252
1.5320585	-57.440445
1.5326209	-57.427525
1.5331833	-53.296207
1.5337458	-59.68911
1.5343082	-56.665714
1.5348706	-56.443134
1.5354331	-49.94455
1.5359955	-52.986042
1.5365579	-48.223412
1.5371203	-43.218372
1.5376828	-45.63517
1.5382452	-49.892151
1.5388076	-54.64299
1.5393701	-53.334312
1.5399325	-59.940041
1.5404949	-46.010296
1.5410573	-48.653183
1.5416198	-45.263355
1.5421822	-50.639709
1.5427446	-50.254471
1.5433071	-44.850636
1.5438695	-41.173248
1.5444319	-46.905872
1.5449944	-49.999599
1.5455568	-50.665867
1.5461192	-51.776405
1.5466816	-45.942093
1.5472441	-40.921951
1.5478065	-43.757782
1.5483689	-40.13517
1.5489314	-42.269184
1.5494938	-37.913708
1.5500562	-40.767048
1.5506186	-43.09412
1.5511811	-39.785748
1.5517435	-36.352093
1.5523059	-41.078724
1.5528684	-37.132339
1.5534308	-41.240063
1.5539932	-36.95874
1.5545557	-39.765697
1.5551181	-31.380987
1.5556805	-30.354109
1.5562429	-32.048874
1.5568054	-35.35128
1.5573678	-38.150002
1.5579302	-33.592522
1.5584927	-30.413126
1.5590551	-36.704277
1.5596175	-27.818499
1.5601799	-35.009014
1.5607424	-26.780771
1.5613048	-24.697016
1.5618672	-28.853922
1.5624297	-29.466906
1.5629921	-33.24902
1.5635545	-32.096478
1.564117	-32.687439
1.5646794	-25.760418
1.5652418	-24.412434
1.5658042	-27.83634
1.5663667	-30.422712
1.5669291	-26.605726
1.5674915	-20.543776
1.568054	-24.127996
1.5686164	-23.940651
1.5691788	-22.718315
1.5697412	-28.682571
1.5703037	-25.204187
1.5708661	-17.25663
1.5714285	-23.375048
1.571991	-14.822375
1.5725534	-12.775736
1.5731158	-17.315371
1.5736783	-13.020923
1.5742407	-26.197826
1.5748031	-10.586086
1.5753655	-9.1095324
1.575928	-15.447384
1.5764904	-12.907132
1.5770528	-10.062985
1.5776153	-17.211683
1.5781777	-19.013296
1.5787401	-13.481322
1.5793025	-13.035697
1.579865	-5.8218684
1.5804274	-12.473083
1.5809898	-6.8619084
1.5815523	-11.224191
1.5821147	-16.520823
1.5826771	-18.878916
1.5832396	-6.6853123
1.583802	-5.3992333
1.5843644	-10.194118
1.5849268	-6.8485904
1.5854893	1.119755
1.5860517	4.4747505
1.5866141	-2.725491
1.5871766	1.6549484
1.587739	4.3992944
1.5883014	-2.4895227
1.5888638	2.9804859
1.5894263	0.44746539
1.5899887	18.300095
1.5905511	6.4013681
1.5911136	13.875305
1.591676	-0.40910354
1.5922384	10.373459
1.5928009	0.27159789
1.5933633	7.4473405
1.5939257	7.821722
1.5944881	18.053373
1.5950506	5.6297355
1.595613	13.566152
1.5961754	9.1376314
1.5967379	25.105747
1.5973003	17.294651
1.5978627	4.7769504
1.5984251	17.369556
1.5989876	26.126314
1.59955	17.770067
1.6001124	8.2516575
1.6006749	16.17074
1.6012373	18.552164
1.6017997	18.95533
1.6023622	29.434258
1.6029246	20.663361
1.603487	24.893364
1.6040494	18.296814
1.6046119	20.223127
1.6051743	15.338652
1.6057367	27.756536
1.6062992	32.791477
1.6068616	18.50037
1.607424	44.753216
1.6079865	25.376415
1.6085489	34.101582
1.6091113	36.96236
1.6096737	31.321848
1.6102362	25.710293
1.6107986	35.108509
1.611361	35.021591
1.6119235	30.949617
1.6124859	28.548746
1.6130483	38.299812
1.6136107	49.16737
1.6141732	34.378311
1.6147356	41.077454
1.615298	50.171959
1.6158605	52.657558
1.6164229	53.764637
1.6169853	44.419456
1.6175478	45.010471
1.6181102	46.347057
1.6186726	53.356663
1.619235	45.01582
1.6197975	57.398899
1.6203599	46.974506
1.6209223	55.958607
1.6214848	49.416164
1.6220472	52.481129
1.6226096	45.476288
1.623172	47.869144
1.6237345	57.076412
1.6242969	55.945404
1.6248593	58.345528
1.6254219	67.157089
1.6259843	58.229317
1.6265467	61.209061
1.6271092	67.392387
1.6276716	59.710953
1.628234	70.735374
1.6287965	77.896675
1.6293589	61.801472
1.6299213	83.852516
1.6304837	75.016312
1.6310462	69.238724
1.6316086	72.646896
1.632171	83.886513
1.6327335	85.823029
1.6332959	70.471581
1.6338583	93.717644
1.6344208	76.808067
1.6349832	101.11539
1.6355456	85.739662
1.636108	102.80864
1.6366705	97.29142
1.6372329	88.808098
1.6377953	87.817162
1.6383578	94.996246
1.6389202	106.9985
1.6394826	91.009239
1.640045	103.73533
1.6406075	99.994682
1.6411699	102.59994
1.6417323	89.563271
1.6422948	102.74972
1.6428572	86.613716
1.6434196	100.38139
1.6439821	108.59531
1.6445445	111.96152
1.6451069	127.16428
1.6456693	121.13442
1.6462318	104.44755
1.6467942	113.52819
1.6473566	114.82309
1.6479191	120.50473
1.6484815	125.89811
1.6490439	128.45955
1.6496063	134.26816
1.6501688	138.00276
1.6507312	123.12212
1.6512936	129.46556
1.6518561	131.16728
1.6524185	127.25479
1.6529809	132.58337
1.6535434	150.03268
1.6541058	136.0184
1.6546682	143.05676
1.6552306	142.46809
1.6557931	144.36656
1.6563555	156.31941
1.6569179	133.54433
1.6574804	142.85004
1.6580428	132.53009
1.6586052	158.6259
1.6591676	148.51616
1.6597301	156.80705
1.6602925	149.4978
1.6608549	148.75937
1.6614174	167.53452
1.6619798	151.10216
1.6625422	154.10277
1.6631047	153.11073
1.6636671	173.38771
1.6642295	156.81502
1.6647919	170.65471
1.6653544	182.87238
1.6659168	186.41934
1.6664792	178.76442
1.6670417	170.37521
1.6676041	178.88708
1.6681665	186.19077
1.6687289	196.47798
1.6692914	193.52943
1.6698538	184.98161
1.6704162	195.84061
1.6709787	191.81313
1.6715411	200.78084
1.6721035	198.89914
1.672666	190.91809
1.6732284	203.22453
1.6737908	208.4857
1.6743532	208.91855
1.6749157	203.27545
1.6754781	215.90446
1.6760405	200.73824
1.676603	219.5679
1.6771654	220.43256
1.6777278	223.98839
1.6782902	231.4194
1.6788527	227.07266
1.6794151	241.58514
1.6799775	227.91852
1.68054	226.98334
1.6811024	247.97742
1.6816648	256.86871
1.6822273	219.30797
1.6827897	247.65923
1.6833521	230.64349
1.6839145	266.30936
1.684477	243.93073
1.6850394	247.11197
1.6856018	245.33488
1.6861643	264.52411
1.6867267	263.63565
1.6872891	270.30518
1.6878515	287.82489
1.688414	280.10297
1.6889764	273.91589
1.6895388	265.97357
1.6901013	287.90967
1.6906637	300.76126
1.6912261	300.81326
1.6917886	286.89365
1.692351	284.8685
1.6929134	318.16925
1.6934758	296.49747
1.6940383	303.75739
1.6946007	308.97437
1.6951631	314.16287
1.6957256	323.11023
1.696288	314.05035
1.6968504	317.03445
1.6974128	309.19043
1.6979753	319.72552
1.6985377	331.30176
1.6991001	329.92776
1.6996626	307.86703
1.700225	335.61368
1.7007874	328.72141
1.7013499	326.117
1.7019123	318.20981
1.7024747	341.95502
1.7030371	330.39685
1.7035996	348.93872
1.704162	365.85245
1.7047244	357.61844
1.7052869	342.64349
1.7058493	357.79465
1.7064117	357.51782
1.7069741	382.0553
1.7075366	405.94812
1.708099	394.43005
1.7086614	396.97098
1.7092239	394.60703
1.7097863	406.21207
1.7103487	405.00354
1.7109112	396.4783
1.7114736	406.14871
1.712036	408.58966
1.7125984	406.65622
1.7131609	411.89581
1.7137233	419.91833
1.7142857	406.85635
1.7148482	414.34671
1.7154106	409.69775
1.715973	432.91025
1.7165354	413.23724
1.7170979	419.59094
1.7176603	448.59546
1.7182227	465.11523
1.7187852	458.0481
1.7193476	464.272
1.71991	452.32797
1.7204725	439.32474
1.7210349	461.99484
1.7215973	490.99463
1.7221597	494.03049
1.7227222	484.49756
1.7232846	500.16888
1.723847	493.85956
1.7244095	492.17462
1.7249719	492.01343
1.7255343	518.92371
1.7260967	514.49219
1.7266592	525.25024
1.7272216	535.40833
1.727784	519.83875
1.7283465	565.31305
1.7289089	549.24597
1.7294713	561.54077
1.7300338	585.82764
1.7305962	583.40314
1.7311586	594.51978
1.731721	578.56934
1.7322835	580.51617
1.7328459	581.72174
1.7334083	606.92712
1.7339708	597.27325
1.7345332	585.06427
1.7350956	600.46747
1.735658	612.43982
1.7362205	621.48627
1.7367829	596.86829
1.7373453	623.27063
1.7379078	622.18542
1.7384702	608.05579
1.7390326	619.07007
1.7395951	602.06665
1.7401575	633.5509
1.7407199	638.66016
1.7412823	648.50574
1.7418448	629.75677
1.7424072	679.21625
1.7429696	693.08203
1.7435321	679.67194
1.7440945	713.88525
1.7446569	692.3194
1.7452193	719.37268
1.7457818	728.85132
1.7463442	759.06299
1.7469066	732.96936
1.7474691	765.68176
1.7480315	770.16022
1.7485939	764.52325
1.7491564	772.0885
1.7497188	780.93323
1.7502812	807.83887
1.7508436	815.72125
1.7514061	826.04962
1.7519685	841.05756
1.7525309	839.27795
1.7530934	843.67444
1.7536558	828.57623
1.7542182	860.36133
1.7547807	900.77917
1.7553431	901.62244
1.7559055	899.71881
1.7564679	901.49158
1.7570304	944.72992
1.7575928	958.73059
1.7581552	945.92786
1.7587177	937.84949
1.7592801	937.29791
1.7598425	920.07031
1.7604049	936.65674
1.7609674	941.81836
1.7615298	971.36096
1.7620922	966.14172
1.7626547	992.3501
1.7632171	995.14728
1.7637795	1003.7154
1.764342	1007.492
1.7649044	1038.5721
1.7654668	1038.5571
1.7660292	1036.9673
1.7665917	1058.8956
1.7671541	1058.3007
1.7677165	1075.8647
1.768279	1092.1318
1.7688414	1100.4949
1.7694038	1131.3915
1.7699662	1118.1489
1.7705287	1142.9269
1.7710911	1179.1464
1.7716535	1173.9324
1.772216	1147.2041
1.7727784	1161.66
1.7733408	1207.432
1.7739033	1208.8447
1.7744657	1223.8362
1.7750281	1242.4291
1.7755905	1258.0986
1.776153	1274.1605
1.7767154	1292.5618
1.7772778	1282.9348
1.7778403	1285.6332
1.7784027	1324.8578
1.7789651	1332.9707
1.7795275	1375.2961
1.78009	1368.4005
1.7806524	1400.3093
1.7812148	1411.2437
1.7817773	1382.7965
1.7823397	1409.3688
1.7829021	1447.344
1.7834646	1456.7262
1.784027	1485.249
1.7845894	1481.0878
1.7851518	1492.7108
1.7857143	1528.2316
1.7862767	1561.806
1.7868391	1571.6855
1.7874016	1566.6185
1.787964	1590.718
1.7885264	1599.9731
1.7890888	1597.9258
1.7896513	1590.751
1.7902137	1648.1732
1.7907761	1654.7657
1.7913386	1670.1418
1.791901	1720.5427
1.7924634	1689.5166
1.7930259	1735.3301
1.7935883	1798.5024
1.7941507	1843.4817
1.7947131	1961.0651
1.7952756	1822.6906
1.795838	1833.8184
1.7964004	1874.1248
1.7969629	1981.5898
1.7975253	1843.4817
1.7980877	2316.1257
1.7986501	1964.8612
1.7992126	1980.9769
1.799775	2007.5983
1.8003374	2050.6938
1.8008999	2080.4001
1.8014623	2102.1824
1.8020247	2148.5281
1.8025872	2148.4175
1.8031496	2194.3672
1.803712	2237.126
1.8042744	2237.5073
1.8048369	2279.6367
1.8053993	2249.4812
1.8059617	2295.0378
1.8065242	2294.9563
1.8070866	2354.9221
1.807649	2328.9084
1.8082114	2383.9021
1.8087739	2383.2439
1.8093363	2380.2065
1.8098987	2380.4417
1.8104612	2380.9802
1.8110236	2395.8584
1.811586	2454.98
1.8121485	2483.3647
1.8127109	2553.1592
1.8132733	2558.3469
1.8138357	2570.8508
1.8143982	2590.4746
1.8149606	2631.9331
1.815523	2639.8381
1.8160855	2659.3499
1.8166479	2687.0027
1.8172103	2781.199
1.8177727	2853.5562
1.8183352	2877.1873
1.8188976	2949.7009
1.81946	2966.03
1.8200225	3019.7092
1.8205849	3055.6084
1.8211473	3080.6199
1.8217098	3194.8506
1.8222722	3228.8208
1.8228346	3235.3186
1.823397	3300.5903
1.8239595	3334.4219
1.8245219	3428.1301
1.8250843	3485.4565
1.8256468	3511.0256
1.8262092	3514.5869
1.8267716	3595.5854
1.827334	3584.2791
1.8278965	3587.9087
1.8284589	3654.585
1.8290213	3720.1008
1.8295838	3791.0227
1.8301462	3800.936
1.8307086	3854.6523
1.8312711	3912.998
1.8318335	3942.9912
1.8323959	3957.3145
1.8329583	3986.8586
1.8335208	4017.5442
1.8340832	4087.3354
1.8346456	4092.5659
1.8352081	4153.6597
1.8357705	4226.8052
1.8363329	4301.0234
1.8368953	4356.5527
1.8374578	4396.3564
1.8380202	4459.7622
1.8385826	4562.8013
1.8391451	4651.8672
1.8397075	4698.8564
1.8402699	4777.8491
1.8408324	4856.4097
1.8413948	4968.9307
1.8419572	5010.2007
1.8425196	5083.5347
1.8430821	5184.9434
1.8436445	5291.667
1.8442069	5343.4575
1.8447694	5463.9893
1.8453318	5498.1279
1.8458942	5578.333
1.8464566	5566.5249
1.8470191	5722.0669
1.8475815	5807.8188
1.8481439	5882.9814
1.8487064	5883.2993
1.8492688	6009.1992
1.8498312	6097.1924
1.8503937	6157.5146
1.8509561	6244.8569
1.8515185	6287.8477
1.8520809	6360.3115
1.8526434	6388.3677
1.8532058	6469.1265
1.8537682	6600.0776
1.8543307	6704.5684
1.8548931	6789.3535
1.8554555	6862.9038
1.8560179	6921.1001
1.8565804	7038.4722
1.8571428	7113.5693
1.8577052	7254.9907
1.8582677	7238.5454
1.8588301	7406.8428
1.8593925	7528.3647
1.859955	7589.1631
1.8605174	7703.957
1.8610798	7851.7959
1.8616422	7981.2632
1.8622047	8154.9351
1.8627671	8276.7734
1.8633295	8485.0908
1.863892	8562.4668
1.8644544	8605.3691
1.8650168	8817.6885
1.8655792	8987.8008
1.8661417	9178.3174
1.8667041	9342.3447
1.8672665	9477.0039
1.867829	9663.3613
1.8683914	9795.6504
1.8689538	9936.7725
1.8695163	10062.889
1.8700787	10254.959
1.8706411	10440.916
1.8712035	10565.3
1.871766	10777.211
1.8723284	10946.774
1.8728908	11031.577
1.8734533	11171.563
1.8740157	11290.554
1.8745781	11506.837
1.8751407	11690.249
1.8757031	11834.514
1.8762655	12001.836
1.876828	12126.883
1.8773904	12254.246
1.8779528	12525.103
1.8785152	12713.025
1.8790777	12897.818
1.8796401	13184.459
1.8802025	13351.872
1.880765	13612.091
1.8813274	13888.885
1.8818898	14071.412
1.8824522	14322.971
1.8830147	14633.185
1.8835771	14855.127
1.8841395	15172.38
1.884702	15472.361
1.8852644	15756.755
1.8858268	16010.516
1.8863893	16309.551
1.8869517	16631.814
1.8875141	16990.176
1.8880765	17325.074
1.888639	17558.834
1.8892014	18036.574
1.8897638	18094.574
1.8903263	18512.943
1.8908887	18742.99
1.8914511	19124.469
1.8920135	19307.477
1.892576	19675.541
1.8931384	19923.84
1.8937008	20210.389
1.8942633	20536.375
1.8948257	20721.752
1.8953881	20925.926
1.8959506	21213.172
1.896513	21411.877
1.8970754	21679.346
1.8976378	21920.381
1.8982003	22242.869
1.8987627	22517.703
1.8993251	22877.07
1.8998876	23235.477
1.90045	23215.889
1.9010124	23817.689
1.9015749	24152.668
1.9021373	24361.594
1.9026997	24726.762
1.9032621	25129.273
1.9038246	25495.807
1.904387	25901.99
1.9049494	26360.258
1.9055119	26561.43
1.9060743	27111.836
1.9066367	27584.35
1.9071991	27910.168
1.9077616	28404.092
1.908324	28932.533
1.9088864	29299.148
1.9094489	29675.594
1.9100113	30027.914
1.9105737	30388.676
1.9111362	30782.863
1.9116986	31092.619
1.912261	31272.756
1.9128234	31503.514
1.9133859	31862.529
1.9139483	31949.361
1.9145107	32222.916
1.9150732	32599.051
1.9156356	32714.076
1.916198	33040.637
1.9167604	33122.008
1.9173229	33149.965
1.9178853	33296.715
1.9184477	33490.719
1.9190102	33735.48
1.9195726	34074.496
1.920135	34377.797
1.9206975	34627.539
1.9212599	34898.297
1.9218223	34868.305
1.9223847	35377.258
1.9229472	35431.063
1.9235096	35924.477
1.924072	35951.93
1.9246345	36417.563
1.9251969	36598.023
1.9257593	37161.625
1.9263217	37424.465
1.9268842	37687.074
1.9274466	37966.402
1.928009	38497.219
1.9285715	38713.008
1.9291339	38839.234
1.9296963	38793.707
1.9302588	39107.355
1.9308212	39181.805
1.9313836	38968.816
1.931946	39253.105
1.9325085	39253.59
1.9330709	38991.5
1.9336333	38928.535
1.9341958	38919.066
1.9347582	38829.813
1.9353206	38766.414
1.935883	38592.07
1.9364455	38174.633
1.9370079	37853.66
1.9375703	37703.133
1.9381328	37310.953
1.9386952	37453.441
1.9392576	37063.664
1.9398201	36849.707
1.9403825	36766.953
1.9409449	36641.594
1.9415073	36423.41
1.9420698	36299.383
1.9426322	36098.059
1.9431946	35843.234
1.9437571	35748.676
1.9443195	35588.023
1.9448819	35390.375
1.9454443	35400.52
1.9460068	35452.078
1.9465692	35000.504
1.9471316	35016.105
1.9476941	35143.234
1.9482565	34568.816
1.9488189	34469.086
1.9493814	34117.992
1.9499438	33993.422
1.9505062	33226.641
1.9510686	33218.457
1.9516311	32843.488
1.9521935	32191.545
1.9527559	31714.051
1.9533184	31187.631
1.9538808	30794.314
1.9544432	30547.469
1.9550056	29790.385
1.9555681	29354.686
1.9561305	28801.416
1.9566929	28343.092
1.9572554	27770.676
1.9578178	27339.854
1.9583802	26747.465
1.9589427	26431.195
1.9595051	25958.246
1.9600675	25544.373
1.9606299	25046.029
1.9611924	24743.293
1.9617548	24403.803
1.9623172	24120.379
1.9628797	23874.609
1.9634421	23524.074
1.9640045	23240.863
1.9645669	22897.539
1.9651294	22659.674
1.9656918	22514.828
1.9662542	22078.824
1.9668167	21766.217
1.9673791	21564.549
1.9679415	21146.834
1.968504	20922.984
1.9690664	20751.619
1.9696288	20443.746
1.9701912	20150.072
1.9707537	19641.936
1.9713161	19326.967
1.9718785	19031.008
1.972441	18697.082
1.9730034	18365.645
1.9735658	17956.365
1.9741282	17645.816
1.9746907	17240.891
1.9752531	16949.336
1.9758155	16655.348
1.976378	16248.157
1.9769404	15923.554
1.9775028	15704.389
1.9780653	15394.585
1.9786277	14911.415
1.9791901	14552.427
1.9797525	14348.392
1.980315	14030.635
1.9808774	13685.998
1.9814398	13384.859
1.9820023	13013.722
1.9825647	12772.821
1.9831271	12648.626
1.9836895	12350.328
1.984252	12053.605
1.9848144	11916.426
1.9853768	11598.914
1.9859393	11342.602
1.9865017	11233.745
1.9870641	11016.609
1.9876266	10831.599
1.988189	10619.702
1.9887514	10417.107
1.9893138	10285.642
1.9898763	10081.16
1.9904387	9889.6943
1.9910011	9738.002
1.9915636	9543.1182
1.992126	9354.7012
1.9926884	9143.4326
1.9932508	8934.5645
1.9938133	8848.0977
1.9943757	8716.8154
1.9949381	8623.5801
1.9955006	8387.3984
1.996063	8278.6924
1.9966254	8029.2764
1.9971879	7858.6201
1.9977503	7708.1528
1.9983127	7614.0107
1.9988751	7585.2969
1.9994376	7419.4072
2	7231.5117
2.0005624	7101.6216
2.0011249	6949.7207
2.0016873	6791.3809
2.0022497	6627.9512
2.0028121	6524.3384
2.0033746	6380.1904
2.003937	6324.5034
2.0044994	6227.5713
2.0050619	6112.6851
2.0056243	5930.8647
2.0061867	5726.564
2.0067492	5716.4766
2.0073116	5616.9946
2.007874	5458.3105
2.0084364	5343.0493
2.0089989	5204.1826
2.0095613	5052.2822
2.0101237	4991.9297
2.0106862	4914.5356
2.0112486	4811.292
2.011811	4793.9556
2.0123734	4699.5952
2.0129359	4633.7593
2.0134983	4562.5698
2.0140607	4494.9619
2.0146232	4391.562
2.0151856	4321.2217
2.015748	4275.2905
2.0163105	4208.5991
2.0168729	4154.6924
2.0174353	4134.4194
2.0179977	4062.8884
2.0185602	4011.584
2.0191226	4024.8279
2.019685	4018.4001
2.0202475	3909.5879
2.0208099	3854.6726
2.0213723	3787.7615
2.0219347	3764.8315
2.0224972	3733.8865
2.0230596	3670.106
2.023622	3600.3599
2.0241845	3550.2188
2.0247469	3538.3452
2.0253093	3522.2874
2.0258718	3440.1643
2.0264342	3361.7437
2.0269966	3364.9976
2.027559	3311.9175
2.0281215	3279.9048
2.0286839	3221.0518
2.0292463	3165.3503
2.0298088	3143.7849
2.0303712	3109.303
2.0309336	3039.8027
2.031496	3027.0288
2.0320585	2993.3289
2.0326209	2950.7349
2.0331833	2948.6531
2.0337458	2875.0566
2.0343082	2860.1021
2.0348706	2807.4609
2.0354331	2762.3433
2.0359955	2802.4883
2.0365579	2840.5767
2.0371203	2760.6025
2.0376828	2717.0398
2.0382452	2669.2649
2.0388076	2679.0125
2.0393701	2699.9614
2.0399325	2651.3577
2.0404949	2600.6956
2.0410573	2595.324
2.0416198	2612.1292
2.0421822	2596.5471
2.0427446	2537.6506
2.0433071	2532.5479
2.0438695	2580.9468
2.0444319	2573.0918
2.0449944	2532.0615
2.0455568	2484.0159
2.0461192	2465.5713
2.0466816	2475.3542
2.0472441	2465.2346
2.0478065	2413.5332
2.0483689	2401.5376
2.0489314	2415.8076
2.0494938	2407.2051
2.0500562	2399.0659
2.0506186	2373.2192
2.0511811	2320.2681
2.0517435	2274.6814
2.0523059	2244.2
2.0528684	2222.6895
2.0534308	2254.9458
2.0539932	2262.9365
2.0545557	2199.6563
2.0551181	2196.3623
2.0556805	2220.167
2.0562429	2187.3948
2.0568054	2142.2437
2.0573678	2143.427
2.0579302	2163.3765
2.0584927	2148.4453
2.0590551	2153.7444
2.0596175	2130.4812
2.0601799	2105.7854
2.0607424	2123.3416
2.0613048	2109.4829
2.0618672	2066.7798
2.0624297	2054.8811
2.0629921	2077.3599
2.0635545	2107.6802
2.064117	2033.879
2.0646794	2031.6069
2.0652418	2022.5117
2.0658042	2014.9694
2.0663667	2008.5122
2.0669291	1994.6382
2.0674915	1981.8688
2.068054	1991.7029
2.0686164	1933.1213
2.0691788	1947.5057
2.0697412	1943.7328
2.0703037	1931.819
2.0708661	1925.224
2.0714285	1905.255
2.071991	1858.2177
2.0725534	1898.8907
2.0731158	1871.0149
2.0736783	1888.6002
2.0742407	1894.77
2.0748031	1864.9338
2.0753655	1820.2258
2.075928	1814.5061
2.0764904	1879.3169
2.0770528	1843.7454
2.0776153	1816.4429
2.0781777	1856.6145
2.0787401	1836.8846
2.0793025	1844.733
2.079865	1886.33
2.0804274	1856.6819
2.0809898	1866.1211
2.0815523	1872.1676
2.0821147	1855.136
2.0826771	1849
2.0832396	1846.6531
2.083802	1827.438
2.0843644	1799.7751
2.0849268	1822.7109
2.0854893	1802.0632
2.0860517	1804.6444
2.0866141	1837.0471
2.0871766	1825.9449
2.087739	1785.473
2.0883014	1764.1173
2.0888638	1754.6564
2.0894263	1724.6545
2.0899887	1695.4534
2.0905511	1726.2136
2.0911136	1717.9473
2.091676	1688.0442
2.0922384	1684.318
2.0928009	1662.917
2.0933633	1676.5824
2.0939257	1656.5818
2.0944881	1658.6484
2.0950506	1668.7029
2.095613	1668.842
2.0961754	1661.8212
2.0967379	1680.4749
2.0973003	1696.6382
2.0978627	1692.4672
2.0984251	1657.7693
2.0989876	1643.3472
2.09955	1653.8092
2.1001124	1647.3884
2.1006749	1643.1486
2.1012373	1643.8176
2.1017997	1617.4199
2.1023622	1611.1548
2.1029246	1624.4301
2.103487	1631.5361
2.1040494	1611.0186
2.1046119	1558.6526
2.1051743	1554.2112
2.1057367	1550.3542
2.1062992	1533.4324
2.1068616	1515.5338
2.107424	1515.5789
2.1079865	1504.6342
2.1085489	1523.0281
2.1091113	1480.4683
2.1096737	1458.6914
2.1102362	1453.6754
2.1107986	1429.4635
2.111361	1431.9812
2.1119235	1403.6909
2.1124859	1400.0125
2.1130483	1388.2841
2.1136107	1393.3054
2.1141732	1410.4368
2.1147356	1342.2357
2.115298	1394.9182
2.1158605	1374.9637
2.1164229	1364.106
2.1169853	1380.8126
2.1175478	1400.3497
2.1181102	1371.4397
2.1186726	1327.2761
2.119235	1337.3936
2.1197975	1339.7166
2.1203599	1327.072
2.1209223	1315.4944
2.1214848	1326.8643
2.1220472	1357.5868
2.1226096	1335.6385
2.123172	1322.486
2.1237345	1300.0216
2.1242969	1262.3059
2.1248593	1282.9678
2.1254218	1250.6753
2.1259842	1243.3436
2.1265466	1244.4504
2.1271091	1237.9343
2.1276715	1222.4594
2.1282339	1237.3218
2.1287963	1204.9149
2.1293588	1192.3237
2.1299212	1180.8181
2.1304836	1171.3517
2.1310461	1174.943
2.1316085	1145.3115
2.1321709	1142
2.1327333	1150.8525
2.1332958	1141.1191
2.1338582	1115.9467
2.1344206	1128.6133
2.1349831	1157.3315
2.1355455	1129.4248
2.1361079	1135.4258
2.1366704	1152.9742
2.1372328	1133.0718
2.1377952	1126.5236
2.1383576	1094.4034
2.1389201	1090.2676
2.1394825	1106.2203
2.1400449	1120.946
2.1406074	1107.1346
2.1411698	1030.4589
2.1417322	1050.7936
2.1422946	1045.3229
2.1428571	1018.6805
2.1434195	1023.9431
2.1439819	1032.0803
2.1445444	992.62292
2.1451068	982.87097
2.1456692	995.61407
2.1462317	998.14343
2.1467941	937.26074
2.1473565	952.9527
2.1479189	965.68304
2.1484814	957.35791
2.1490438	924.54407
2.1496062	878.85541
2.1501687	912.82117
2.1507311	925.10052
2.1512935	929.78284
2.1518559	930.98645
2.1524184	925.99841
2.1529808	899.38403
2.1535432	888.26355
2.1541057	867.25897
2.1546681	848.56976
2.1552305	849.54907
2.155793	845.52625
2.1563554	838.01147
2.1569178	836.00537
2.1574802	838.5307
2.1580427	839.60144
2.1586051	821.94305
2.1591675	820
2.15973	809.69818
2.1602924	809.80457
2.1608548	826.42859
2.1614172	795.21002
2.1619797	789.12927
2.1625421	794.72443
2.1631045	803.21429
2.163667	806.85089
2.1642294	798.86511
2.1647918	778.7937
2.1653543	766.93121
2.1659167	766.35999
2.1664791	774.40845
2.1670415	777.59412
2.167604	735.65076
2.1681664	720.91626
2.1687288	721.01678
2.1692913	713.69452
2.1698537	740.6908
2.1704161	722.32813
2.1709785	702.25739
2.171541	688.96185
2.1721034	680.36646
2.1726658	686.70154
2.1732283	682.96521
2.1737907	672.43036
2.1743531	666.01434
2.1749156	680.87738
2.175478	627.94604
2.1760404	629.11346
2.1766028	639.62964
2.1771653	639
2.1777277	639
2.1782901	620.61542
2.1788526	630.2085
2.179415	642.52057
2.1799774	635.26312
2.1805398	621.10913
2.1811023	641.73627
2.1816647	638.91913
2.1822271	626.54608
2.1827896	640.26331
2.183352	615.95178
2.1839144	605.26514
2.1844769	606.50391
2.1850393	614.15845
2.1856017	614.9411
2.1861641	608.49023
2.1867266	589.33063
2.187289	577.29736
2.1878514	587.12463
2.1884139	576.97668
2.1889763	588.81909
2.1895387	584.76514
2.1901011	570.74298
2.1906636	586.32941
2.191226	557.20782
2.1917884	528.1748
2.1923509	532.0462
2.1929133	577.49451
2.1934757	542.52905
2.1940382	540.41907
2.1946006	543
2.195163	543
2.1957254	543
2.1962879	567.93903
2.1968503	556.17004
2.1974127	533.74219
2.1979752	529.17365
2.1985376	545.41058
2.1991	533.94824
2.1996624	522.50146
2.2002249	525.72205
2.2007873	555.81726
2.2013497	523.8183
2.2019122	507.53918
2.2024746	508.61923
2.203037	514.0177
2.2035995	523.2536
2.2041619	515.18768
2.2047243	504.14169
2.2052867	499.92169
2.2058492	499.15353
2.2064116	505.75653
2.206974	489.01678
2.2075365	456.63208
2.2080989	465.06531
2.2086613	480.306
2.2092237	486.55304
2.2097862	477.72003
2.2103486	447.87866
2.210911	450.70956
2.2114735	449.97531
2.2120359	451.51105
2.2125983	461.60278
2.2131608	475.33566
2.2137232	467.81635
2.2142856	467.03897
2.214848	480.49481
2.2154105	448.51349
2.2159729	449.87778
2.2165353	450.2327
2.2170978	438.56796
2.2176602	418.04834
2.2182226	437.63348
2.218785	450.81131
2.2193475	448.88086
2.2199099	434.46893
2.2204723	422.78842
2.2210348	416.24646
2.2215972	414.39111
2.2221596	415.90475
2.2227221	424.50494
2.2232845	437.29553
2.2238469	440.50354
2.2244093	414.8212
2.2249718	426.41867
2.2255342	414.99521
2.2260966	400.63077
2.2266591	408.92117
2.2272215	397.05963
2.2277839	392.50061
2.2283463	392
2.2289088	391.94385
2.2294712	381.41595
2.2300336	389.66904
2.2305961	398.93292
2.2311585	392.85889
2.2317209	381.6077
2.2322834	378
2.2328458	376.44601
2.2334082	372.08121
2.2339706	379.56775
2.2345331	390.08167
2.2350955	394.70837
2.2356579	384.97266
2.2362204	367.04483
2.2367828	372.87543
2.2373452	388.3786
2.2379076	398.82986
2.2384701	393.13248
2.2390325	383.34061
2.2395949	372.76324
2.2401574	365.31689
2.2407198	382.81238
2.2412822	379.05054
2.2418447	369.99377
2.2424071	384.86301
2.2429695	383.25702
2.2435319	384.996
2.2440944	390.86948
2.2446568	399.02698
2.2452192	388.25098
2.2457817	371.37277
2.2463441	358.62277
2.2469065	378.60803
2.2474689	370.94821
2.2480314	367.53265
2.2485938	374.46121
2.2491562	378.15408
2.2497187	389.81161
2.2502813	382.34552
2.2508438	347.98029
2.2514062	364.19333
2.2519686	367.96371
2.2525311	366.49088
2.2530935	365.01834
2.2536559	357.73804
2.2542183	355.4614
2.2547808	354.4288
2.2553432	348.55148
2.2559056	356.64633
2.2564681	352.62454
2.2570305	343.30673
2.2575929	361.63333
2.2581553	351.84341
2.2587178	347.95645
2.2592802	357.56232
2.2598426	352.44199
2.2604051	349.94971
2.2609675	352.58411
2.2615299	362.81204
2.2620924	354.39963
2.2626548	348.32159
2.2632172	350.97659
2.2637796	375.76981
2.2643421	383.43396
2.2649045	382.38376
2.2654669	376.44827
2.2660294	380.08646
2.2665918	381
2.2671542	389.67917
2.2677166	412.92773
2.2682791	410.82855
2.2688415	416.29449
2.2694039	429.07697
2.2699664	450.10062
2.2705288	464.24265
2.2710912	481.11462
2.2716537	501.8876
2.2722161	520.70172
2.2727785	539.50757
2.2733409	543.27094
2.2739034	517.2605
2.2744658	501.57135
2.2750282	500.72278
2.2755907	507.43832
2.2761531	498.78409
2.2767155	464.39673
2.2772779	444.67734
2.2778404	455.4292
2.2784028	422.33557
2.2789652	402.33087
2.2795277	388.91574
2.2800901	371.67053
2.2806525	361.11258
2.281215	355.67548
2.2817774	355.88528
2.2823398	370.94275
2.2829022	359.34311
2.2834647	345.80951
2.2840271	363.71329
2.2845895	342.90781
2.285152	333.07413
2.2857144	340.17911
2.2862768	329.46286
2.2868392	338.08163
2.2874017	350.4086
2.2879641	348.26794
2.2885265	343.63168
2.289089	348.07642
2.2896514	361.1105
2.2902138	348.2937
2.2907763	355.83044
2.2913387	369.55432
2.2919011	371.68854
2.2924635	375.03424
2.293026	377.6344
2.2935884	378.91815
2.2941508	376.78973
2.2947133	362.61703
2.2952757	348.32831
2.2958381	358.95764
2.2964005	361
2.296963	362.6796
2.2975254	366.92749
2.2980878	367
2.2986503	362.57846
2.2992127	356.97714
2.2997751	363.33182
2.3003376	368.12247
2.3009	370.3222
2.3014624	368.20651
2.3020248	354.64374
2.3025873	354.15091
2.3031497	365.36432
2.3037121	323.8425
2.3042746	310.35535
2.304837	313.23862
2.3053994	318.86029
2.3059618	304.88684
2.3065243	295.61752
2.3070867	302.63629
2.3076491	307.65436
2.3082116	304.14496
2.308774	294.73383
2.3093364	302.43613
2.3098989	303.59903
2.3104613	303.50113
2.3110237	309.79367
2.3115861	300.83362
2.3121486	303.27258
2.312711	330.50793
2.3132734	340.57602
2.3138359	342.85617
2.3143983	339.49124
2.3149607	345.76337
2.3155231	354.71976
2.3160856	363.86505
2.316648	368.04031
2.3172104	392.56665
2.3177729	404.689
2.3183353	379.67456
2.3188977	375.75964
2.3194602	380.03104
2.3200226	390.99158
2.320585	390.29834
2.3211474	398.29007
2.3217099	408.98239
2.3222723	393.05258
2.3228347	388.47241
2.3233972	388.34351
2.3239596	385.57721
2.324522	377.34473
2.3250844	375.75287
2.3256469	389.56433
2.3262093	403.36496
2.3267717	441.80371
2.3273342	510.76019
2.3278966	703.98102
2.328459	884.37018
2.3290215	1039.2128
2.3295839	1052.2877
2.3301463	1110.2104
2.3307087	1215.0259
2.3312712	1414.9877
2.3318336	1735.5892
2.332396	1956.3624
2.3329585	1793.0575
2.3335209	1652.2438
2.3340833	1462.1884
2.3346457	1174.4218
2.3352082	876.96906
2.3357706	650.64624
2.336333	517.23407
2.3368955	482.64194
2.3374579	466.29868
2.3380203	465.13525
2.3385828	467.86636
2.3391452	479.77673
2.3397076	500.15283
2.34027	534.91418
2.3408325	562.10828
2.3413949	576.73334
2.3419573	553.58582
2.3425198	557.71021
2.3430822	574.84845
2.3436446	598.6424
2.344207	614.00256
2.3447695	629.37512
2.3453319	650.41339
2.3458943	682.14783
2.3464568	729.58124
2.3470192	801.43591
2.3475816	813.57941
2.3481441	809.97864
2.3487065	795.08679
2.3492689	782.08429
2.3498313	739.7962
2.3503938	661.36572
2.3509562	626.89679
2.3515186	585.87872
2.3520811	536.53107
2.3526435	477.84271
2.3532059	423.07751
2.3537683	374.67728
2.3543308	390.83942
2.3548932	384.87643
2.3554556	362.66306
2.3560181	357.95581
2.3565805	348.92691
2.3571429	338.52118
2.3577054	343.89322
2.3582678	342.73566
2.3588302	337.68292
2.3593926	335.0007
2.3599551	328.53671
2.3605175	322.26715
2.3610799	331.64157
2.3616424	328.55801
2.3622048	319.80273
2.3627672	318.46506
2.3633296	310.15305
2.3638921	300.93741
2.3644545	306.94846
2.3650169	308.56042
2.3655794	303.29922
2.3661418	273.95343
2.3667042	286.0181
2.3672667	312.82645
2.3678291	305.50037
2.3683915	295.98669
2.3689539	289.90326
2.3695164	308.51996
2.3700788	325.39407
2.3706412	337.34457
2.3712037	326.05432
2.3717661	324.97617
2.3723285	329.17706
2.3728909	330.50345
2.3734534	321.8793
2.3740158	308.76862
2.3745782	306.7829
2.3751407	306
2.3757031	306.12494
2.3762655	307.44724
2.376828	309.15338
2.3773904	310.32468
2.3779528	300.42401
2.3785152	297.46002
2.3790777	299.92545
2.3796401	297.94754
2.3802025	283.27682
2.380765	257.00659
2.3813274	259.64017
2.3818898	259.09106
2.3824522	255.14404
2.3830147	268.92874
2.3835771	265.68112
2.3841395	240.05409
2.384702	242.22633
2.3852644	243.70041
2.3858268	240.42128
2.3863893	237.71501
2.3869517	237.58607
2.3875141	242.17175
2.3880765	239.24675
2.388639	233.3338
2.3892014	224.1777
2.3897638	220.00783
2.3903263	216.93976
2.3908887	212.36679
2.3914511	215.57393
2.3920135	229.88908
2.392576	282.71713
2.3931384	353.7244
2.3937008	440.67212
2.3942633	576.7934
2.3948257	806.2019
2.3953881	1102.0172
2.3959506	1209.9539
2.396513	1398.0723
2.3970754	1669.64
2.3976378	2007.2146
2.3982003	2341.0781
2.3987627	2664.7354
2.3993251	3153.0552
2.3998876	3576.5264
2.40045	3816.1833
2.4010124	4046.6528
2.4015749	4413.6377
2.4021373	5222.1792
2.4026997	4784.6899
2.4032621	3717.0732
2.4038246	2185.7578
2.404387	1206.9965
2.4049494	613.42822
2.4055119	299.36765
2.4060743	113.05029
2.4066367	55.026215
2.4071991	39.181175
2.4077616	30.491421
2.408324	29.204109
2.4088864	23.045624
2.4094489	18.184412
2.4100113	18.827017
2.4105737	17.591906
2.4111362	16.446234
2.4116986	19.013855
2.412261	18.025307
2.4128234	15.072253
2.4133859	16.353971
2.4139483	16.682501
2.4145107	16.042337
2.4150732	16.597826
2.4156356	16.287003
2.416198	14.369116
2.4167604	13.484023
2.4173229	13.154801
2.4178853	13.793232
2.4184477	14
2.4190102	13.583365
2.4195726	9.7589912
2.420135	9.3765497
2.4206975	11.925444
2.4212599	12
2.4218223	12.509032
2.4223847	13.781074
2.4229472	15.052548
2.4235096	15.676357
2.424072	14.406029
2.4246345	14.864068
2.4251969	15.866125
2.4257593	14.597844
2.4263217	15.005114
2.4268842	16.906511
2.4274466	13.386123
2.428009	11.942076
2.4285715	14.473194
2.4291339	13.998383
2.4296963	12.733717
2.4302588	11.469853
2.4308212	11.396792
2.4313836	12.028363
2.431946	12.65945
2.4325085	12.709697
2.4330709	12.079116
2.4336333	13.653066
2.4341958	13.552383
2.4347582	8.5158176
2.4353206	7.8797174
2.435883	9.1380768
2.4364455	10.39554
2.4370079	11
2.4375703	11
2.4381328	8.6715078
2.4386952	7.419589
2.4392576	8.6740437
2.4398201	9.9280043
2.4403825	10.818353
2.4409449	9.5655642
2.4415073	9.3434296
2.4420698	9.969492
2.4426322	9.4050779
2.4431946	9.6604347
2.4437571	11.535138
2.4443195	12.939396
2.4448819	13.811563
2.4454443	12.563084
2.4460068	11.315331
2.4465692	10.068172
2.4471316	8.8219461
2.4476941	8.8480005
2.4482565	11.339026
2.4488189	12.914302
2.4493814	13.524014
2.4499438	9.7943687
2.4505062	8.9673834
2.4510686	10.831716
2.4516311	7.6114755
2.4521935	5.9272318
2.4527559	9.0295477
2.4533184	10.426037
2.4538808	10.908075
2.4544432	9.6694298
2.4550056	8.7154665
2.4555681	8.0963058
2.4561305	9.5665073
2.4566929	11
2.4572554	11
2.4578178	12.129381
2.4583802	13.981999
2.4589427	11.554481
2.4595051	9.5430832
2.4600675	8.3099403
2.4606299	8.4614801
2.4611924	9.0777884
2.4617548	9.6933937
2.4623172	9.6911612
2.4628797	9.0758772
2.4634421	9.5391273
2.4640045	10.461911
2.4645669	12.305361
2.4651294	11.852386
2.4656918	10.010854
2.4662542	10.610067
2.4668167	10.329619
2.4673791	8.4909592
2.4679415	10.694003
2.468504	13.876958
2.4690664	12.652775
2.4696288	12
2.4701912	12
2.4707537	9.4571152
2.4713161	7.7179308
2.4718785	11.382874
2.472441	11.976887
2.4730034	10.145838
2.4735658	8.8776875
2.4741282	8.3416615
2.4746907	9.5607834
2.4752531	8.0522499
2.4758155	5.0075917
2.476378	12.283319
2.4769404	15.278103
2.4775028	10.414182
2.4780653	9.4308844
2.4786277	10.038375
2.4791901	10.645426
2.4797525	11
2.480315	11
2.4808774	9.1386137
2.4814398	6.9285746
2.4820023	6.3227701
2.4825647	8.8274307
2.4831271	14.879255
2.4836895	12.550014
2.484252	8.9023476
2.4848144	8.2979403
2.4853768	8.3062315
2.4859393	8.9101744
2.4865017	12.082335
2.4870641	14.648664
2.4876266	12.839613
2.488189	11.354204
2.4887514	10.149096
2.4893138	8.4171925
2.4898763	7.1295967
2.4904387	7.7312288
2.4910011	10.660858
2.4915636	15.470238
2.492126	13.3266
2.4926884	11.135408
2.4932508	11.735663
2.4938133	11.664338
2.4943757	11.064542
2.4949381	12.604542
2.4955006	13.463523
2.496063	11.067382
2.4966254	10
2.4971879	10
2.4977503	10
2.4983127	10
2.4988751	10
2.4994376	10.642455
2.5	11.836583
