1.5	21.428581
1.5005624	28.987671
1.5011249	24.233276
1.5016873	26.494116
1.5022497	24.905485
1.5028121	24.135584
1.5033746	23.373188
1.503937	24.131809
1.5044994	28.142
1.5050619	30.363131
1.5056243	21.956818
1.5061867	26.356426
1.5067492	30.076378
1.5073116	25.349722
1.507874	27.493525
1.5084364	28.560905
1.5089989	25.592001
1.5095613	26.274548
1.5101237	24.227764
1.5106862	27.213707
1.5112486	19.754213
1.511811	25.665564
1.5123734	27.841465
1.5129359	31.66416
1.5134983	25.06212
1.5140607	24.258528
1.5146232	26.409735
1.5151856	30.452766
1.515748	26.547422
1.5163105	27.23546
1.5168729	27.69968
1.5174353	29.326
1.5179977	27.340168
1.5185602	28.030806
1.5191226	29.014902
1.519685	26.473005
1.5202475	30.809757
1.5208099	26.612829
1.5213723	29.071077
1.5219347	28.448833
1.5224972	27.850725
1.5230596	26.441156
1.523622	25.972075
1.5241845	32.68684
1.5247469	27.088024
1.5253093	28.64942
1.5258718	31.066116
1.5264342	26.134426
1.5269966	25.72307
1.527559	26.708643
1.5281215	23.767403
1.5286839	29.99938
1.5292463	30.135719
1.5298088	29.902178
1.5303712	29.753422
1.5309336	22.974319
1.531496	23.211687
1.5320585	28.055172
1.5326209	31.198883
1.5331833	26.274258
1.5337458	27.206465
1.5343082	31.030464
1.5348706	26.185478
1.5354331	25.896374
1.5359955	34.897457
1.5365579	32.855827
1.5371203	26.250742
1.5376828	29.442785
1.5382452	31.697729
1.5388076	36.796677
1.5393701	28.887972
1.5399325	35.072357
1.5404949	33.802113
1.5410573	32.551056
1.5416198	34.087959
1.5421822	29.895725
1.5427446	43.671482
1.5433071	32.135197
1.5438695	32.186787
1.5444319	27.565535
1.5449944	32.125141
1.5455568	38.296516
1.5461192	30.966713
1.5466816	34.828991
1.5472441	34.916233
1.5478065	25.69376
1.5483689	31.186752
1.5489314	30.7236
1.5494938	31.767944
1.5500562	33.496693
1.5506186	36.791859
1.5511811	32.717545
1.5517435	31.864658
1.5523059	35.258148
1.5528684	31.069815
1.5534308	31.283663
1.5539932	33.908188
1.5545557	35.852215
1.5551181	29.562469
1.5556805	38.345589
1.5562429	31.951815
1.5568054	34.716393
1.5573678	33.766022
1.5579302	29.908428
1.5584927	33.044693
1.5590551	37.202564
1.5596175	29.132952
1.5601799	29.703701
1.5607424	33.104549
1.5613048	29.752275
1.5618672	35.710419
1.5624297	32.596298
1.5629921	30.618982
1.5635545	30.55736
1.564117	28.418589
1.5646794	37.547188
1.5652418	34.943321
1.5658042	32.855511
1.5663667	30.268024
1.5669291	34.099361
1.5674915	36.913574
1.568054	33.987709
1.5686164	35.404118
1.5691788	37.922047
1.5697412	37.009876
1.5703037	39.974304
1.5708661	38.302574
1.5714285	35.69231
1.571991	33.406563
1.5725534	32.299427
1.5731158	33.718857
1.5736783	40.097786
1.5742407	37.95084
1.5748031	36.455811
1.5753655	29.08798
1.575928	37.776093
1.5764904	32.871063
1.5770528	38.35075
1.5776153	37.334702
1.5781777	39.298187
1.5787401	41.539799
1.5793025	38.279858
1.579865	33.98312
1.5804274	37.925476
1.5809898	38.877972
1.5815523	37.98848
1.5821147	36.716316
1.5826771	30.350187
1.5832396	41.903328
1.583802	37.191063
1.5843644	42.300797
1.5849268	40.352192
1.5854893	31.960632
1.5860517	36.345863
1.5866141	36.904678
1.5871766	40.873745
1.587739	36.471928
1.5883014	36.255947
1.5888638	42.110035
1.5894263	38.860336
1.5899887	41.55027
1.5905511	48.17495
1.5911136	40.007912
1.591676	44.13438
1.5922384	44.801285
1.5928009	41.541145
1.5933633	35.246445
1.5939257	38.246918
1.5944881	49.921513
1.5950506	37.274551
1.595613	39.689907
1.5961754	37.874592
1.5967379	37.830917
1.5973003	37.107166
1.5978627	40.810055
1.5984251	36.267441
1.5989876	30.108671
1.59955	36.03067
1.6001124	30.507793
1.6006749	41.741959
1.6012373	41.429184
1.6017997	44.605724
1.6023622	45.536293
1.6029246	41.317356
1.603487	39.876785
1.6040494	40.277279
1.6046119	32.653118
1.6051743	45.253754
1.6057367	39.355202
1.6062992	36.913147
1.6068616	40.018768
1.607424	40.433472
1.6079865	41.264599
1.6085489	42.896206
1.6091113	42.365395
1.6096737	42.210777
1.6102362	38.428001
1.6107986	49.239819
1.611361	39.580261
1.6119235	49.198292
1.6124859	46.76746
1.6130483	44.835815
1.6136107	39.48341
1.6141732	39.67408
1.6147356	44.772892
1.615298	42.391582
1.6158605	46.740864
1.6164229	47.63908
1.6169853	37.158367
1.6175478	45.496338
1.6181102	45.280312
1.6186726	50.830086
1.619235	44.734333
1.6197975	46.031658
1.6203599	46.181129
1.6209223	45.470371
1.6214848	42.02512
1.6220472	50.806705
1.6226096	39.70401
1.623172	50.595222
1.6237345	45.323933
1.6242969	43.366135
1.6248593	40.092651
1.6254219	46.015923
1.6259843	49.175026
1.6265467	37.207249
1.6271092	53.326385
1.6276716	54.095829
1.628234	45.476265
1.6287965	48.063793
1.6293589	50.622349
1.6299213	49.2603
1.6304837	46.650661
1.6310462	45.316757
1.6316086	44.679382
1.632171	47.532616
1.6327335	50.004944
1.6332959	57.191437
1.6338583	54.739227
1.6344208	53.471542
1.6349832	48.202335
1.6355456	49.881718
1.636108	49.804501
1.6366705	48.630238
1.6372329	47.551773
1.6377953	50.211876
1.6383578	50.751888
1.6389202	54.359604
1.6394826	52.764336
1.640045	45.0466
1.6406075	59.553833
1.6411699	49.636257
1.6417323	57.398861
1.6422948	43.058659
1.6428572	52.068729
1.6434196	51.984894
1.6439821	53.450684
1.6445445	51.596889
1.6451069	56.528492
1.6456693	56.525143
1.6462318	58.201534
1.6467942	55.022957
1.6473566	51.865593
1.6479191	57.051472
1.6484815	60.475468
1.6490439	54.464638
1.6496063	57.744495
1.6501688	61.077179
1.6507312	53.684219
1.6512936	54.491623
1.6518561	59.239162
1.6524185	57.130638
1.6529809	54.118069
1.6535434	58.816212
1.6541058	65.698677
1.6546682	60.27758
1.6552306	58.417683
1.6557931	53.298279
1.6563555	57.239925
1.6569179	52.149548
1.6574804	48.059464
1.6580428	43.661251
1.6586052	55.219791
1.6591676	58.888748
1.6597301	51.271481
1.6602925	52.58062
1.6608549	58.936802
1.6614174	55.5462
1.6619798	62.682381
1.6625422	53.532246
1.6631047	57.319054
1.6636671	57.680126
1.6642295	60.344925
1.6647919	57.699848
1.6653544	60.903374
1.6659168	53.112198
1.6664792	61.37635
1.6670417	61.141346
1.6676041	57.882767
1.6681665	63.028328
1.6687289	63.662743
1.6692914	67.904533
1.6698538	66.33075
1.6704162	69.172882
1.6709787	62.90921
1.6715411	63.754807
1.6721035	57.367809
1.672666	65.270775
1.6732284	66.636452
1.6737908	57.689796
1.6743532	66.602905
1.6749157	63.198929
1.6754781	65.289619
1.6760405	64.741852
1.676603	66.813705
1.6771654	69.890663
1.6777278	61.454395
1.6782902	59.573105
1.6788527	61.070229
1.6794151	68.490349
1.6799775	65.819946
1.68054	65.399971
1.6811024	61.757664
1.6816648	63.504883
1.6822273	65.859734
1.6827897	61.514042
1.6833521	62.569328
1.6839145	58.822834
1.684477	66.909531
1.6850394	62.031849
1.6856018	58.697155
1.6861643	67.782074
1.6867267	58.522625
1.6872891	78.265701
1.6878515	69.017807
1.688414	67.481331
1.6889764	68.305946
1.6895388	69.730919
1.6901013	72.314659
1.6906637	66.256989
1.6912261	68.39299
1.6917886	72.250282
1.692351	68.82283
1.6929134	77.881027
1.6934758	65.759857
1.6940383	70.775879
1.6946007	69.725967
1.6951631	68.51416
1.6957256	78.258682
1.696288	80.881882
1.6968504	67.221619
1.6974128	67.131691
1.6979753	68.213409
1.6985377	68.198586
1.6991001	71.75679
1.6996626	70.499153
1.700225	74.81321
1.7007874	75.926849
1.7013499	82.985802
1.7019123	71.824402
1.7024747	68.683647
1.7030371	71.303802
1.7035996	78.605553
1.704162	73.5597
1.7047244	69.962875
1.7052869	81.600487
1.7058493	83.458549
1.7064117	76.114838
1.7069741	74.560707
1.7075366	74.165749
1.708099	81.798759
1.7086614	75.987434
1.7092239	72.160736
1.7097863	81.859604
1.7103487	78.430153
1.7109112	82.54438
1.7114736	73.178963
1.712036	87.547005
1.7125984	77.616173
1.7131609	77.751999
1.7137233	81.764915
1.7142857	72.921806
1.7148482	79.565277
1.7154106	79.230621
1.715973	76.579468
1.7165354	80.154121
1.7170979	81.311081
1.7176603	77.976791
1.7182227	86.043045
1.7187852	79.744644
1.7193476	80.322845
1.71991	76.677788
1.7204725	91.07933
1.7210349	81.38382
1.7215973	72.266327
1.7221597	77.213463
1.7227222	82.553413
1.7232846	71.87059
1.723847	79.551178
1.7244095	94.13871
1.7249719	86.497231
1.7255343	83.59507
1.7260967	89.885925
1.7266592	86.336632
1.7272216	88.452538
1.727784	89.45359
1.7283465	83.389992
1.7289089	89.423225
1.7294713	92.490028
1.7300338	86.572136
1.7305962	88.58268
1.7311586	91.212891
1.731721	94.437363
1.7322835	91.102646
1.7328459	89.955482
1.7334083	95.820908
1.7339708	90.402817
1.7345332	87.904938
1.7350956	83.623947
1.735658	84.959976
1.7362205	86.555977
1.7367829	79.990768
1.7373453	90.834396
1.7379078	87.251396
1.7384702	85.503471
1.7390326	90.47245
1.7395951	92.547714
1.7401575	85.55497
1.7407199	88.959915
1.7412823	87.794563
1.7418448	95.637993
1.7424072	94.797668
1.7429696	97.068909
1.7435321	101.05338
1.7440945	87.146004
1.7446569	94.674393
1.7452193	101.35365
1.7457818	99.464462
1.7463442	87.279991
1.7469066	96.579018
1.7474691	95.990898
1.7480315	96.387253
1.7485939	104.37801
1.7491564	106.57733
1.7497188	99.511665
1.7502812	96.550461
1.7508436	102.47967
1.7514061	94.040009
1.7519685	105.29654
1.7525309	102.21359
1.7530934	104.30799
1.7536558	99.975266
1.7542182	105.31889
1.7547807	97.329033
1.7553431	100.16091
1.7559055	96.501076
1.7564679	101.9591
1.7570304	111.04614
1.7575928	101.82719
1.7581552	106.1981
1.7587177	94.521172
1.7592801	95.047569
1.7598425	107.54577
1.7604049	106.32987
1.7609674	105.83799
1.7615298	107.70329
1.7620922	101.97565
1.7626547	104.24274
1.7632171	104.57501
1.7637795	105.90279
1.764342	126.3684
1.7649044	100.28481
1.7654668	107.20049
1.7660292	116.12546
1.7665917	114.62247
1.7671541	104.80769
1.7677165	111.01758
1.768279	113.76976
1.7688414	104.73211
1.7694038	106.42967
1.7699662	111.68213
1.7705287	96.250793
1.7710911	106.96668
1.7716535	102.17558
1.772216	101.77095
1.7727784	116.62384
1.7733408	113.28337
1.7739033	110.17331
1.7744657	120.33543
1.7750281	110.75639
1.7755905	103.88178
1.776153	118.62894
1.7767154	121.04749
1.7772778	114.68799
1.7778403	115.1674
1.7784027	107.60823
1.7789651	103.07835
1.7795275	112.85982
1.78009	111.49502
1.7806524	117.84189
1.7812148	119.03917
1.7817773	109.71397
1.7823397	111.28221
1.7829021	116.57289
1.7834646	120.29648
1.784027	121.74259
1.7845894	117.0219
1.7851518	116.79154
1.7857143	117.13935
1.7862767	119.31039
1.7868391	115.5013
1.7874016	117.9272
1.787964	108.89553
1.7885264	115.74799
1.7890888	112.63696
1.7896513	118.16872
1.7902137	125.71791
1.7907761	123.59666
1.7913386	115.8448
1.791901	125.70708
1.7924634	116.8869
1.7930259	123.08286
1.7935883	129.22264
1.7941507	125.79298
1.7947131	125.76918
1.7952756	129.20013
1.795838	125.66514
1.7964004	129.86156
1.7969629	122.30211
1.7975253	126.82594
1.7980877	135.59862
1.7986501	129.94073
1.7992126	128.04707
1.799775	121.57294
1.8003374	122.60336
1.8008999	123.40007
1.8014623	130.29843
1.8020247	117.8448
1.8025872	131.09474
1.8031496	137.19014
1.803712	135.478
1.8042744	138.31232
1.8048369	131.49281
1.8053993	126.94987
1.8059617	136.94806
1.8065242	135.49274
1.8070866	129.53285
1.807649	130.19487
1.8082114	129.77428
1.8087739	127.72758
1.8093363	139.29233
1.8098987	135.25154
1.8104612	124.95238
1.8110236	127.95629
1.811586	132.65306
1.8121485	131.19939
1.8127109	125.96644
1.8132733	144.27834
1.8138357	136.08368
1.8143982	130.11217
1.8149606	130.18358
1.815523	132.00253
1.8160855	130.28635
1.8166479	137.65199
1.8172103	136.85115
1.8177727	126.89886
1.8183352	134.44905
1.8188976	143.3387
1.81946	134.85548
1.8200225	139.12473
1.8205849	142.82982
1.8211473	146.24789
1.8217098	133.60854
1.8222722	145.63138
1.8228346	148.73593
1.823397	146.96184
1.8239595	146.20518
1.8245219	151.20796
1.8250843	135.7039
1.8256468	148.79727
1.8262092	137.18892
1.8267716	142.19218
1.827334	149.8568
1.8278965	146.16554
1.8284589	151.31087
1.8290213	142.96703
1.8295838	134.16853
1.8301462	156.76248
1.8307086	144.65266
1.8312711	145.51703
1.8318335	146.26097
1.8323959	146.79941
1.8329583	142.60551
1.8335208	144.42033
1.8340832	141.90846
1.8346456	145.87314
1.8352081	145.53734
1.8357705	137.88756
1.8363329	148.16661
1.8368953	148.96098
1.8374578	140.58681
1.8380202	141.9371
1.8385826	146.68976
1.8391451	148.41254
1.8397075	140.56488
1.8402699	143.10048
1.8408324	150.1711
1.8413948	149.4855
1.8419572	151.4398
1.8425196	153.3158
1.8430821	150.33469
1.8436445	158.58089
1.8442069	155.16238
1.8447694	149.53293
1.8453318	151.74243
1.8458942	158.11215
1.8464566	145.63687
1.8470191	156.64867
1.8475815	156.5112
1.8481439	151.66264
1.8487064	156.11324
1.8492688	154.69434
1.8498312	158.44524
1.8503937	151.12801
1.8509561	149.33994
1.8515185	148.7197
1.8520809	160.16521
1.8526434	161.07301
1.8532058	159.64206
1.8537682	149.07286
1.8543307	146.91032
1.8548931	155.55238
1.8554555	156.63469
1.8560179	155.89171
1.8565804	156.91574
1.8571428	157.47501
1.8577052	151.83046
1.8582677	157.64557
1.8588301	156.38199
1.8593925	157.61288
1.859955	163.14555
1.8605174	161.47688
1.8610798	158.95943
1.8616422	159.18121
1.8622047	156.60156
1.8627671	165.12111
1.8633295	162.237
1.863892	162.50879
1.8644544	171.33626
1.8650168	170.59407
1.8655792	169.74745
1.8661417	176.12987
1.8667041	175.9017
1.8672665	172.70363
1.867829	170.89789
1.8683914	167.31523
1.8689538	167.2654
1.8695163	167.00484
1.8700787	178.67749
1.8706411	165.65129
1.8712035	181.45569
1.871766	176.52774
1.8723284	187.05812
1.8728908	184.28079
1.8734533	190.76295
1.8740157	182.34503
1.8745781	188.21724
1.8751407	179.47572
1.8757031	182.48509
1.8762655	180.00508
1.876828	181.45062
1.8773904	193.54242
1.8779528	193.15428
1.8785152	187.91066
1.8790777	199.0983
1.8796401	188.8271
1.8802025	186.9239
1.880765	194.16093
1.8813274	194.1848
1.8818898	201.77185
1.8824522	204.15819
1.8830147	201.29256
1.8835771	193.91281
1.8841395	203.84328
1.884702	209.91972
1.8852644	214.1311
1.8858268	216.87715
1.8863893	228.76091
1.8869517	206.93811
1.8875141	207.45216
1.8880765	211.94373
1.888639	214.82262
1.8892014	217.38252
1.8897638	216.64987
1.8903263	203.82965
1.8908887	205.77332
1.8914511	224.57133
1.8920135	224.62369
1.892576	215.18378
1.8931384	218.61491
1.8937008	220.48732
1.8942633	222.95433
1.8948257	226.06419
1.8953881	230.97485
1.8959506	232.39075
1.896513	229.4915
1.8970754	229.12059
1.8976378	222.16255
1.8982003	230.88048
1.8987627	237.90773
1.8993251	229.65213
1.8998876	220.89339
1.90045	240.00618
1.9010124	233.93335
1.9015749	233.38203
1.9021373	248.22609
1.9026997	259.38937
1.9032621	248.90831
1.9038246	247.74561
1.904387	249.89258
1.9049494	270.78595
1.9055119	268.93719
1.9060743	252.26323
1.9066367	250.93037
1.9071991	257.7883
1.9077616	271.59543
1.908324	258.84076
1.9088864	266.32321
1.9094489	268.03729
1.9100113	275.38589
1.9105737	280.02118
1.9111362	271.34357
1.9116986	264.79907
1.912261	273.44785
1.9128234	266.37872
1.9133859	272.3681
1.9139483	280.66119
1.9145107	267.30023
1.9150732	268.08109
1.9156356	277.577
1.916198	267.95737
1.9167604	264.77399
1.9173229	289.63513
1.9178853	274.81314
1.9184477	263.32443
1.9190102	283.3335
1.9195726	268.69324
1.920135	273.11465
1.9206975	266.74875
1.9212599	264.15393
1.9218223	270.57175
1.9223847	271
1.9229472	281.65652
1.9235096	281.01703
1.924072	270.04053
1.9246345	295
1.9251969	294.89398
1.9257593	289.96683
1.9263217	289.79361
1.9268842	306.0181
1.9274466	290.35172
1.928009	308.96793
1.9285715	298.30258
1.9291339	322.73557
1.9296963	309.51038
1.9302588	303.21997
1.9308212	289.33212
1.9313836	300.69904
1.931946	305.02768
1.9325085	297.74802
1.9330709	296.78079
1.9336333	299.33099
1.9341958	285.67542
1.9347582	309
1.9353206	309.27948
1.935883	308.89474
1.9364455	298.25098
1.9370079	309.89377
1.9375703	299.23505
1.9381328	310.92499
1.9386952	296.90973
1.9392576	291.86658
1.9398201	302.69714
1.9403825	292.10153
1.9409449	281.31653
1.9415073	298.93726
1.9420698	304.77435
1.9426322	293.52655
1.9431946	285.52957
1.9437571	325.26648
1.9443195	305.91922
1.9448819	285.09872
1.9454443	310.5401
1.9460068	303.77518
1.9465692	299.58691
1.9471316	292.22415
1.9476941	325.43723
1.9482565	302.12881
1.9488189	312.99066
1.9493814	303.14023
1.9499438	292.30591
1.9505062	300.62015
1.9510686	289.68652
1.9516311	296.41898
1.9521935	297.91135
1.9527559	291.73682
1.9533184	284.85736
1.9538808	284
1.9544432	273.90268
1.9550056	285.98453
1.9555681	274.54248
1.9561305	283.52557
1.9566929	273.28152
1.9572554	268.25891
1.9578178	270.15796
1.9583802	267.51544
1.9589427	268.6962
1.9595051	256.99216
1.9600675	261.89905
1.9606299	259.97272
1.9611924	259.7662
1.9617548	262.34729
1.9623172	265.19638
1.9628797	261.0412
1.9634421	258.16904
1.9640045	259.58069
1.9645669	258.95908
1.9651294	262.54327
1.9656918	263.38
1.9662542	269.16507
1.9668167	258.759
1.9673791	264.83194
1.9679415	264.71213
1.968504	247.59213
1.9690664	248.02898
1.9696288	239.5649
1.9701912	248.17291
1.9707537	232.10445
1.9713161	248.81685
1.9718785	242.06859
1.972441	227.69518
1.9730034	242.58438
1.9735658	225.53964
1.9741282	223
1.9746907	234.22868
1.9752531	241.57674
1.9758155	230.70818
1.976378	219.17253
1.9769404	221.13297
1.9775028	214.39911
1.9780653	214.69826
1.9786277	213.81364
1.9791901	213.66801
1.9797525	217.85649
1.980315	210.38741
1.9808774	204.35823
1.9814398	207.88251
1.9820023	206.77078
1.9825647	196.59624
1.9831271	196.39542
1.9836895	205.2881
1.984252	214.75856
1.9848144	195.0321
1.9853768	197.88402
1.9859393	193.44199
1.9865017	188.6942
1.9870641	188.81032
1.9876266	192.03648
1.988189	188.05005
1.9887514	182.07214
1.9893138	172.7814
1.9898763	176.76735
1.9904387	178.07304
1.9910011	175.95317
1.9915636	181.76802
1.992126	182.34328
1.9926884	180.72787
1.9932508	177.63219
1.9938133	169.63177
1.9943757	171.70221
1.9949381	160.9548
1.9955006	182.59703
1.996063	171.92308
1.9966254	173.58842
1.9971879	160.36087
1.9977503	162.92943
1.9983127	175.19035
1.9988751	173.21072
1.9994376	160.68172
2	153.01759
2.0005624	154.13707
2.0011249	159.17857
2.0016873	164.78856
2.0022497	165.27496
2.0028121	154.49973
2.0033746	160.29736
2.003937	144.69742
2.0044994	136.30902
2.0050619	141.38625
2.0056243	143.65819
2.0061867	141.7206
2.0067492	145.14061
2.0073116	142.66127
2.007874	149.33795
2.0084364	156.04361
2.0089989	151.74869
2.0095613	147.33417
2.0101237	147.73877
2.0106862	148.87714
2.0112486	156.88614
2.011811	155.40523
2.0123734	141.52875
2.0129359	134.77594
2.0134983	141.31885
2.0140607	129.00383
2.0146232	141.15143
2.0151856	141.85002
2.015748	136.50395
2.0163105	138.27582
2.0168729	137.23099
2.0174353	134.93071
2.0179977	140.5777
2.0185602	130.42249
2.0191226	133.85257
2.019685	128.34303
2.0202475	131.44167
2.0208099	142.10953
2.0213723	135.97408
2.0219347	147.26343
2.0224972	142.25941
2.0230596	133.41696
2.023622	140.42447
2.0241845	139.48865
2.0247469	129.44836
2.0253093	126.12876
2.0258718	118.22352
2.0264342	139.19649
2.0269966	136.83435
2.027559	132.2782
2.0281215	131.65477
2.0286839	122.96555
2.0292463	117.89691
2.0298088	128.04703
2.0303712	141
2.0309336	140.00125
2.031496	135.78535
2.0320585	133.91435
2.0326209	128.47678
2.0331833	115.60278
2.0337458	124.71384
2.0343082	130.91084
2.0348706	126.04608
2.0354331	121.89055
2.0359955	121.60465
2.0365579	118.49642
2.0371203	119.61996
2.0376828	133.10635
2.0382452	118.68372
2.0388076	123.14816
2.0393701	119.44923
2.0399325	127.21678
2.0404949	125.30866
2.0410573	121.82579
2.0416198	125.41938
2.0421822	130.52635
2.0427446	136.35072
2.0433071	127.28308
2.0438695	132.66074
2.0444319	120.41354
2.0449944	124.61224
2.0455568	121.33599
2.0461192	127.95165
2.0466816	132.40514
2.0472441	130.35313
2.0478065	137.14499
2.0483689	127.05712
2.0489314	136.86772
2.0494938	133.48195
2.0500562	126.83627
2.0506186	126.32115
2.0511811	122.59654
2.0517435	123.83949
2.0523059	129.67111
2.0528684	127.2621
2.0534308	121.21016
2.0539932	122.98585
2.0545557	118.60112
2.0551181	118.76604
2.0556805	122.25988
2.0562429	124.53741
2.0568054	124.15545
2.0573678	122.07997
2.0579302	120.76286
2.0584927	125.11314
2.0590551	138.36099
2.0596175	128.08051
2.0601799	117.3366
2.0607424	119.43031
2.0613048	126.39079
2.0618672	133.65007
2.0624297	134.60893
2.0629921	118.49828
2.0635545	122.02664
2.064117	128.17676
2.0646794	134.32486
2.0652418	128.34113
2.0658042	126.0613
2.0663667	126.04006
2.0669291	123
2.0674915	120.4127
2.068054	105.42592
2.0686164	124.66166
2.0691788	127.76807
2.0697412	120.29958
2.0703037	121.66591
2.0708661	123.11967
2.0714285	120.12417
2.071991	126.3542
2.0725534	109.05802
2.0731158	123.86711
2.0736783	121.531
2.0742407	119.38501
2.0748031	120.93775
2.0753655	117.70223
2.075928	110.43826
2.0764904	118.91017
2.0770528	118.04257
2.0776153	127.06865
2.0781777	122.08871
2.0787401	129.586
2.0793025	134.19577
2.079865	126.40839
2.0804274	121.52898
2.0809898	129.80965
2.0815523	120.30799
2.0821147	122.72166
2.0826771	121.57182
2.0832396	120.93879
2.083802	120.3438
2.0843644	117
2.0849268	117.37596
2.0854893	123.39821
2.0860517	135.61102
2.0866141	130.763
2.0871766	122.5528
2.087739	123.56171
2.0883014	130.74486
2.0888638	125.33038
2.0894263	116.75843
2.0899887	112.09608
2.0905511	117.36895
2.0911136	120.50733
2.091676	116.51945
2.0922384	111.82635
2.0928009	118.42691
2.0933633	109.88599
2.0939257	122.76889
2.0944881	120.82259
2.0950506	116.52971
2.095613	114.38814
2.0961754	109.78417
2.0967379	104.07497
2.0973003	106.62708
2.0978627	112.80698
2.0984251	117.87775
2.0989876	117.02588
2.09955	112.72615
2.1001124	112.24464
2.1006749	113.94054
2.1012373	114
2.1017997	127.29006
2.1023622	130.42262
2.1029246	123.0705
2.103487	119.24649
2.1040494	131.27867
2.1046119	118.60949
2.1051743	119.21114
2.1057367	116.51559
2.1062992	110.18411
2.1068616	108.73659
2.107424	117.79746
2.1079865	108.53658
2.1085489	109.58567
2.1091113	109.36624
2.1096737	106.15428
2.1102362	104.88744
2.1107986	109.77254
2.111361	113.96857
2.1119235	101.5107
2.1124859	107.04971
2.1130483	113.5432
2.1136107	112.88504
2.1141732	109.38026
2.1147356	119.80385
2.115298	111.44157
2.1158605	111.38268
2.1164229	115.68544
2.1169853	117.1936
2.1175478	115.56477
2.1181102	121.79394
2.1186726	115.96101
2.119235	111.52129
2.1197975	108.41495
2.1203599	112.40542
2.1209223	119.50563
2.1214848	108.92994
2.1220472	106.43891
2.1226096	108.05212
2.123172	109
2.1237345	112.09072
2.1242969	117.4833
2.1248593	114.99752
2.1254218	112.51349
2.1259842	113.31277
2.1265466	116.90086
2.1271091	118.75913
2.1276715	114.63367
2.1282339	106.37675
2.1287963	119.3916
2.1293588	119.32371
2.1299212	109.12977
2.1304836	102.39693
2.1310461	111.74525
2.1316085	109.27596
2.1321709	109.73086
2.1327333	105.02044
2.1332958	102.50052
2.1338582	110.10748
2.1344206	130.71964
2.1349831	117.59128
2.1355455	111.04997
2.1361079	113.30268
2.1366704	114.73023
2.1372328	107.69615
2.1377952	112.60732
2.1383576	114.5046
2.1389201	114.43021
2.1394825	117.86907
2.1400449	120.1317
2.1406074	105.13891
2.1411698	110.8488
2.1417322	114.60317
2.1422946	113.20637
2.1428571	110.84025
2.1434195	114.5089
2.1439819	127.52859
2.1445444	113.85859
2.1451068	107.46628
2.1456692	107.69218
2.1462317	109.94853
2.1467941	114.81915
2.1473565	116.5611
2.1479189	115.81799
2.1484814	111.79009
2.1490438	107.63335
2.1496062	110.02037
2.1501687	110.82907
2.1507311	107.17461
2.1512935	104.55431
2.1518559	104
2.1524184	103.69672
2.1529808	99.664246
2.1535432	107.75741
2.1541057	104.80769
2.1546681	99.848824
2.1552305	106.36871
2.155793	100.73671
2.1563554	106.98849
2.1569178	111.50809
2.1574802	112.38772
2.1580427	112.09026
2.1586051	120.11681
2.1591675	104.58705
2.15973	107.78677
2.1602924	111.30703
2.1608548	100.5238
2.1614172	110.92999
2.1619797	106.97624
2.1625421	104.48274
2.1631045	104.63266
2.163667	105.19564
2.1642294	99.605583
2.1647918	107.53613
2.1653543	103.87965
2.1659167	98.832718
2.1664791	103.20422
2.1670415	104.79707
2.167604	103.61151
2.1681664	101.04186
2.1687288	99.853554
2.1692913	102.39625
2.1698537	106.36629
2.1704161	100.99862
2.1709785	98.92028
2.171541	99.746819
2.1721034	98.862579
2.1726658	96.486954
2.1732283	100.40545
2.1737907	107.62591
2.1743531	110.6195
2.1749156	98.005493
2.175478	100.37555
2.1760404	98.67485
2.1766028	99.963127
2.1771653	104.20376
2.1777277	100.26157
2.1782901	97.058472
2.1788526	102.79711
2.179415	106.52058
2.1799774	101.48247
2.1805398	105.41412
2.1811023	99.981575
2.1816647	102.90487
2.1822271	109.52146
2.1827896	108.07129
2.183352	110.42402
2.1839144	104.48959
2.1844769	99.624672
2.1850393	98.841583
2.1856017	98.058891
2.1861641	100.16991
2.1867266	99.989731
2.187289	99
2.1878514	98.528648
2.1884139	93.064377
2.1889763	95.768837
2.1895387	100.44697
2.1901011	101.94137
2.1906636	93.368851
2.191226	98.213623
2.1917884	101.04585
2.1923509	96.28746
2.1929133	84.246399
2.1934757	96.678558
2.1940382	94.580933
2.1946006	92.407539
2.195163	94.835388
2.1957254	102.58761
2.1962879	99.332489
2.1968503	92.919525
2.1974127	89.128914
2.1979752	92.335327
2.1985376	96.974464
2.1991	99.806206
2.1996624	98.002899
2.2002249	93.440147
2.2007873	95.755173
2.2013497	98.759346
2.2019122	98.617592
2.2024746	97.462631
2.203037	98.997047
2.2035995	97.457733
2.2041619	97.540611
2.2047243	97.070839
2.2052867	94.53006
2.2058492	89.921135
2.2064116	91.456924
2.206974	91.855461
2.2075365	90.445114
2.2080989	92.745087
2.2086613	88.231323
2.2092237	87.340889
2.2097862	87.089241
2.2103486	80.202759
2.210911	88.161041
2.2114735	87.456818
2.2120359	84
2.2125983	84.401863
2.2131608	93.557106
2.2137232	93.763275
2.2142856	94.894043
2.214848	100.58271
2.2154105	96.775414
2.2159729	97.211967
2.2165353	93.232681
2.2170978	87.415131
2.2176602	101.85489
2.2182226	94.299942
2.218785	86.971771
2.2193475	84.164169
2.2199099	84.922691
2.2204723	97.253906
2.2210348	95.109093
2.2215972	84.608879
2.2221596	83.095245
2.2227221	85.834969
2.2232845	86.070442
2.2238469	88.52774
2.2244093	100.61356
2.2249718	87.850822
2.2255342	83.969986
2.2260966	85.239159
2.2266591	85.992836
2.2272215	80.776093
2.2277839	83.993874
2.2283463	86.47982
2.2289088	79.024063
2.2294712	83.536018
2.2300336	86.014702
2.2305961	83.124229
2.2311585	72.047035
2.2317209	75.797432
2.2322834	79.037621
2.2328458	80.482002
2.2334082	79.024368
2.2339706	81.270317
2.2345331	80.484688
2.2350955	77.480797
2.2356579	73.006836
2.2362204	77.488792
2.2367828	79.989616
2.2373452	79.310692
2.2379076	74.085052
2.2384701	70.332802
2.2390325	78.574249
2.2395949	88.328972
2.2401574	86.09507
2.2407198	81.012535
2.2412822	76.718864
2.2418447	74
2.2424071	74
2.2429695	74
2.2435319	75.712006
2.2440944	77.660095
2.2446568	76.17691
2.2452192	77.305443
2.2457817	78.3936
2.2463441	79.939232
2.2469065	85.120598
2.2474689	86.613991
2.2480314	85.233673
2.2485938	81.354301
2.2491562	76.184288
2.2497187	76.138062
2.2502813	75.465248
2.2508438	72.401024
2.2514062	79.033646
2.2519686	73.22776
2.2525311	70.327644
2.2530935	82.844193
2.2536559	80.095215
2.2542183	79
2.2547808	78.410805
2.2553432	76.206818
2.2559056	68.018768
2.2564681	70.381302
2.2570305	79.074112
2.2575929	73.942657
2.2581553	76.588158
2.2587178	75.695694
2.2592802	69.062523
2.2598426	69.793999
2.2604051	71.050293
2.2609675	76.352142
2.2615299	88.77179
2.2620924	79.682915
2.2626548	80.463989
2.2632172	86
2.2637796	86
2.2643421	106.90298
2.2649045	123.7011
2.2654669	131.82069
2.2660294	130.36542
2.2665918	146.33279
2.2671542	162.98346
2.2677166	170.97514
2.2682791	189.81914
2.2688415	204.6433
2.2694039	219.60216
2.2699664	242.80069
2.2705288	269.7345
2.2710912	285.7439
2.2716537	289.87119
2.2722161	298.55463
2.2727785	303.07809
2.2733409	298.93814
2.2739034	280.87537
2.2744658	273.81631
2.2750282	263.64212
2.2755907	252.47943
2.2761531	249.5947
2.2767155	227.2645
2.2772779	199.8913
2.2778404	172.66496
2.2784028	153.24043
2.2789652	136.52637
2.2795277	124.31929
2.2800901	121.44508
2.2806525	107.65208
2.281215	98.35096
2.2817774	97
2.2823398	97
2.2829022	97.95182
2.2834647	101.69332
2.2840271	111.71944
2.2845895	104.88652
2.285152	94.228333
2.2857144	83.492531
2.2862768	89.922272
2.2868392	88.617142
2.2874017	86.379906
2.2879641	91.374763
2.2885265	99.488518
2.289089	100.96725
2.2896514	95.741234
2.2902138	106.42189
2.2907763	106.21426
2.2913387	102.36955
2.2919011	103.79235
2.2924635	93.683655
2.293026	89.53756
2.2935884	95.163712
2.2941508	99.420555
2.2947133	98.32341
2.2952757	93.91346
2.2958381	88.95311
2.2964005	88
2.296963	88
2.2975254	88
2.2980878	81.744431
2.2986503	77.794128
2.2992127	76.325714
2.2997751	78.443947
2.3003376	82.122475
2.3009	84.322205
2.3014624	82.206505
2.3020248	82
2.3025873	78.594803
2.3031497	72
2.3037121	72
2.3042746	72.45179
2.304837	71.761398
2.3053994	66.139709
2.3059618	68.918228
2.3065243	72.261749
2.3070867	72.963623
2.3076491	79.649086
2.3082116	84.46376
2.308774	87.200142
2.3093364	89.300766
2.3098989	91.867958
2.3104613	92.332069
2.3110237	85.340363
2.3115861	84
2.3121486	88.214386
2.312711	99.387863
2.3132734	95.382141
2.3138359	94.071915
2.3143983	96.054581
2.3149607	96.75148
2.3155231	101.03186
2.3160856	104.41402
2.316648	96.759438
2.3172104	95
2.3177729	96.616028
2.3183353	101.47995
2.3188977	92.076988
2.3194602	90.402145
2.3200226	100
2.320585	100
2.3211474	96.447105
2.3217099	91.614052
2.3222723	96.462265
2.3228347	96.582886
2.3233972	95.820564
2.3239596	99.278488
2.324522	112.02969
2.3250844	135.54568
2.3256469	174.90842
2.3262093	248.2439
2.3267717	419.75946
2.3273342	707.99756
2.3278966	964.47668
2.328459	1085.1304
2.3290215	1101.0635
2.3295839	1198.7817
2.3301463	1217.729
2.3307087	1283.9026
2.3312712	1753.229
2.3318336	1957.6716
2.332396	1948.538
2.3329585	1632.2206
2.3335209	1210.9657
2.3340833	812.15204
2.3346457	496.29391
2.3352082	298.01758
2.3357706	181.73074
2.336333	153.67998
2.3368955	137.65456
2.3374579	128.24672
2.3380203	124.6619
2.3385828	117.8341
2.3391452	118.59225
2.3397076	124.97713
2.34027	133.15627
2.3408325	131.55638
2.3413949	126.25098
2.3419573	127.6126
2.3425198	128.48683
2.3430822	131.67357
2.3436446	142.5508
2.344207	139.20906
2.3447695	135.64519
2.3453319	141.07442
2.3458943	149.31844
2.3464568	159.34398
2.3470192	171.54572
2.3475816	161.06868
2.3481441	152.45261
2.3487065	151.0988
2.3492689	162.9157
2.3498313	164.23387
2.3503938	151.38748
2.3509562	156.24135
2.3515186	155.36528
2.3520811	147.98923
2.3526435	146.64006
2.3532059	144.93727
2.3537683	143.36685
2.3543308	152.12135
2.3548932	148.50082
2.3554556	136.33694
2.3560181	141.04419
2.3565805	145.3577
2.3571429	150.82411
2.3577054	169.62628
2.3582678	172.10349
2.3588302	164.76219
2.3593926	162.75053
2.3599551	160.73924
2.3605175	161.80582
2.3610799	182.56342
2.3616424	176.25706
2.3622048	156.61917
2.3627672	147.2554
2.3633296	141.38435
2.3638921	138.31247
2.3644545	140.31615
2.3650169	138.80215
2.3655794	136.32051
2.3661418	138.32135
2.3667042	132.39458
2.3672667	124.10668
2.3678291	124.77269
2.3683915	129.38332
2.3689539	132.20042
2.3695164	114.24861
2.3700788	112.76395
2.3706412	117.05242
2.3712037	103.76976
2.3717661	99.850334
2.3723285	101.6197
2.3728909	106.26209
2.3734534	99.70845
2.3740158	87.691475
2.3745782	85.043884
2.3751407	85.202438
2.3757031	86.875053
2.3762655	85.55275
2.376828	84.61554
2.3773904	84
2.3779528	84
2.3785152	88.015099
2.3790777	94.652122
2.3796401	85.421822
2.3802025	78.598442
2.380765	74.016502
2.3813274	80.600372
2.3818898	83.045525
2.3824522	81.072014
2.3830147	83.532501
2.3835771	86.160912
2.3841395	88.789322
2.384702	85.981194
2.3852644	83.480164
2.3858268	82.168518
2.3863893	82
2.3869517	82.453163
2.3875141	83.763359
2.3880765	88.289436
2.388639	91.047783
2.3892014	87.777748
2.3897638	86.003914
2.3903263	87.877792
2.3908887	100.29015
2.3914511	137.84712
2.3920135	191.82748
2.392576	274.00446
2.3931384	376.41415
2.3937008	505.16672
2.3942633	765.68591
2.3948257	976.41577
2.3953881	1151.2159
2.3959506	1409.3536
2.396513	1682.6678
2.3970754	1971.7771
2.3976378	2239.1963
2.3982003	2599.4841
2.3987627	3094.375
2.3993251	3534.5662
2.3998876	3840.4929
2.40045	3887.7766
2.4010124	4449.1846
2.4015749	5052.0054
2.4021373	5335.9653
2.4026997	4279.6216
2.4032621	2714.4009
2.4038246	1636.6649
2.404387	874.00104
2.4049494	340.98309
2.4055119	159.12462
2.4060743	56.420116
2.4066367	33.210484
2.4071991	23.454119
2.4077616	18.25429
2.408324	18.897947
2.4088864	19
2.4094489	20.290878
2.4100113	24.78911
2.4105737	21.306353
2.4111362	16
2.4116986	16
2.412261	15.210122
2.4128234	14.144506
2.4133859	16.707941
2.4139483	15.777508
2.4145107	11.296365
2.4150732	9.8043499
2.4156356	9.7129974
2.416198	11.630884
2.4167604	12
2.4173229	11.690397
2.4178853	10.413536
2.4184477	12.157146
2.4190102	14.861121
2.4195726	13.58633
2.420135	11.623449
2.4206975	9.0745564
2.4212599	13.94467
2.4218223	16.490967
2.4223847	15.218925
2.4229472	13.947452
2.4235096	12.190893
2.424072	9.01507
2.4246345	9.728137
2.4251969	11.866125
2.4257593	10.597845
2.4263217	10
2.4268842	10
2.4274466	10
2.428009	10.235518
2.4285715	10.868299
2.4291339	12.502426
2.4296963	13.600574
2.4302588	11.704781
2.4308212	12.190378
2.4313836	13.829821
2.431946	10.043302
2.4325085	8.2903032
2.4330709	8.9208841
2.4336333	9
2.4341958	9
2.4347582	9
2.4353206	9.4398584
2.435883	10.069038
2.4364455	10.69777
2.4370079	10.347692
2.4375703	9.0915689
2.4381328	10.164246
2.4386952	11.419589
2.4392576	12.674044
2.4398201	12.535998
2.4403825	11.909177
2.4409449	11.282783
2.4415073	9.6262808
2.4420698	7.1220331
2.4426322	7.5949221
2.4431946	8.2201452
2.4437571	8.845046
2.4443195	9
2.4448819	9
2.4454443	9
2.4460068	8.3153305
2.4465692	7.068171
2.4471316	7.5890269
2.4476941	9.4840012
2.4482565	13.843296
2.4488189	12.257094
2.4493814	9
2.4499438	9
2.4505062	8.6775389
2.4510686	8.0560951
2.4516311	9.6942625
2.4521935	10.258215
2.4527559	7.7763619
2.4533184	7.4260368
2.4538808	7.9080758
2.4544432	6.6694293
2.4550056	7.422667
2.4555681	10.51847
2.4561305	9.4334927
2.4566929	8.4214439
2.4572554	10.276004
2.4578178	11.376459
2.4583802	11.994
2.4589427	10.165861
2.4595051	9.2284584
2.4600675	9.8450298
2.4606299	8.1540785
2.4611924	6.0777888
2.4617548	6.6933947
2.4623172	7.9265175
2.4628797	9.7723703
2.4634421	8.9217463
2.4640045	8
2.4645669	8
2.4651294	7.2349234
2.4656918	6.007236
2.4662542	9.0503349
2.4668167	11.22346
2.4673791	11.836348
2.4679415	11.101999
2.468504	9.8769579
2.4690664	8.6527748
2.4696288	8.2855558
2.4701912	8.8973303
2.4707537	7.9828463
2.4713161	7
2.4718785	7
2.472441	8.7051888
2.4730034	11.756937
2.4735658	8.071907
2.4741282	5.6833224
2.4746907	8.1215668
2.4752531	9.3895493
2.4758155	9.9984818
2.476378	8.7861137
2.4769404	8.2152376
2.4775028	8.8232269
2.4780653	5.9838114
2.4786277	2.3453722
2.4791901	7.8088331
2.4797525	9.4859161
2.480315	5.8454819
2.4808774	8.7227726
2.4814398	12.714299
2.4820023	10.291082
2.4825647	9
2.4831271	9
2.4836895	9
2.484252	9
2.4848144	9
2.4853768	9
2.4859393	9
2.4865017	10.027445
2.4870641	10.882888
2.4876266	10.279871
2.488189	9.6771021
2.4887514	9.0745478
2.4893138	9
2.4898763	8.7408066
2.4904387	7.5375419
2.4910011	7.3326073
2.4915636	7.9337797
2.492126	9.0693598
2.4926884	10.406225
2.4932508	12.206989
2.4938133	10.986032
2.4943757	7.3872495
2.4949381	10.209085
2.4955006	12.731762
2.496063	11.533691
2.4966254	11
2.4971879	11
2.4977503	9.9433889
2.4983127	9
2.4988751	9
2.4994376	9.3212271
2.5	9.918292
