1.5	1783.5109
1.5005624	1776.4254
1.5011249	1775.3643
1.5016873	1779.6338
1.5022497	1773.2025
1.5028121	1764.9193
1.5033746	1769.3304
1.503937	1764.3793
1.5044994	1762.3585
1.5050619	1758.4352
1.5056243	1758.9801
1.5061867	1753.3492
1.5067492	1757.7683
1.5073116	1757.2063
1.507874	1752.4928
1.5084364	1747.1061
1.5089989	1743.7704
1.5095613	1742.6394
1.5101237	1743.3727
1.5106862	1734.4739
1.5112486	1739.5217
1.511811	1731.4141
1.5123734	1731.667
1.5129359	1733.9664
1.5134983	1723.2792
1.5140607	1720.4918
1.5146232	1724.7043
1.5151856	1718.9691
1.515748	1721.6528
1.5163105	1720.2041
1.5168729	1715.4091
1.5174353	1714.4756
1.5179977	1705.4429
1.5185602	1704.745
1.5191226	1709.5422
1.519685	1702.1687
1.5202475	1701.009
1.5208099	1699.9341
1.5213723	1699.0811
1.5219347	1696.9742
1.5224972	1686.1934
1.5230596	1697.0176
1.523622	1688.1846
1.5241845	1688.5575
1.5247469	1683.7601
1.5253093	1682.8041
1.5258718	1678.5267
1.5264342	1678.4558
1.5269966	1664.1735
1.527559	1674.5118
1.5281215	1666.4564
1.5286839	1674.9006
1.5292463	1659.876
1.5298088	1667.7471
1.5303712	1665.1614
1.5309336	1658.9703
1.531496	1650.7333
1.5320585	1656.9033
1.5326209	1649.9225
1.5331833	1651.4185
1.5337458	1653.6986
1.5343082	1645.4429
1.5348706	1645.8167
1.5354331	1645.5143
1.5359955	1645.4982
1.5365579	1635.8969
1.5371203	1631.2574
1.5376828	1628.1699
1.5382452	1631.2218
1.5388076	1638.7965
1.5393701	1625.269
1.5399325	1622.2008
1.5404949	1625.5192
1.5410573	1618.262
1.5416198	1612.5448
1.5421822	1618.127
1.5427446	1621.7532
1.5433071	1608.6416
1.5438695	1615.9722
1.5444319	1608.7675
1.5449944	1609.9684
1.5455568	1608.2595
1.5461192	1597.9805
1.5466816	1602.8096
1.5472441	1603.7404
1.5478065	1593.4089
1.5483689	1590.6929
1.5489314	1589.0892
1.5494938	1592.1532
1.5500562	1585.8286
1.5506186	1582.7682
1.5511811	1581.5864
1.5517435	1584.0853
1.5523059	1577.8591
1.5528684	1577.668
1.5534308	1572.9841
1.5539932	1573.5037
1.5545557	1570.837
1.5551181	1572.9137
1.5556805	1561.9484
1.5562429	1563.8752
1.5568054	1566.145
1.5573678	1563.9333
1.5579302	1566.0671
1.5584927	1552.1172
1.5590551	1550.6832
1.5596175	1549.6595
1.5601799	1545.2826
1.5607424	1539.2985
1.5613048	1545.7207
1.5618672	1538.9335
1.5624297	1539.5463
1.5629921	1542.0808
1.5635545	1529.269
1.564117	1537.2743
1.5646794	1539.8109
1.5652418	1530.9316
1.5658042	1532.054
1.5663667	1528.0605
1.5669291	1514.3074
1.5674915	1520.6639
1.568054	1523.9418
1.5686164	1525.6467
1.5691788	1515.9355
1.5697412	1518.0226
1.5703037	1518.9536
1.5708661	1508.5897
1.5714285	1507.6641
1.571991	1509.1509
1.5725534	1505.7644
1.5731158	1505.9161
1.5736783	1499.0017
1.5742407	1511.0248
1.5748031	1491.342
1.5753655	1500.3647
1.575928	1494.2136
1.5764904	1488.6455
1.5770528	1489.2391
1.5776153	1482.0229
1.5781777	1489.7349
1.5787401	1489.4954
1.5793025	1479.5438
1.579865	1484.9573
1.5804274	1475.442
1.5809898	1478.1622
1.5815523	1479.9508
1.5821147	1481.3591
1.5826771	1473.5878
1.5832396	1466.8252
1.583802	1475.2219
1.5843644	1461.1687
1.5849268	1461.9078
1.5854893	1458.6367
1.5860517	1455.1479
1.5866141	1462.6144
1.5871766	1460.6311
1.587739	1457.7024
1.5883014	1450.2379
1.5888638	1452.4486
1.5894263	1447.7036
1.5899887	1446.3713
1.5905511	1455.5045
1.5911136	1443.2218
1.591676	1447.4821
1.5922384	1439.2258
1.5928009	1438.8086
1.5933633	1432.0435
1.5939257	1437.8232
1.5944881	1441.3523
1.5950506	1429.6979
1.595613	1427.675
1.5961754	1425.5057
1.5967379	1433.5616
1.5973003	1422.1615
1.5978627	1424.5703
1.5984251	1425.0327
1.5989876	1423.103
1.59955	1423.0874
1.6001124	1430.9966
1.6006749	1412.6893
1.6012373	1420.712
1.6017997	1423.1099
1.6023622	1416.7798
1.6029246	1407.1234
1.603487	1405.8187
1.6040494	1414.1926
1.6046119	1406.4961
1.6051743	1412.2867
1.6057367	1394.0759
1.6062992	1407.715
1.6068616	1397.2102
1.607424	1406.4421
1.6079865	1398.5273
1.6085489	1396.5392
1.6091113	1394.1809
1.6096737	1391.6902
1.6102362	1392.995
1.6107986	1392.1456
1.611361	1396.6708
1.6119235	1380.3802
1.6124859	1385.9973
1.6130483	1384.0229
1.6136107	1389.6935
1.6141732	1382.5349
1.6147356	1375.3165
1.615298	1380.9696
1.6158605	1383.6929
1.6164229	1378.2131
1.6169853	1379.4315
1.6175478	1375.303
1.6181102	1370.7711
1.6186726	1365.3605
1.619235	1364.2889
1.6197975	1359.0662
1.6203599	1372.6823
1.6209223	1366.9211
1.6214848	1369.1891
1.6220472	1361.9866
1.6226096	1369.9474
1.623172	1357.2274
1.6237345	1369.8348
1.6242969	1354.5117
1.6248593	1352.2507
1.6254219	1349.611
1.6259843	1348.0623
1.6265467	1363.5734
1.6271092	1342.0266
1.6276716	1349.345
1.628234	1347.0159
1.6287965	1330.1237
1.6293589	1348.9379
1.6299213	1355.6294
1.6304837	1350.2407
1.6310462	1345.661
1.6316086	1344.1958
1.632171	1343.0441
1.6327335	1330.9377
1.6332959	1332.7336
1.6338583	1329.7865
1.6344208	1354.8354
1.6349832	1332.1046
1.6355456	1331.2037
1.636108	1332.5596
1.6366705	1341.696
1.6372329	1329.6417
1.6377953	1335.0366
1.6383578	1330.076
1.6389202	1323.7729
1.6394826	1331.158
1.640045	1327.1274
1.6406075	1323.8149
1.6411699	1324.4395
1.6417323	1322.4341
1.6422948	1330.1482
1.6428572	1328.5355
1.6434196	1308.4937
1.6439821	1316.9615
1.6445445	1330.9315
1.6451069	1323.8329
1.6456693	1326.6732
1.6462318	1324.6587
1.6467942	1329.462
1.6473566	1311.2506
1.6479191	1320.8604
1.6484815	1327.6741
1.6490439	1306.5176
1.6496063	1321.5724
1.6501688	1327.3208
1.6507312	1328.578
1.6512936	1321.8186
1.6518561	1315.5082
1.6524185	1317.1306
1.6529809	1308.1628
1.6535434	1316.0042
1.6541058	1298.9047
1.6546682	1310.1869
1.6552306	1305.1266
1.6557931	1310.9253
1.6563555	1315.7639
1.6569179	1310.1436
1.6574804	1318.593
1.6580428	1286.1431
1.6586052	1310.3237
1.6591676	1287.6653
1.6597301	1313.7764
1.6602925	1302.4736
1.6608549	1304.7615
1.6614174	1309.5283
1.6619798	1294.5822
1.6625422	1293.1311
1.6631047	1299.3
1.6636671	1296.3922
1.6642295	1308.2201
1.6647919	1294.6484
1.6653544	1310.6506
1.6659168	1300.7645
1.6664792	1317.0284
1.6670417	1296.6344
1.6676041	1319.1268
1.6681665	1313.1986
1.6687289	1321.5731
1.6692914	1308.3779
1.6698538	1300.7069
1.6704162	1296.8542
1.6709787	1314.932
1.6715411	1283.7834
1.6721035	1344.6445
1.672666	1298.9209
1.6732284	1310.5684
1.6737908	1306.1691
1.6743532	1304.5294
1.6749157	1317.1929
1.6754781	1297.4193
1.6760405	1309.5281
1.676603	1306.6136
1.6771654	1277.1079
1.6777278	1292.6642
1.6782902	1296.0447
1.6788527	1292.0325
1.6794151	1292.7634
1.6799775	1285.9922
1.68054	1291.3071
1.6811024	1300.0785
1.6816648	1318.4661
1.6822273	1311.4154
1.6827897	1333.4154
1.6833521	1335.3989
1.6839145	1309.5844
1.684477	1305.7412
1.6850394	1319.2413
1.6856018	1285.6006
1.6861643	1300.1494
1.6867267	1299.4888
1.6872891	1304.7948
1.6878515	1324.4832
1.688414	1334.813
1.6889764	1310.3796
1.6895388	1321.0314
1.6901013	1326.7944
1.6906637	1326.601
1.6912261	1341.2667
1.6917886	1320.7369
1.692351	1335.0607
1.6929134	1323.8325
1.6934758	1323.3344
1.6940383	1323.8225
1.6946007	1343.1141
1.6951631	1330.9915
1.6957256	1333.4114
1.696288	1353.4854
1.6968504	1342.2814
1.6974128	1332.1814
1.6979753	1322.5718
1.6985377	1324.3973
1.6991001	1331.9191
1.6996626	1341.9739
1.700225	1344.814
1.7007874	1334.2589
1.7013499	1342.6803
1.7019123	1327.0051
1.7024747	1321.6758
1.7030371	1341.2487
1.7035996	1330.0886
1.704162	1357.0813
1.7047244	1361.0996
1.7052869	1347.5127
1.7058493	1346.0117
1.7064117	1363.6027
1.7069741	1351.4569
1.7075366	1366.7566
1.708099	1382.27
1.7086614	1384.1967
1.7092239	1375.3186
1.7097863	1363.5708
1.7103487	1364.1573
1.7109112	1362.1052
1.7114736	1386.7407
1.712036	1391.1812
1.7125984	1362.1459
1.7131609	1387.85
1.7137233	1368.2881
1.7142857	1378.0059
1.7148482	1375.6433
1.7154106	1404.5392
1.715973	1395.2334
1.7165354	1389.0237
1.7170979	1391.641
1.7176603	1399.3036
1.7182227	1393.1327
1.7187852	1384.465
1.7193476	1396.6024
1.71991	1429.1371
1.7204725	1394.0507
1.7210349	1422.193
1.7215973	1436.4807
1.7221597	1412.153
1.7227222	1421.4469
1.7232846	1433.1577
1.723847	1437.7194
1.7244095	1454.2466
1.7249719	1461.5916
1.7255343	1464.0983
1.7260967	1465.1036
1.7266592	1468.5555
1.7272216	1490.375
1.727784	1519.1132
1.7283465	1490.6956
1.7289089	1496.9366
1.7294713	1517.2953
1.7300338	1495.2603
1.7305962	1494.9156
1.7311586	1500.4264
1.731721	1521.5409
1.7322835	1492.4132
1.7328459	1489.1501
1.7334083	1481.6598
1.7339708	1510.8805
1.7345332	1545.6956
1.7350956	1504.1816
1.735658	1511.2175
1.7362205	1499.8052
1.7367829	1512.3031
1.7373453	1531.8237
1.7379078	1519.5897
1.7384702	1549.3538
1.7390326	1534.11
1.7395951	1528.896
1.7401575	1556.1119
1.7407199	1566.5238
1.7412823	1587.5306
1.7418448	1586.4849
1.7424072	1565.6144
1.7429696	1601.9375
1.7435321	1603.078
1.7440945	1612.5009
1.7446569	1610.5505
1.7452193	1615.6156
1.7457818	1660.1725
1.7463442	1654.9264
1.7469066	1659.1483
1.7474691	1696.5692
1.7480315	1699.6
1.7485939	1723.9955
1.7491564	1727.6956
1.7497188	1707.8292
1.7502812	1720.16
1.7508436	1704.5441
1.7514061	1743.3596
1.7519685	1736.3055
1.7525309	1765.2577
1.7530934	1778.8635
1.7536558	1737.1825
1.7542182	1822.8984
1.7547807	1796.9152
1.7553431	1802.5841
1.7559055	1812.8901
1.7564679	1800.6714
1.7570304	1806.7169
1.7575928	1811.1045
1.7581552	1850.8043
1.7587177	1885.762
1.7592801	1841.6896
1.7598425	1855.3556
1.7604049	1839.0879
1.7609674	1860.033
1.7615298	1879.2491
1.7620922	1869.9351
1.7626547	1888.3733
1.7632171	1904.7598
1.7637795	1894.1779
1.764342	1947.1155
1.7649044	1943.4877
1.7654668	1928.2401
1.7660292	1950.0614
1.7665917	1934.9221
1.7671541	2010.2477
1.7677165	2002.821
1.768279	1986.1093
1.7688414	2016.8303
1.7694038	2043.9421
1.7699662	2059.9626
1.7705287	2055.2317
1.7710911	2091.3306
1.7716535	2073.9272
1.772216	2083.3774
1.7727784	2128.4148
1.7733408	2108.3982
1.7739033	2108.2219
1.7744657	2136.3596
1.7750281	2187.4766
1.7755905	2164.4243
1.776153	2211.2561
1.7767154	2207.2598
1.7772778	2277.4253
1.7778403	2257.8196
1.7784027	2252.3933
1.7789651	2284.3599
1.7795275	2339.7009
1.78009	2313.4238
1.7806524	2339.197
1.7812148	2362.4844
1.7817773	2443.8496
1.7823397	2385.3518
1.7829021	2434.3384
1.7834646	2418.9812
1.784027	2412.0801
1.7845894	2462.3684
1.7851518	2493.7869
1.7857143	2518.4644
1.7862767	2514.6631
1.7868391	2504.9751
1.7874016	2551.0894
1.787964	2523.6821
1.7885264	2584.2668
1.7890888	2589.9597
1.7896513	2637.1226
1.7902137	2647.3306
1.7907761	2684.8157
1.7913386	2657.2012
1.791901	2717.3384
1.7924634	2710.4802
1.7930259	2726.0432
1.7935883	2760.6111
1.7941507	2740.2739
1.7947131	2834.5532
1.7952756	2839.9514
1.795838	2880.4714
1.7964004	2862.0454
1.7969629	2942.5894
1.7975253	2988.238
1.7980877	2990.9973
1.7986501	2987.2913
1.7992126	3023.6755
1.799775	3048.5759
1.8003374	3071.0381
1.8008999	3156.6274
1.8014623	3204.1016
1.8020247	3224.4602
1.8025872	3228.8313
1.8031496	3284.9741
1.803712	3298.0918
1.8042744	3334.0662
1.8048369	3340.3101
1.8053993	3370.9956
1.8059617	3366.9399
1.8065242	3399.2258
1.8070866	3393.6331
1.807649	3422.1223
1.8082114	3501.0679
1.8087739	3495.6775
1.8093363	3452.9597
1.8098987	3504.4546
1.8104612	3540.8677
1.8110236	3575.4956
1.811586	3549.5288
1.8121485	3587.6162
1.8127109	3652.1848
1.8132733	3686.3025
1.8138357	3673.2473
1.8143982	3744.499
1.8149606	3800.9375
1.815523	3825.3875
1.8160855	3845.5833
1.8166479	3950.1621
1.8172103	3964.3984
1.8177727	3992.3674
1.8183352	4043.3997
1.8188976	4132.8354
1.81946	4172.8906
1.8200225	4231.5796
1.8205849	4326.0112
1.8211473	4391.9502
1.8217098	4387.2529
1.8222722	4483.7354
1.8228346	4541.2959
1.823397	4597.3354
1.8239595	4680.1479
1.8245219	4729.3999
1.8250843	4835.7632
1.8256468	4848.0552
1.8262092	4885.4907
1.8267716	4940.7969
1.827334	5012.2969
1.8278965	5025.2358
1.8284589	5118.6924
1.8290213	5157.6362
1.8295838	5164.0376
1.8301462	5233.104
1.8307086	5336.4927
1.8312711	5357.7334
1.8318335	5379.8853
1.8323959	5412.0049
1.8329583	5496.002
1.8335208	5579.6567
1.8340832	5613.9165
1.8346456	5639.3408
1.8352081	5766.9351
1.8357705	5749.4023
1.8363329	5894.1016
1.8368953	5936.8862
1.8374578	6026.1611
1.8380202	6147.5664
1.8385826	6208.6758
1.8391451	6251.3555
1.8397075	6419.1431
1.8402699	6494.4307
1.8408324	6622.8242
1.8413948	6704.5537
1.8419572	6827.9849
1.8425196	6896.5
1.8430821	7030.6797
1.8436445	7098.0854
1.8442069	7177.2715
1.8447694	7364.8062
1.8453318	7483.6021
1.8458942	7566.8477
1.8464566	7632.2046
1.8470191	7755.6108
1.8475815	7865.522
1.8481439	7943.0615
1.8487064	8056.3228
1.8492688	8098.0459
1.8498312	8152.0547
1.8503937	8309.6943
1.8509561	8424.667
1.8515185	8427.7529
1.8520809	8513.209
1.8526434	8632.6494
1.8532058	8712.0381
1.8537682	8798.9951
1.8543307	8957.6875
1.8548931	9097.3652
1.8554555	9192.04
1.8560179	9252.3721
1.8565804	9411.4883
1.8571428	9434.4941
1.8577052	9640.6426
1.8582677	9724.2178
1.8588301	9914.127
1.8593925	10056.833
1.859955	10163.865
1.8605174	10331.484
1.8610798	10577.536
1.8616422	10784.431
1.8622047	10979.699
1.8627671	11172.172
1.8633295	11283.405
1.863892	11447.791
1.8644544	11747.732
1.8650168	11833.374
1.8655792	12023.338
1.8661417	12319.702
1.8667041	12537.729
1.8672665	12735.203
1.867829	12920.008
1.8683914	13108.58
1.8689538	13355.481
1.8695163	13560.694
1.8700787	13835.441
1.8706411	14106.851
1.8712035	14275.613
1.871766	14423.769
1.8723284	14699.043
1.8728908	14819.769
1.8734533	15032.826
1.8740157	15290.314
1.8745781	15484.976
1.8751407	15572.46
1.8757031	15885.088
1.8762655	16150.918
1.876828	16307.612
1.8773904	16594.285
1.8779528	16924.998
1.8785152	17190.119
1.8790777	17489.201
1.8796401	17715.541
1.8802025	17912.574
1.880765	18291.281
1.8813274	18720.145
1.8818898	18973.254
1.8824522	19364.963
1.8830147	19667.412
1.8835771	20054.508
1.8841395	20447.74
1.884702	20926.85
1.8852644	21268.838
1.8858268	21582.756
1.8863893	22021.164
1.8869517	22449.994
1.8875141	23030.994
1.8880765	23436.342
1.888639	23963.008
1.8892014	24253.494
1.8897638	24569.391
1.8903263	25073.393
1.8908887	25383.9
1.8914511	25685.061
1.8920135	26165.643
1.892576	26466.609
1.8931384	26729.414
1.8937008	27028.164
1.8942633	27585.725
1.8948257	27936.283
1.8953881	28181.078
1.8959506	28507.955
1.896513	28789.986
1.8970754	29102.941
1.8976378	29506.727
1.8982003	29912.18
1.8987627	30328.957
1.8993251	30704.537
1.8998876	30941.086
1.90045	31324.813
1.9010124	31855.164
1.9015749	32381.313
1.9021373	33262.328
1.9026997	33682.859
1.9032621	34365.641
1.9038246	34649.066
1.904387	35231.668
1.9049494	35859.805
1.9055119	36271.766
1.9060743	36902.633
1.9066367	37510.328
1.9071991	38074.254
1.9077616	38662.625
1.908324	39108.57
1.9088864	39712.652
1.9094489	40214.941
1.9100113	40518.023
1.9105737	40868.98
1.9111362	41397.777
1.9116986	41867.371
1.912261	42306.914
1.9128234	42528.523
1.9133859	42722.332
1.9139483	43033.922
1.9145107	43311.191
1.9150732	43517.168
1.9156356	43893.004
1.916198	44208.445
1.9167604	44547.766
1.9173229	44556.48
1.9178853	44863.137
1.9184477	44877.754
1.9190102	45020.457
1.9195726	45556.977
1.920135	45836.547
1.9206975	46018.809
1.9212599	46165.148
1.9218223	46460.465
1.9223847	46970.27
1.9229472	47181.941
1.9235096	47749.285
1.924072	48112.691
1.9246345	48477.457
1.9251969	48856.383
1.9257593	49163.574
1.9263217	49537.23
1.9268842	49722.965
1.9274466	50246.434
1.928009	50569.5
1.9285715	50723.949
1.9291339	50855.953
1.9296963	51090.305
1.9302588	51285.418
1.9308212	51147.863
1.9313836	51355.777
1.931946	51124.711
1.9325085	51119.887
1.9330709	50790.109
1.9336333	50661.277
1.9341958	50231.539
1.9347582	50039.805
1.9353206	49710.641
1.935883	49466.613
1.9364455	48772.652
1.9370079	48491.535
1.9375703	48341.566
1.9381328	48158.344
1.9386952	47461.563
1.9392576	47241.066
1.9398201	47087.457
1.9403825	46649.504
1.9409449	46203.594
1.9415073	46005.797
1.9420698	46003.852
1.9426322	45554.426
1.9431946	45317.012
1.9437571	45115.387
1.9443195	44913.105
1.9448819	44704.965
1.9454443	44415.656
1.9460068	44164.84
1.9465692	44073.52
1.9471316	43614.688
1.9476941	43271.297
1.9482565	43109.906
1.9488189	42511.516
1.9493814	42367.047
1.9499438	41851.684
1.9505062	41382.047
1.9510686	40995.254
1.9516311	40149.496
1.9521935	39611.094
1.9527559	38920.785
1.9533184	38454.504
1.9538808	37693.332
1.9544432	37025.172
1.9550056	36281.004
1.9555681	35719.715
1.9561305	34997.551
1.9566929	34253.633
1.9572554	33760.043
1.9578178	33271.641
1.9583802	32471.691
1.9589427	31986.457
1.9595051	31447.385
1.9600675	30914.402
1.9606299	30425.656
1.9611924	29823.436
1.9617548	29396.379
1.9623172	29080.951
1.9628797	28674.148
1.9634421	28207.525
1.9640045	27864.176
1.9645669	27543.336
1.9651294	27080.107
1.9656918	26818.086
1.9662542	26541.959
1.9668167	26008.641
1.9673791	25569.047
1.9679415	25219.395
1.968504	24859.02
1.9690664	24455.334
1.9696288	23967.137
1.9701912	23737.227
1.9707537	23239.076
1.9713161	22907.043
1.9718785	22466.479
1.972441	22143.479
1.9730034	21544.961
1.9735658	21143.891
1.9741282	20919.393
1.9746907	20327.773
1.9752531	19817.758
1.9758155	19430.133
1.976378	19061.777
1.9769404	18586.107
1.9775028	18027.768
1.9780653	17618.428
1.9786277	17367.975
1.9791901	17011.914
1.9797525	16595.527
1.980315	16276.694
1.9808774	15915.199
1.9814398	15511.51
1.9820023	15163.843
1.9825647	14856.536
1.9831271	14665.392
1.9836895	14200.611
1.984252	13886.946
1.9848144	13707.446
1.9853768	13391.837
1.9859393	13140.16
1.9865017	12939.601
1.9870641	12720.573
1.9876266	12542.395
1.988189	12319.681
1.9887514	12085.922
1.9893138	11896.127
1.9898763	11655.585
1.9904387	11422.145
1.9910011	11180.732
1.9915636	10968.655
1.992126	10814.716
1.9926884	10538.917
1.9932508	10396.03
1.9938133	10284.625
1.9943757	10135.369
1.9949381	9764.2676
1.9955006	9656.998
1.996063	9496.2305
1.9966254	9346.6768
1.9971879	9149.2959
1.9977503	8879.9404
1.9983127	8708.6074
1.9988751	8644.6318
1.9994376	8554.917
2	8344.166
2.0005624	8089.9849
2.0011249	7909.8867
2.0016873	7789.3535
2.0022497	7678.0732
2.0028121	7593.6714
2.0033746	7435.6514
2.003937	7153.4961
2.0044994	7139.5151
2.0050619	6950.4814
2.0056243	6832.8252
2.0061867	6653.4419
2.0067492	6545.0313
2.0073116	6382.6396
2.007874	6256.1553
2.0084364	6171.2671
2.0089989	6027.9951
2.0095613	5890.3145
2.0101237	5842.8682
2.0106862	5736.4194
2.0112486	5644.5205
2.011811	5452.2949
2.0123734	5412.5156
2.0129359	5358.54
2.0134983	5260.9209
2.0140607	5241.4731
2.0146232	5193.8442
2.0151856	5100.3071
2.015748	4984.9819
2.0163105	4914.897
2.0168729	4926.3447
2.0174353	4934.6235
2.0179977	4840.1992
2.0185602	4741.1978
2.0191226	4706.3955
2.019685	4609.0601
2.0202475	4558.2583
2.0208099	4443.6836
2.0213723	4467.8496
2.0219347	4446.21
2.0224972	4373.8311
2.0230596	4297.4556
2.023622	4255.6978
2.0241845	4249.5234
2.0247469	4182.9346
2.0253093	4081.3215
2.0258718	4046.3779
2.0264342	3988.0183
2.0269966	3953.0076
2.027559	3928.3914
2.0281215	3906.9404
2.0286839	3901.8235
2.0292463	3823.8555
2.0298088	3741.5142
2.0303712	3704.186
2.0309336	3590.9963
2.031496	3588.8333
2.0320585	3470.4861
2.0326209	3437.8606
2.0331833	3498.6392
2.0337458	3455.6272
2.0343082	3396.7832
2.0348706	3393.4031
2.0354331	3388.0723
2.0359955	3331.3025
2.0365579	3284.8267
2.0371203	3312.6848
2.0376828	3283.9731
2.0382452	3202.8459
2.0388076	3251.3396
2.0393701	3199.323
2.0399325	3170.1248
2.0404949	3162.2119
2.0410573	3130.3308
2.0416198	3087.1934
2.0421822	3077.2947
2.0427446	3084.6023
2.0433071	3054.6133
2.0438695	3066.2649
2.0444319	3098.8855
2.0449944	3036.6736
2.0455568	2958.5066
2.0461192	2942.1895
2.0466816	2950.5696
2.0472441	2935.2266
2.0478065	2906.5801
2.0483689	2864.4985
2.0489314	2887.6873
2.0494938	2857.217
2.0500562	2790.592
2.0506186	2775.9634
2.0511811	2799.4668
2.0517435	2769.925
2.0523059	2704.0801
2.0528684	2695.2585
2.0534308	2707.7356
2.0539932	2713.9504
2.0545557	2695.5247
2.0551181	2663.1243
2.0556805	2625.9651
2.0562429	2655.0679
2.0568054	2657.5288
2.0573678	2598.8796
2.0579302	2596.5974
2.0584927	2679.8442
2.0590551	2630.3855
2.0596175	2589.3618
2.0601799	2600.7708
2.0607424	2583.8652
2.0613048	2575.2659
2.0618672	2553.7993
2.0624297	2518.6831
2.0629921	2560.647
2.0635545	2515.9504
2.064117	2504.5288
2.0646794	2522.0173
2.0652418	2457.1553
2.0658042	2456.6804
2.0663667	2480.6724
2.0669291	2442.8423
2.0674915	2392.9814
2.068054	2374.4385
2.0686164	2349.0823
2.0691788	2374.4185
2.0697412	2321.3967
2.0703037	2298.332
2.0708661	2296.583
2.0714285	2274.3965
2.071991	2257.8721
2.0725534	2198.1741
2.0731158	2242.6013
2.0736783	2266.1311
2.0742407	2281.8398
2.0748031	2246.823
2.0753655	2218.54
2.075928	2244.7834
2.0764904	2232.7778
2.0770528	2192.0007
2.0776153	2218.8547
2.0781777	2186.9878
2.0787401	2172.2285
2.0793025	2182.4539
2.079865	2201.199
2.0804274	2214.7188
2.0809898	2190.9827
2.0815523	2190.1189
2.0821147	2238.3816
2.0826771	2228.8972
2.0832396	2187.5916
2.083802	2168.9436
2.0843644	2183.7275
2.0849268	2169.9463
2.0854893	2169.0859
2.0860517	2175.1926
2.0866141	2107.936
2.0871766	2064.0603
2.087739	2080.0015
2.0883014	2104.8669
2.0888638	2060.4731
2.0894263	2079.3313
2.0899887	2047.4263
2.0905511	2032.9048
2.0911136	1995.5133
2.091676	1970.0936
2.0922384	1972.7657
2.0928009	1911.407
2.0933633	1947.2788
2.0939257	1933.4064
2.0944881	1939.1194
2.0950506	1972.8065
2.095613	1990.7499
2.0961754	1961.3525
2.0967379	1943.5251
2.0973003	1927.3618
2.0978627	1947.5021
2.0984251	1936.4314
2.0989876	1939.4198
2.09955	1941.3658
2.1001124	1885.7125
2.1006749	1897.5839
2.1012373	1895.5471
2.1017997	1895
2.1023622	1899.0884
2.1029246	1882.6381
2.103487	1852.29
2.1040494	1874.4994
2.1046119	1830.5796
2.1051743	1785.1993
2.1057367	1783.7761
2.1062992	1777.7365
2.1068616	1766.6084
2.107424	1783.7076
2.1079865	1712.1462
2.1085489	1714.3427
2.1091113	1695.7197
2.1096737	1684.4742
2.1102362	1673.0461
2.1107986	1637.2659
2.111361	1584.396
2.1119235	1643.9487
2.1124859	1629.8384
2.1130483	1617
2.1136107	1596.2335
2.1141732	1561.7605
2.1147356	1582.7646
2.115298	1572.7299
2.1158605	1585.5181
2.1164229	1553.0397
2.1169853	1518.3613
2.1175478	1514.5013
2.1181102	1496.8832
2.1186726	1521.8813
2.119235	1526.6958
2.1197975	1548.134
2.1203599	1542.135
2.1209223	1488.4063
2.1214848	1448.2102
2.1220472	1455.6833
2.1226096	1489.1498
2.123172	1476.7572
2.1237345	1458.5551
2.1242969	1463.6992
2.1248593	1418.9851
2.1254218	1404.0809
2.1259842	1387.2158
2.1265466	1388.2191
2.1271091	1386.4525
2.1276715	1367.3723
2.1282339	1393.7944
2.1287963	1369.0045
2.1293588	1368.1272
2.1299212	1358.4457
2.1304836	1338.1257
2.1310461	1329.1509
2.1316085	1320.9199
2.1321709	1268.84
2.1327333	1285.4102
2.1332958	1306.1223
2.1338582	1289.8569
2.1344206	1276.8949
2.1349831	1271.9717
2.1355455	1288.1169
2.1361079	1283.6139
2.1366704	1255.9209
2.1372328	1226.1603
2.1377952	1234.3455
2.1383576	1216.1925
2.1389201	1207.7208
2.1394825	1199.0356
2.1400449	1187.3892
2.1406074	1184.9207
2.1411698	1181.6578
2.1417322	1194.6666
2.1422946	1185.2382
2.1428571	1157.0374
2.1434195	1131.548
2.1439819	1110.391
2.1445444	1092.8586
2.1451068	1072.5895
2.1456692	1074.1898
2.1462317	1095.7831
2.1467941	1068.9946
2.1473565	1065.6583
2.1479189	1074.4561
2.1484814	1051.3083
2.1490438	1019.6671
2.1496062	1065.7576
2.1501687	1016.4264
2.1507311	987.51062
2.1512935	968.08618
2.1518559	964.85516
2.1524184	987.09015
2.1529808	974.99274
2.1535432	958.17975
2.1541057	963.46667
2.1546681	974.72089
2.1552305	968.72943
2.155793	966.31573
2.1563554	939.44379
2.1569178	926.49188
2.1574802	927.75525
2.1580427	933.01874
2.1586051	925.79486
2.1591675	929.99524
2.15973	906.7605
2.1602924	887.42786
2.1608548	893.71796
2.1614172	871.30463
2.1619797	898.42487
2.1625421	903.27557
2.1631045	886.87744
2.163667	865
2.1642294	865
2.1647918	877.09277
2.1653543	878.43988
2.1659167	857.89465
2.1664791	817.36627
2.1670415	804.62347
2.167604	810.63672
2.1681664	814.97906
2.1687288	804.90375
2.1692913	775.49432
2.1698537	760.40808
2.1704161	782.6723
2.1709785	777.51471
2.171541	759.53186
2.1721034	765.44257
2.1726658	738.51874
2.1732283	751.88043
2.1737907	754.58923
2.1743531	743.63385
2.1749156	745.93414
2.175478	717.49341
2.1760404	714.65033
2.1766028	723.55585
2.1771653	737.45886
2.1777277	759.53516
2.1782901	715.40631
2.1788526	699
2.179415	706.12836
2.1799774	717.5614
2.1805398	681.39001
2.1811023	704.75476
2.1816647	721.72528
2.1822271	721.41095
2.1827896	709.69104
2.183352	699.49585
2.1839144	695.81628
2.1844769	675.10767
2.1850393	645.96057
2.1856017	665.52765
2.1861641	670.61652
2.1867266	652.80493
2.187289	631.13507
2.1878514	625.14471
2.1884139	638.41504
2.1889763	625.29651
2.1895387	618.8548
2.1901011	627.49158
2.1906636	646.19525
2.191226	633.59351
2.1917884	612.26648
2.1923509	595.4967
2.1929133	594.33698
2.1934757	617.64728
2.1940382	611.26801
2.1946006	608.26031
2.195163	610.06335
2.1957254	597.65979
2.1962879	587.46448
2.1968503	583.49194
2.1974127	591.46686
2.1979752	610.26147
2.1985376	572.37518
2.1991	565.20416
2.1996624	570.49567
2.2002249	578.88031
2.2007873	583.51031
2.2013497	574.34229
2.2019122	568.61761
2.2024746	568.15662
2.203037	572.02509
2.2035995	585.10925
2.2041619	565.21289
2.2047243	547.78748
2.2052867	554.46991
2.2058492	559.07886
2.2064116	532.35956
2.206974	523.39331
2.2075365	533.58746
2.2080989	515.95441
2.2086613	527.62482
2.2092237	534.44696
2.2097862	532.87695
2.2103486	525.22534
2.210911	507.93604
2.2114735	495.92593
2.2120359	489.72992
2.2125983	489.3349
2.2131608	496.96426
2.2137232	504.59186
2.2142856	501.92566
2.214848	488.1684
2.2154105	498.82883
2.2159729	501.60596
2.2165353	502
2.2170978	496.9155
2.2176602	466.51602
2.2182226	490.45346
2.218785	493.01932
2.2193475	477.11914
2.2199099	491.53107
2.2204723	475.98068
2.2210348	460.10913
2.2215972	456.45358
2.2221596	481.4285
2.2227221	475.91254
2.2232845	462.31009
2.2238469	458.1579
2.2244093	486.10638
2.2249718	459.2406
2.2255342	450.93997
2.2260966	450.36923
2.2266591	442.07883
2.2272215	452.44785
2.2277839	453.50308
2.2283463	450.24399
2.2289088	447.79144
2.2294712	408.68784
2.2300336	413.75723
2.2305961	434.87576
2.2311585	445.79306
2.2317209	429.29129
2.2322834	432.65988
2.2328458	438.92804
2.2334082	432.99188
2.2339706	432.24319
2.2345331	428.46426
2.2350955	430.57043
2.2356579	446.96014
2.2362204	420.81543
2.2367828	420.41177
2.2373452	424.8974
2.2379076	412.20657
2.2384701	426.66879
2.2390325	425.77673
2.2395949	418.77634
2.2401574	418.03171
2.2407198	413.72504
2.2412822	428.88037
2.2418447	442.01089
2.2424071	415.98981
2.2429695	427.7149
2.2435319	431.43201
2.2440944	430.54926
2.2446568	441.67313
2.2452192	437.77826
2.2457817	430.67038
2.2463441	421.18231
2.2469065	405.63821
2.2474689	431.24347
2.2480314	442.99445
2.2485938	431.53879
2.2491562	427.84592
2.2497187	432.69034
2.2502813	431.47488
2.2508438	418.59897
2.2514062	411.96637
2.2519686	391.86478
2.2525311	384.41898
2.2530935	411.66086
2.2536559	397.47607
2.2542183	390.15439
2.2547808	385.2504
2.2553432	374.96515
2.2559056	391.29266
2.2564681	395.21402
2.2570305	388.66135
2.2575929	392.32669
2.2581553	396.58817
2.2587178	394.70441
2.2592802	384.87451
2.2598426	371.70801
2.2604051	384.27957
2.2609675	396.69592
2.2615299	390.12082
2.2620924	386.4165
2.2626548	396.15997
2.2632172	409.12109
2.2637796	405.47504
2.2643421	394.86523
2.2649045	400.93356
2.2654669	424.7793
2.2660294	447.33606
2.2665918	461.71082
2.2671542	471.71225
2.2677166	478.97742
2.2682791	486.23813
2.2688415	484.05432
2.2694039	485.00272
2.2699664	514.00085
2.2705288	538.61157
2.2710912	555.88293
2.2716537	565.72601
2.2722161	572.96222
2.2727785	558.89484
2.2733409	546.42474
2.2739034	553.6499
2.2744658	542.3197
2.2750282	541.08771
2.2755907	542.05475
2.2761531	514.64966
2.2767155	492.98438
2.2772779	479.246
2.2778404	474.39197
2.2784028	439.14005
2.2789652	429.15787
2.2795277	425.34201
2.2800901	393.00726
2.2806525	385.57312
2.281215	380.10577
2.2817774	372.6745
2.2823398	384.14685
2.2829022	385.14453
2.2834647	381.61523
2.2840271	380.18295
2.2845895	381.87234
2.285152	380.62344
2.2857144	376.93033
2.2862768	389.07541
2.2868392	389.13388
2.2874017	385.39426
2.2879641	386.82138
2.2885265	389.49619
2.289089	391.67395
2.2896514	393.24707
2.2902138	396.80728
2.2907763	401.78574
2.2913387	406.18478
2.2919011	406.89618
2.2924635	402.14526
2.293026	405.3439
2.2935884	418.18146
2.2941508	396.89725
2.2947133	385.43121
2.2952757	383.94916
2.2958381	397.41299
2.2964005	404.57559
2.296963	404.64084
2.2975254	396.14505
2.2980878	400.17038
2.2986503	403.20587
2.2992127	402.82858
2.2997751	388.70706
2.3003376	394.88782
2.3009	400.3851
2.3014624	389.10141
2.3020248	382.27588
2.3025873	365.71973
2.3031497	341.60822
2.3037121	366.94354
2.3042746	359.28387
2.304837	336.98727
2.3053994	327.85202
2.3059618	327.11951
2.3065243	330.61752
2.3070867	337.63629
2.3076491	339.3298
2.3082116	331.94931
2.308774	318.7338
2.3093364	326.43613
2.3098989	326.66504
2.3104613	328.50342
2.3110237	347.38101
2.3115861	348.74081
2.3121486	346.20981
2.312711	344.11478
2.3132734	369.72806
2.3138359	385.14383
2.3143983	388.9454
2.3149607	388.2485
2.3155231	400.54358
2.3160856	421.62305
2.316648	448.76199
2.3172104	433.57578
2.3177729	418.69382
2.3183353	429.81131
2.3188977	426.65869
2.3194602	420.22675
2.3200226	412.08456
2.320585	419.01669
2.3211474	438.97491
2.3217099	459.99982
2.3222723	420.52151
2.3228347	414.14087
2.3233972	416.73309
2.3239596	398.75186
2.324522	414.13815
2.3250844	434.27759
2.3256469	446.70792
2.3262093	519.09863
2.3267717	646.78607
2.3273342	834.34766
2.3278966	1074.681
2.328459	1170.1069
2.3290215	1159.7654
2.3295839	1297.3967
2.3301463	1309.181
2.3307087	1305.7872
2.3312712	1547.6655
2.3318336	1801.9175
2.332396	1925.1067
2.3329585	1687.697
2.3335209	1366.55
2.3340833	1043.9645
2.3346457	752.77203
2.3352082	625.25482
2.3357706	543.95026
2.336333	498.11121
2.3368955	481.65457
2.3374579	489.07825
2.3380203	517.98053
2.3385828	537.78113
2.3391452	552.38623
2.3397076	562.32568
2.34027	565.05212
2.3408325	579.77521
2.3413949	600.63922
2.3419573	620.38269
2.3425198	649.36768
2.3430822	674
2.3436446	674
2.344207	686.63477
2.3447695	701.49603
2.3453319	713.03314
2.3458943	758.91058
2.3464568	829.92389
2.3470192	933.63861
2.3475816	942.42059
2.3481441	891.28162
2.3487065	770.79309
2.3492689	755.72858
2.3498313	720.43799
2.3503938	650.12097
2.3509562	620.48297
2.3515186	564.36597
2.3520811	479.84369
2.3526435	460.28091
2.3532059	438.6015
2.3537683	415.20984
2.3543308	396.354
2.3548932	388.37497
2.3554556	387.6041
2.3560181	368.10266
2.3565805	358.42819
2.3571429	356.06516
2.3577054	356.73666
2.3582678	346.79892
2.3588302	334.14023
2.3593926	352.24512
2.3599551	355.63797
2.3605175	350.63797
2.3610799	347.95956
2.3616424	339.69907
2.3622048	330.19727
2.3627672	331.53494
2.3633296	322.40927
2.3638921	309.2709
2.3644545	304.59567
2.3650169	306.51654
2.3655794	309.71796
2.3661418	301.71457
2.3667042	320.57773
2.3672667	346.18634
2.3678291	334.8642
2.3683915	334.06833
2.3689539	338.51843
2.3695164	341.84283
2.3700788	341.70074
2.3706412	340.77902
2.3712037	346.09207
2.3717661	355.65298
2.3723285	364.31796
2.3728909	351.71716
2.3734534	338.29388
2.3740158	326.38565
2.3745782	329.69516
2.3751407	330.19836
2.3757031	329.06247
2.3762655	329.72363
2.376828	330
2.3773904	329.7749
2.3779528	326.47467
2.3785152	317.33481
2.3790777	303.77637
2.3796401	297.84259
2.3802025	290.53998
2.380765	282.04126
2.3813274	298.50095
2.3818898	293.31921
2.3824522	265.03226
2.3830147	270.33124
2.3835771	268.77591
2.3841395	256.94803
2.384702	245.73605
2.3852644	240.81941
2.3858268	245.41019
2.3863893	256.28247
2.3869517	261.96075
2.3875141	256.06488
2.3880765	235.69754
2.388639	220.71399
2.3892014	226.60004
2.3897638	219.03525
2.3903263	205.45612
2.3908887	185.85765
2.3914511	197.38095
2.3920135	226.01115
2.392576	273.62164
2.3931384	347.68994
2.3937008	448.01755
2.3942633	647.31476
2.3948257	889.49768
2.3953881	1161.5623
2.3959506	1324.7677
2.396513	1522.2893
2.3970754	1755.5258
2.3976378	2063.4248
2.3982003	2367.0103
2.3987627	2658.8857
2.3993251	3220.8752
2.3998876	3645.7375
2.40045	3705.9758
2.4010124	4176.7979
2.4015749	4756.856
2.4021373	5324.1289
2.4026997	4645.5083
2.4032621	3394.844
2.4038246	2019.2445
2.404387	1099.1323
2.4049494	501.73044
2.4055119	234.10181
2.4060743	82.63018
2.4066367	47.815723
2.4071991	33.791595
2.4077616	24.982843
2.408324	22.408216
2.4088864	17.669544
2.4094489	14.553233
2.4100113	16.481049
2.4105737	17.469364
2.4111362	17.553766
2.4116986	14.986146
2.412261	14.394938
2.4128234	15
2.4133859	15
2.4139483	14.365002
2.4145107	13.084676
2.4150732	13.597825
2.4156356	14.475332
2.416198	15.753923
2.4167604	15.484023
2.4173229	15.154801
2.4178853	15.793233
2.4184477	14.705712
2.4190102	13.277757
2.4195726	15.827339
2.420135	13.902763
2.4206975	8.1677513
2.4212599	12.326585
2.4218223	14.490968
2.4223847	13.218926
2.4229472	14.052548
2.4235096	14.838178
2.424072	14.203013
2.4246345	12.703897
2.4251969	11.267751
2.4257593	13.804312
2.4263217	14.664961
2.4268842	14.031163
2.4274466	14.602313
2.428009	13.822406
2.4285715	10.658509
2.4291339	10
2.4296963	11.065133
2.4302588	16.120586
2.4308212	16.809622
2.4313836	15
2.431946	15
2.4325085	13.258182
2.4330709	9.474699
2.4336333	9.5510216
2.4341958	9.8190479
2.4347582	9.1894779
2.4353206	11.639152
2.435883	14.930962
2.4364455	14.30223
2.4370079	12.043077
2.4375703	8.2747049
2.4381328	13.239107
2.4386952	15.321644
2.4392576	10.303826
2.4398201	10.392006
2.4403825	11.909177
2.4409449	11.282783
2.4415073	11
2.4420698	11
2.4426322	12.784766
2.4431946	13.11942
2.4437571	10.619817
2.4443195	11.409095
2.4448819	12.717345
2.4454443	10.844626
2.4460068	9.3153305
2.4465692	8.0681715
2.4471316	8.5890265
2.4476941	9.6359997
2.4482565	11.504271
2.4488189	12
2.4493814	11.524014
2.4499438	7.7943687
2.4505062	8.2572289
2.4510686	12.607336
2.4516311	13.564754
2.4521935	13.072769
2.4527559	9.9704533
2.4533184	7.7218904
2.4538808	6.137887
2.4544432	7.9958558
2.4550056	9.8536005
2.4555681	11.711082
2.4561305	9.9113235
2.4566929	8.5619249
2.4572554	11.034673
2.4578178	11.623541
2.4583802	11.006
2.4589427	7.9431024
2.4595051	6.6853752
2.4600675	8.5350895
2.4606299	9
2.4611924	9.0777884
2.4617548	9.6933937
2.4623172	10
2.4628797	10
2.4634421	10
2.4640045	10
2.4645669	10
2.4651294	9.2349234
2.4656918	8.0072365
2.4662542	8.6100674
2.4668167	8.7765398
2.4673791	8.1636524
2.4679415	5.7549977
2.468504	3.4921682
2.4690664	8.3889017
2.4696288	10.428887
2.4701912	9.2053394
2.4707537	10.525731
2.4713161	12.119656
2.4718785	12.730479
2.472441	11.294811
2.4730034	8.2430639
2.4735658	11.366937
2.4741282	13.145847
2.4746907	10.098042
2.4752531	8.6104498
2.4758155	8.0015182
2.476378	8
2.4769404	8.6457119
2.4775028	10.469683
2.4780653	9.2764635
2.4786277	7.1918736
2.4791901	10.22713
2.4797525	10.990611
2.480315	8.5636549
2.4808774	9.39604
2.4814398	11
2.4820023	11
2.4825647	11.565486
2.4831271	12.77585
2.4836895	11.521435
2.484252	9.9023476
2.4848144	9.2979403
2.4853768	9.3062315
2.4859393	9.9101744
2.4865017	10.513722
2.4870641	10.648664
2.4876266	8.839613
2.488189	7.6771021
2.4887514	7.0745478
2.4893138	7.5276027
2.4898763	8.3887901
2.4904387	10.193687
2.4910011	10.002178
2.4915636	8.1986609
2.492126	9.0693598
2.4926884	9.5937748
2.4932508	7.7930107
2.4938133	7.3356614
2.4943757	7.9354582
2.4949381	8
2.4955006	8.2682381
2.496063	9.4663086
2.4966254	9.3362951
2.4971879	8.1394396
2.4977503	8
2.4983127	8.2524281
2.4988751	9.4477673
2.4994376	9.6787729
2.5	9.081708
