1.5	588.23578
1.5005624	587.10126
1.5011249	588.55005
1.5016873	588.96753
1.5022497	580.67676
1.5028121	583.53009
1.5033746	584.00061
1.503937	582.67468
1.5044994	577.22699
1.5050619	581.48767
1.5056243	578.63495
1.5061867	583.35645
1.5067492	587.88983
1.5073116	578.36816
1.507874	576.20789
1.5084364	571.76471
1.5089989	577.104
1.5095613	571.909
1.5101237	575.98499
1.5106862	570.08014
1.5112486	570.16968
1.511811	579.25854
1.5123734	571.55029
1.5129359	576.22986
1.5134983	573.82275
1.5140607	573.36633
1.5146232	578.01318
1.5151856	574.83978
1.515748	572.87177
1.5163105	564.41345
1.5168729	572.11169
1.5174353	574.62799
1.5179977	565.66736
1.5185602	571.35498
1.5191226	566.67426
1.519685	565.82422
1.5202475	573.27863
1.5208099	569.789
1.5213723	570.50488
1.5219347	572.31158
1.5224972	564.57281
1.5230596	565.93732
1.523622	563.25201
1.5241845	569.47101
1.5247469	562.57983
1.5253093	567.34723
1.5258718	561.84253
1.5264342	563.46222
1.5269966	564.22314
1.527559	563.88782
1.5281215	561.99152
1.5286839	558.45844
1.5292463	561.89587
1.5298088	556.66388
1.5303712	560.1969
1.5309336	559.74219
1.531496	544.55908
1.5320585	560.86682
1.5326209	553.94342
1.5331833	558.92889
1.5337458	555.56409
1.5343082	548.15045
1.5348706	553.65845
1.5354331	549.16339
1.5359955	548.40735
1.5365579	550.89185
1.5371203	548.974
1.5376828	555.2356
1.5382452	561.98041
1.5388076	559.1153
1.5393701	556.98907
1.5399325	552.08209
1.5404949	549.96759
1.5410573	546.60327
1.5416198	554.52118
1.5421822	553.3374
1.5427446	546.51483
1.5433071	553.77972
1.5438695	542.30829
1.5444319	543.16345
1.5449944	556.815
1.5455568	556.90887
1.5461192	556.1026
1.5466816	549.16571
1.5472441	547.57556
1.5478065	543.53113
1.5483689	545.08636
1.5489314	549.70813
1.5494938	545.67603
1.5500562	544.65997
1.5506186	556.21149
1.5511811	545.73651
1.5517435	547.84357
1.5523059	543.95367
1.5528684	545.40491
1.5534308	554.5094
1.5539932	545.08246
1.5545557	545.35101
1.5551181	543.20062
1.5556805	549.94476
1.5562429	543.89307
1.5568054	541.77325
1.5573678	540.33154
1.5579302	540.96973
1.5584927	540.35962
1.5590551	530.72955
1.5596175	532.78149
1.5601799	535.89886
1.5607424	543.42175
1.5613048	542.96527
1.5618672	535.40222
1.5624297	540.07471
1.5629921	535.07947
1.5635545	540.6842
1.564117	537.23639
1.5646794	546.44135
1.5652418	529.50305
1.5658042	538.63
1.5663667	536.23145
1.5669291	545.0921
1.5674915	537.42993
1.568054	537.37085
1.5686164	540.13898
1.5691788	528.98639
1.5697412	535.04669
1.5703037	543.64453
1.5708661	540.52441
1.5714285	540.86572
1.571991	537.5755
1.5725534	527.5127
1.5731158	542.61554
1.5736783	532.18542
1.5742407	543.74921
1.5748031	536.30914
1.5753655	534.28516
1.575928	533.85327
1.5764904	523.91266
1.5770528	524.55188
1.5776153	533.55524
1.5781777	537.17841
1.5787401	534.05396
1.5793025	531.03937
1.579865	527.26556
1.5804274	534.69397
1.5809898	522.36859
1.5815523	539.53082
1.5821147	536.22681
1.5826771	533.27081
1.5832396	543.32446
1.583802	536.5799
1.5843644	530.08307
1.5849268	530.20154
1.5854893	529.5014
1.5860517	538.89844
1.5866141	529.80499
1.5871766	538.12567
1.587739	523.24896
1.5883014	528.79272
1.5888638	537.64661
1.5894263	541.85242
1.5899887	534.83026
1.5905511	539.38837
1.5911136	545.62646
1.591676	538.20697
1.5922384	538.67596
1.5928009	530.88202
1.5933633	544.86072
1.5939257	533.88464
1.5944881	537.94342
1.5950506	530.99652
1.595613	533.16998
1.5961754	537.21844
1.5967379	532.836
1.5973003	526.00214
1.5978627	549.88245
1.5984251	531.18292
1.5989876	529.14117
1.59955	530.69586
1.6001124	537.91095
1.6006749	529.14984
1.6012373	524.56238
1.6017997	538.69775
1.6023622	530.67578
1.6029246	538.28888
1.603487	532.02771
1.6040494	527.04578
1.6046119	528.88104
1.6051743	539.46924
1.6057367	540.17511
1.6062992	541.85486
1.6068616	535.75641
1.607424	548.22205
1.6079865	537.20721
1.6085489	544.07355
1.6091113	548.2572
1.6096737	532.68396
1.6102362	534.44092
1.6107986	540.9903
1.611361	549.10181
1.6119235	561.01715
1.6124859	543.23584
1.6130483	557.2757
1.6136107	534.72864
1.6141732	557.36053
1.6147356	546.14142
1.615298	550.96704
1.6158605	547.70776
1.6164229	556.88782
1.6169853	543.22076
1.6175478	562.52386
1.6181102	543.52557
1.6186726	555.53674
1.619235	537.27625
1.6197975	545.13885
1.6203599	556.67572
1.6209223	549.45569
1.6214848	548.75244
1.6220472	550.15997
1.6226096	546.56506
1.623172	547.46649
1.6237345	558.49146
1.6242969	557.32458
1.6248593	548.40106
1.6254219	552.83142
1.6259843	544.2934
1.6265467	565.1897
1.6271092	565.76794
1.6276716	552.12866
1.628234	563.35199
1.6287965	547.49725
1.6293589	553.80237
1.6299213	568.46051
1.6304837	554.94995
1.6310462	570.96301
1.6316086	566.49731
1.632171	547.58881
1.6327335	565.37341
1.6332959	564.61737
1.6338583	574.02704
1.6344208	567.30774
1.6349832	562.63763
1.6355456	568.44519
1.636108	563.00409
1.6366705	567.77252
1.6372329	561.37262
1.6377953	560.40814
1.6383578	574.17957
1.6389202	561.33167
1.6394826	578.0094
1.640045	570.591
1.6406075	579.79022
1.6411699	578.29974
1.6417323	566.38953
1.6422948	578.59839
1.6428572	583.53754
1.6434196	567.21655
1.6439821	599.50677
1.6445445	596.82239
1.6451069	592.84302
1.6456693	584.13629
1.6462318	599.93719
1.6467942	609.01379
1.6473566	599.30127
1.6479191	593.61169
1.6484815	586.58228
1.6490439	588.37805
1.6496063	608.42023
1.6501688	610.77936
1.6507312	605.83051
1.6512936	613.00513
1.6518561	608.71887
1.6524185	619.19189
1.6529809	620.08643
1.6535434	626.4715
1.6541058	624.8559
1.6546682	633.21735
1.6552306	608.92291
1.6557931	616.12592
1.6563555	625.44373
1.6569179	620.53778
1.6574804	619.80658
1.6580428	623.54633
1.6586052	621.18201
1.6591676	625.61041
1.6597301	622.42462
1.6602925	626.54285
1.6608549	616.86725
1.6614174	622.17316
1.6619798	628.48694
1.6625422	643.22943
1.6631047	636.25677
1.6636671	644.82013
1.6642295	636.92322
1.6647919	622.56427
1.6653544	631.37555
1.6659168	645.63635
1.6664792	643.97559
1.6670417	662.026
1.6676041	653.85913
1.6681665	669.04529
1.6687289	654.1604
1.6692914	657.19232
1.6698538	666.28772
1.6704162	666.04828
1.6709787	661.7973
1.6715411	679.44092
1.6721035	695.44391
1.672666	659.5672
1.6732284	675.45801
1.6737908	674.48358
1.6743532	676.04266
1.6749157	662.52063
1.6754781	672.61096
1.6760405	679.58105
1.676603	685.92438
1.6771654	675.7334
1.6777278	693.07623
1.6782902	681.88391
1.6788527	681.05029
1.6794151	682.46021
1.6799775	704.87567
1.68054	672.10431
1.6811024	683.18488
1.6816648	699.98895
1.6822273	703.99359
1.6827897	703.47491
1.6833521	703.98859
1.6839145	740.23309
1.684477	728.58136
1.6850394	749.323
1.6856018	750.52246
1.6861643	726.83752
1.6867267	728.87445
1.6872891	727.05981
1.6878515	729.58282
1.688414	731.07825
1.6889764	744.65558
1.6895388	748.7171
1.6901013	759.89288
1.6906637	740.90198
1.6912261	764.98926
1.6917886	765.18115
1.692351	765.64459
1.6929134	770.6239
1.6934758	769.37079
1.6940383	760.55981
1.6946007	795.3548
1.6951631	762.50861
1.6957256	777.63928
1.696288	794.33984
1.6968504	778.84326
1.6974128	780.66589
1.6979753	803.79535
1.6985377	790.16724
1.6991001	803.91626
1.6996626	812.70386
1.700225	791.25818
1.7007874	807.16583
1.7013499	824.95868
1.7019123	813.27954
1.7024747	801.18591
1.7030371	817.78699
1.7035996	822.92004
1.704162	838.55792
1.7047244	823.97302
1.7052869	842.453
1.7058493	841.04169
1.7064117	860.69727
1.7069741	850.57526
1.7075366	852.76794
1.708099	867.91827
1.7086614	866.06799
1.7092239	874.8457
1.7097863	898.38275
1.7103487	895.45459
1.7109112	904.71185
1.7114736	882.61615
1.712036	887.38019
1.7125984	888.07092
1.7131609	890.42102
1.7137233	892.35498
1.7142857	910.39099
1.7148482	905.72784
1.7154106	914.59369
1.715973	916.17047
1.7165354	895.49677
1.7170979	950.61749
1.7176603	930.27863
1.7182227	937.86584
1.7187852	938.91028
1.7193476	944.05322
1.71991	928.83984
1.7204725	968.73877
1.7210349	973.06433
1.7215973	999.68396
1.7221597	976.11743
1.7227222	985.49493
1.7232846	996.75354
1.723847	1000.9108
1.7244095	1031.4762
1.7249719	1013.8348
1.7255343	1038.8987
1.7260967	1039.236
1.7266592	1041.3545
1.7272216	1065.1754
1.727784	1071.911
1.7283465	1087.6859
1.7289089	1085.1758
1.7294713	1087.8213
1.7300338	1120.6145
1.7305962	1118.7362
1.7311586	1110.6843
1.731721	1090.3081
1.7322835	1103.0909
1.7328459	1127.1702
1.7334083	1120.5914
1.7339708	1109.0356
1.7345332	1112.7201
1.7350956	1117.9915
1.735658	1140.1542
1.7362205	1142.7141
1.7367829	1163.6957
1.7373453	1144.7128
1.7379078	1126.2256
1.7384702	1151.0646
1.7390326	1155.1077
1.7395951	1183.4233
1.7401575	1165.5205
1.7407199	1191.4137
1.7412823	1166.7323
1.7418448	1203.0007
1.7424072	1205.3474
1.7429696	1232.5177
1.7435321	1244.7113
1.7440945	1280.8793
1.7446569	1252.5352
1.7452193	1286.3844
1.7457818	1344.7192
1.7463442	1315.3151
1.7469066	1331.5477
1.7474691	1350.3741
1.7480315	1364.53
1.7485939	1373.9271
1.7491564	1356.5139
1.7497188	1400.558
1.7502812	1390.6421
1.7508436	1387.4246
1.7514061	1440.6295
1.7519685	1427.0609
1.7525309	1439.0895
1.7530934	1486.6748
1.7536558	1436.4843
1.7542182	1479.7134
1.7547807	1503.6696
1.7553431	1500.712
1.7559055	1482.0264
1.7564679	1532.0364
1.7570304	1529.7438
1.7575928	1540.6821
1.7581552	1553.4395
1.7587177	1582.6598
1.7592801	1517.6687
1.7598425	1587.6676
1.7604049	1620.3163
1.7609674	1656.7197
1.7615298	1632.808
1.7620922	1637.1812
1.7626547	1635.468
1.7632171	1685.536
1.7637795	1695.4373
1.764342	1738.3879
1.7649044	1684.4514
1.7654668	1723.8402
1.7660292	1744.3398
1.7665917	1757.4526
1.7671541	1783.6735
1.7677165	1775.3704
1.768279	1783.3649
1.7688414	1816.5605
1.7694038	1802.3929
1.7699662	1829.2832
1.7705287	1883.6592
1.7710911	1816.7571
1.7716535	1863.9063
1.772216	1911.2407
1.7727784	1925.002
1.7733408	1941.9984
1.7739033	1955.9271
1.7744657	1981.3373
1.7750281	1981.1069
1.7755905	2028.7714
1.776153	2073.7373
1.7767154	2081.5874
1.7772778	2109.7649
1.7778403	2114.8877
1.7784027	2150.3901
1.7789651	2127.7048
1.7795275	2209.5955
1.78009	2223.4592
1.7806524	2238.6233
1.7812148	2236.4131
1.7817773	2287.4626
1.7823397	2262.9727
1.7829021	2339.2151
1.7834646	2324.7996
1.784027	2290.1746
1.7845894	2326.5977
1.7851518	2431.6436
1.7857143	2448.8093
1.7862767	2452.946
1.7868391	2488.7739
1.7874016	2445.3013
1.787964	2475.8008
1.7885264	2482.0847
1.7890888	2571.5967
1.7896513	2598.4856
1.7902137	2650.1802
1.7907761	2627.552
1.7913386	2594.4641
1.791901	2667.0576
1.7924634	2632.3225
1.7930259	2710.9351
1.7935883	2767.6045
1.7941507	2784.1099
1.7947131	2833.1934
1.7952756	2845.6553
1.795838	2833.7671
1.7964004	2900.8271
1.7969629	2907.4407
1.7975253	2931.8911
1.7980877	2982.2302
1.7986501	3027.9148
1.7992126	3066.283
1.799775	3121.6563
1.8003374	3188.541
1.8008999	3228.5281
1.8014623	3281.4399
1.8020247	3341.3169
1.8025872	3350.8918
1.8031496	3322.3301
1.803712	3370.2305
1.8042744	3381.4229
1.8048369	3491.457
1.8053993	3463.2329
1.8059617	3563.1016
1.8065242	3548.1829
1.8070866	3549.9368
1.807649	3561.9702
1.8082114	3600.3081
1.8087739	3587.9365
1.8093363	3691.0742
1.8098987	3691.7729
1.8104612	3684.6184
1.8110236	3726.4722
1.811586	3824.1045
1.8121485	3832.5164
1.8127109	3843.7456
1.8132733	3856.8286
1.8138357	3924.4929
1.8143982	3943.6387
1.8149606	3962.0564
1.815523	4052.3064
1.8160855	4081.3452
1.8166479	4175.6108
1.8172103	4189.4536
1.8177727	4205.9175
1.8183352	4303.7065
1.8188976	4399.2163
1.81946	4482.8184
1.8200225	4592.7764
1.8205849	4562.3638
1.8211473	4704.2363
1.8217098	4757.9614
1.8222722	4884.8813
1.8228346	4907.2437
1.823397	4874.7759
1.8239595	5053.8291
1.8245219	5132.5332
1.8250843	5114.0952
1.8256468	5222.4253
1.8262092	5253.0376
1.8267716	5335.8945
1.827334	5433.7373
1.8278965	5508.3682
1.8284589	5518.083
1.8290213	5589.5454
1.8295838	5623.0669
1.8301462	5635.436
1.8307086	5697.6519
1.8312711	5762.9897
1.8318335	5815.4512
1.8323959	5873.7222
1.8329583	6030.5884
1.8335208	6007.4888
1.8340832	6081.7085
1.8346456	6195.5454
1.8352081	6259.8135
1.8357705	6304.167
1.8363329	6398.1846
1.8368953	6459.6777
1.8374578	6595.1074
1.8380202	6722.3892
1.8385826	6793.0562
1.8391451	6921.2261
1.8397075	6924.7061
1.8402699	7148.6089
1.8408324	7216.1738
1.8413948	7385.2261
1.8419572	7413.5688
1.8425196	7536.5215
1.8430821	7709.397
1.8436445	7801.9526
1.8442069	7930.7231
1.8447694	8078.3408
1.8453318	8181.8447
1.8458942	8243.793
1.8464566	8373.3691
1.8470191	8502.084
1.8475815	8635.6309
1.8481439	8731.293
1.8487064	8841.6514
1.8492688	8964.5898
1.8498312	9043.6807
1.8503937	9099.1318
1.8509561	9215.7891
1.8515185	9400.7861
1.8520809	9463.4014
1.8526434	9561.9795
1.8532058	9642.3486
1.8537682	9759.1494
1.8543307	9890.6113
1.8548931	9928.4795
1.8554555	10091.532
1.8560179	10227.243
1.8565804	10384.414
1.8571428	10572.604
1.8577052	10660.537
1.8582677	10813.941
1.8588301	10982.952
1.8593925	11145.392
1.859955	11266.725
1.8605174	11452.725
1.8610798	11681.543
1.8616422	11895.2
1.8622047	12033.092
1.8627671	12261.486
1.8633295	12473.637
1.863892	12663.126
1.8644544	12909.622
1.8650168	13170.229
1.8655792	13373.052
1.8661417	13646.282
1.8667041	13899.167
1.8672665	14010.051
1.867829	14273.044
1.8683914	14502.01
1.8689538	14718.981
1.8695163	14983.771
1.8700787	15269.441
1.8706411	15493.979
1.8712035	15699.561
1.871766	15895.442
1.8723284	16164.232
1.8728908	16323.135
1.8734533	16593.955
1.8740157	16726.32
1.8745781	16964.395
1.8751407	17182
1.8757031	17502.49
1.8762655	17850.068
1.876828	18078.67
1.8773904	18317.225
1.8779528	18675.57
1.8785152	18869.291
1.8790777	19113.646
1.8796401	19554.727
1.8802025	19864.098
1.880765	20207.613
1.8813274	20575.66
1.8818898	20756.854
1.8824522	21257.77
1.8830147	21669.613
1.8835771	22023.705
1.8841395	22413.441
1.884702	22826.549
1.8852644	23375.965
1.8858268	23837.77
1.8863893	24298.502
1.8869517	24823.799
1.8875141	25069.725
1.8880765	25731.65
1.888639	26054.07
1.8892014	26405.754
1.8897638	27051.316
1.8903263	27459.131
1.8908887	27869.748
1.8914511	28349.834
1.8920135	28736.184
1.892576	29140.783
1.8931384	29455.877
1.8937008	29940.299
1.8942633	30334.342
1.8948257	30565.408
1.8953881	30874.484
1.8959506	31343.936
1.896513	31704.336
1.8970754	32142.799
1.8976378	32563.369
1.8982003	32858.5
1.8987627	33250.281
1.8993251	33734.207
1.8998876	34176.488
1.90045	34653.785
1.9010124	34963.555
1.9015749	35312.629
1.9021373	35902.738
1.9026997	36597.641
1.9032621	37163.875
1.9038246	37506.016
1.904387	38067.02
1.9049494	38773.738
1.9055119	39471.98
1.9060743	39886.984
1.9066367	40507.277
1.9071991	41359.91
1.9077616	41902.496
1.908324	42424.898
1.9088864	42828.234
1.9094489	43423.406
1.9100113	43825.523
1.9105737	44528.227
1.9111362	45064.844
1.9116986	45505.723
1.912261	46029.676
1.9128234	46246.875
1.9133859	46588.559
1.9139483	46972.633
1.9145107	47204.723
1.9150732	47336.645
1.9156356	47588.426
1.916198	47876.23
1.9167604	48284.551
1.9173229	48833.789
1.9178853	48691.684
1.9184477	48720.617
1.9190102	49156.988
1.9195726	49488.781
1.920135	49585.695
1.9206975	50154.969
1.9212599	50201.922
1.9218223	50721.109
1.9223847	51097.457
1.9229472	51481.164
1.9235096	51950.086
1.924072	52456.156
1.9246345	52634.66
1.9251969	53255.41
1.9257593	53745.395
1.9263217	54050.309
1.9268842	54752.129
1.9274466	55155.059
1.928009	55212.645
1.9285715	55596.266
1.9291339	55976.613
1.9296963	55776.043
1.9302588	56194.035
1.9308212	56260.074
1.9313836	56565.391
1.931946	56415.645
1.9325085	56188.117
1.9330709	56184.863
1.9336333	56131.938
1.9341958	55658.965
1.9347582	55599.637
1.9353206	55379.113
1.935883	55043.227
1.9364455	54816.492
1.9370079	54473.598
1.9375703	54160.328
1.9381328	53521.223
1.9386952	53455.832
1.9392576	53220.469
1.9398201	52597.707
1.9403825	52238.461
1.9409449	51945.316
1.9415073	51953.246
1.9420698	51588.813
1.9426322	51335.059
1.9431946	51020.113
1.9437571	51004.977
1.9443195	50928.34
1.9448819	50823.594
1.9454443	50429.43
1.9460068	50308.234
1.9465692	49838.234
1.9471316	49749.613
1.9476941	49458.945
1.9482565	49282.145
1.9488189	48619.57
1.9493814	48389.27
1.9499438	47632.555
1.9505062	47559.277
1.9510686	46938.531
1.9516311	46084.914
1.9521935	45689.266
1.9527559	44806.102
1.9533184	44245.301
1.9538808	43409.855
1.9544432	42779.133
1.9550056	41986.418
1.9555681	41254.488
1.9561305	40560.875
1.9566929	39995.684
1.9572554	39317.863
1.9578178	38524.652
1.9583802	37889.277
1.9589427	37119.813
1.9595051	36526.965
1.9600675	36046.734
1.9606299	35552.277
1.9611924	34937.141
1.9617548	34377.832
1.9623172	33899.383
1.9628797	33422.703
1.9634421	32920.621
1.9640045	32558.453
1.9645669	32166.688
1.9651294	31619.523
1.9656918	31334.525
1.9662542	30927.387
1.9668167	30488.744
1.9673791	30229.027
1.9679415	29749.281
1.968504	29071.408
1.9690664	28901.729
1.9696288	28337.135
1.9701912	28123.092
1.9707537	27584.666
1.9713161	27230.938
1.9718785	26786.518
1.972441	26280.377
1.9730034	25717.881
1.9735658	25187.271
1.9741282	24814.039
1.9746907	24222.637
1.9752531	23718.758
1.9758155	23279.074
1.976378	22768.564
1.9769404	22275.246
1.9775028	21709.965
1.9780653	21133.508
1.9786277	20782.986
1.9791901	20508.096
1.9797525	20064.641
1.980315	19560.803
1.9808774	19137.252
1.9814398	18753.33
1.9820023	18307.646
1.9825647	17796.77
1.9831271	17422.139
1.9836895	17268.865
1.984252	16956.092
1.9848144	16493.422
1.9853768	16264.317
1.9859393	15904.944
1.9865017	15665.184
1.9870641	15383.23
1.9876266	15048.68
1.988189	14788.459
1.9887514	14515.37
1.9893138	14283.276
1.9898763	13981.912
1.9904387	13740.262
1.9910011	13532.489
1.9915636	13240.093
1.992126	13001.985
1.9926884	12829.813
1.9932508	12659.563
1.9938133	12360.35
1.9943757	12017.633
1.9949381	11841.879
1.9955006	11816.473
1.996063	11467.077
1.9966254	11274.066
1.9971879	11044.216
1.9977503	10768.682
1.9983127	10604.401
1.9988751	10433.152
1.9994376	10194.507
2	9959.9355
2.0005624	9822.3555
2.0011249	9650.75
2.0016873	9322.957
2.0022497	9120.5605
2.0028121	9099.6719
2.0033746	8921.8516
2.003937	8637.8643
2.0044994	8523.2227
2.0050619	8325.0957
2.0056243	8102.3594
2.0061867	7980.4604
2.0067492	7812.8389
2.0073116	7647.9688
2.007874	7478.3394
2.0084364	7365.6123
2.0089989	7258.9365
2.0095613	7083.1875
2.0101237	6931.7778
2.0106862	6813.2251
2.0112486	6708.981
2.011811	6625.0918
2.0123734	6487.2524
2.0129359	6347.7383
2.0134983	6313.1089
2.0140607	6195.5576
2.0146232	6061.9863
2.0151856	5923.1855
2.015748	5834.8184
2.0163105	5821.356
2.0168729	5764.083
2.0174353	5620.8105
2.0179977	5589.6274
2.0185602	5572.8965
2.0191226	5444.6313
2.019685	5430.8574
2.0202475	5364.6084
2.0208099	5320.561
2.0213723	5243.6528
2.0219347	5164.5464
2.0224972	5051.4004
2.0230596	4986.834
2.023622	4961.6763
2.0241845	4889.2476
2.0247469	4861.9902
2.0253093	4809.8027
2.0258718	4696.2432
2.0264342	4719.04
2.0269966	4606.8608
2.027559	4511.0527
2.0281215	4436.2378
2.0286839	4347.8882
2.0292463	4281.9795
2.0298088	4267.748
2.0303712	4259.5073
2.0309336	4194.6279
2.031496	4109.4004
2.0320585	4144.1729
2.0326209	4028.1714
2.0331833	3972.5432
2.0337458	3945.4292
2.0343082	3882.3118
2.0348706	3855.4124
2.0354331	3820.8159
2.0359955	3768.5117
2.0365579	3755.2019
2.0371203	3718.9719
2.0376828	3631.2231
2.0382452	3634.8291
2.0388076	3677.9014
2.0393701	3593.2261
2.0399325	3597.5754
2.0404949	3552.5476
2.0410573	3513.9548
2.0416198	3512.4514
2.0421822	3494.0842
2.0427446	3509.9033
2.0433071	3465.1797
2.0438695	3487.5864
2.0444319	3399.2166
2.0449944	3350.4082
2.0455568	3332.0774
2.0461192	3320.6672
2.0466816	3321.5188
2.0472441	3304.9487
2.0478065	3236.4351
2.0483689	3201.3662
2.0489314	3186.2046
2.0494938	3166.6506
2.0500562	3153.9839
2.0506186	3055.877
2.0511811	3031.7695
2.0517435	3044.0808
2.0523059	3031.04
2.0528684	3028.2585
2.0534308	3029.1765
2.0539932	2937.7288
2.0545557	2931.7214
2.0551181	2940.9585
2.0556805	2900.3181
2.0562429	2877
2.0568054	2881.645
2.0573678	2875.7329
2.0579302	2834.2686
2.0584927	2779.1167
2.0590551	2816.2107
2.0596175	2823.0398
2.0601799	2840.6047
2.0607424	2832.5193
2.0613048	2815.2495
2.0618672	2793.4946
2.0624297	2773.1855
2.0629921	2785.2422
2.0635545	2800.6079
2.064117	2710.1138
2.0646794	2685.0681
2.0652418	2666.3206
2.0658042	2687.8889
2.0663667	2705.4163
2.0669291	2666.7488
2.0674915	2606.8625
2.068054	2611.2253
2.0686164	2576.2512
2.0691788	2505.9465
2.0697412	2534.1277
2.0703037	2526.4895
2.0708661	2476.1506
2.0714285	2455.8105
2.071991	2471.9146
2.0725534	2432
2.0731158	2432
2.0736783	2411.1445
2.0742407	2416.915
2.0748031	2398.356
2.0753655	2390.1316
2.075928	2419.4636
2.0764904	2387.9695
2.0770528	2339.384
2.0776153	2329.5801
2.0781777	2409.5532
2.0787401	2434.2996
2.0793025	2403.4426
2.079865	2378.6074
2.0804274	2388.3181
2.0809898	2378.5674
2.0815523	2356.9727
2.0821147	2380.7959
2.0826771	2388.179
2.0832396	2377.1426
2.083802	2371.6311
2.0843644	2370.4873
2.0849268	2317.4629
2.0854893	2308.8596
2.0860517	2318.8369
2.0866141	2305.5261
2.0871766	2270.8848
2.087739	2243.5964
2.0883014	2243.0918
2.0888638	2251.5356
2.0894263	2258.3931
2.0899887	2234.7957
2.0905511	2206.3455
2.0911136	2186.1174
2.091676	2171.0388
2.0922384	2151.5063
2.0928009	2126.3438
2.0933633	2131.4685
2.0939257	2141.1792
2.0944881	2167.4741
2.0950506	2123.2139
2.095613	2084.7239
2.0961754	2133.2734
2.0967379	2087.4248
2.0973003	2101.8867
2.0978627	2144.6489
2.0984251	2092.6609
2.0989876	2062.5442
2.09955	2083.2493
2.1001124	2073.9939
2.1006749	2115.5435
2.1012373	2035.2362
2.1017997	2032.9481
2.1023622	2014.9363
2.1029246	2005.718
2.103487	2027.9128
2.1040494	2002.5574
2.1046119	1977.219
2.1051743	2021.9082
2.1057367	1994.2834
2.1062992	1947.5845
2.1068616	1924.5302
2.107424	1916.3119
2.1079865	1926.4147
2.1085489	1893.7008
2.1091113	1842.5383
2.1096737	1818.4742
2.1102362	1817.1125
2.1107986	1807.7467
2.111361	1779.2137
2.1119235	1803.146
2.1124859	1759.0309
2.1130483	1774.674
2.1136107	1792.5796
2.1141732	1750.7042
2.1147356	1735.3527
2.115298	1707.7571
2.1158605	1707.1479
2.1164229	1703.2086
2.1169853	1691.4968
2.1175478	1677.8484
2.1181102	1670.678
2.1186726	1718.1747
2.119235	1717.6511
2.1197975	1716.1134
2.1203599	1705.027
2.1209223	1682.5757
2.1214848	1684.1357
2.1220472	1653.4132
2.1226096	1604.2217
2.123172	1581.4299
2.1237345	1601.3219
2.1242969	1633.838
2.1248593	1584.9768
2.1254218	1561.7926
2.1259842	1539.2776
2.1265466	1529.0331
2.1271091	1526.7592
2.1276715	1519.6277
2.1282339	1493.2056
2.1287963	1498.3019
2.1293588	1461.3989
2.1299212	1460.1735
2.1304836	1482.4222
2.1310461	1459.3015
2.1316085	1442.8397
2.1321709	1455.6172
2.1327333	1432.2292
2.1332958	1404.8735
2.1338582	1394.0712
2.1344206	1377.9299
2.1349831	1374.6478
2.1355455	1382.5583
2.1361079	1406.123
2.1366704	1406.4896
2.1372328	1357.652
2.1377952	1355.1963
2.1383576	1348.9816
2.1389201	1315.6621
2.1394825	1318.3097
2.1400449	1349.2095
2.1406074	1306.8214
2.1411698	1299.4801
2.1417322	1290.1906
2.1422946	1280.8782
2.1428571	1277.2406
2.1434195	1282.1512
2.1439819	1274.8276
2.1445444	1247.3221
2.1451068	1223.1232
2.1456692	1214.4609
2.1462317	1212.4633
2.1467941	1168.6278
2.1473565	1177.9277
2.1479189	1156.7689
2.1484814	1125.1542
2.1490438	1104.689
2.1496062	1111.1018
2.1501687	1115.1454
2.1507311	1098.1482
2.1512935	1105.3818
2.1518559	1115.0906
2.1524184	1081.1525
2.1529808	1096.476
2.1535432	1063.9703
2.1541057	1043.6436
2.1546681	1048.2616
2.1552305	1066.1141
2.155793	1040.3679
2.1563554	1047.4828
2.1569178	1054.5135
2.1574802	1044.1423
2.1580427	1016.0903
2.1586051	1024.1168
2.1591675	1021.4319
2.15973	1014.8491
2.1602924	996.08386
2.1608548	972.09521
2.1614172	1013.7199
2.1619797	1003.6465
2.1625421	995.93097
2.1631045	994.31635
2.163667	992.81671
2.1642294	977.64374
2.1647918	961.77313
2.1653543	942.77649
2.1659167	926.02905
2.1664791	915.5705
2.1670415	904.42053
2.167604	911.33099
2.1681664	882.20117
2.1687288	862.51044
2.1692913	895.83002
2.1698537	864.06964
2.1704161	846.99719
2.1709785	836.39862
2.171541	827.70868
2.1721034	816.94635
2.1726658	798.73328
2.1732283	820.17395
2.1737907	822.80444
2.1743531	805.15491
2.1749156	801.99091
2.175478	798.04071
2.1760404	776.07367
2.1766028	767.66705
2.1771653	779.47772
2.1777277	781.84308
2.1782901	786.41235
2.1788526	779.63434
2.179415	764.87164
2.1799774	749.96484
2.1805398	757.82825
2.1811023	769.0307
2.1816647	769.00354
2.1822271	767.7854
2.1827896	782.61975
2.183352	770.0719
2.1839144	761.67334
2.1844769	750.1181
2.1850393	734.94049
2.1856017	724.76563
2.1861641	712.42712
2.1867266	709.01025
2.187289	702.26471
2.1878514	683.20203
2.1884139	685.54382
2.1889763	685.37189
2.1895387	679.69824
2.1901011	669.94135
2.1906636	661.36884
2.191226	675.89606
2.1917884	651.71631
2.1923509	640.63434
2.1929133	674.03979
2.1934757	644.51343
2.1940382	645.31293
2.1946006	638.81152
2.195163	630.2403
2.1957254	656.59784
2.1962879	682.20557
2.1968503	666.61371
2.1974127	641.02441
2.1979752	636.61475
2.1985376	645.11981
2.1991	627.13171
2.1996624	613.25073
2.2002249	616.54828
2.2007873	640.47015
2.2013497	638.17114
2.2019122	618.02863
2.2024746	605.79004
2.203037	634.94238
2.2035995	604.92572
2.2041619	585.72827
2.2047243	581.95551
2.2052867	592.68671
2.2058492	589.61407
2.2064116	573.64423
2.206974	568.57819
2.2075365	573.32935
2.2080989	559.52954
2.2086613	571.62482
2.2092237	565.93201
2.2097862	553.76001
2.2103486	563.70715
2.210911	541.74261
2.2114735	550.19739
2.2120359	554.92676
2.2125983	525.56934
2.2131608	538.53925
2.2137232	554.302
2.2142856	564.96466
2.214848	563.99554
2.2154105	536.58301
2.2159729	535.24188
2.2165353	537.6333
2.2170978	534.07642
2.2176602	516.59668
2.2182226	518.52667
2.218785	523.02826
2.2193475	519.92578
2.2199099	491.8605
2.2204723	491.72308
2.2210348	505.27475
2.2215972	523.93341
2.2221596	535.28564
2.2227221	496.31039
2.2232845	490.68991
2.2238469	501.4566
2.2244093	496.16907
2.2249718	495.2695
2.2255342	487.24011
2.2260966	477.8042
2.2266591	474.03583
2.2272215	469.52234
2.2277839	474.49203
2.2283463	473.69144
2.2289088	452.06821
2.2294712	464.85205
2.2300336	462.40445
2.2305961	459.10062
2.2311585	468.17871
2.2317209	482.4303
2.2322834	468.15201
2.2328458	454.40295
2.2334082	466.80505
2.2339706	448.83746
2.2345331	444.01022
2.2350955	449.81082
2.2356579	463.98178
2.2362204	452.02991
2.2367828	437.60901
2.2373452	433.03326
2.2379076	451.6962
2.2384701	441.73184
2.2390325	452.36142
2.2395949	458.60562
2.2401574	427.33096
2.2407198	445.2374
2.2412822	452.54376
2.2418447	452.99841
2.2424071	456.71573
2.2429695	459.74298
2.2435319	452.86798
2.2440944	447.26849
2.2446568	470.25781
2.2452192	476.91638
2.2457817	471.52155
2.2463441	459.86578
2.2469065	459.12561
2.2474689	447.94818
2.2480314	442.05978
2.2485938	447.41296
2.2491562	474.74017
2.2497187	460.5148
2.2502813	446.84167
2.2508438	450.37616
2.2514062	440.05878
2.2519686	441.1452
2.2525311	442.70889
2.2530935	436.08249
2.2536559	441.80957
2.2542183	433.84918
2.2547808	425.92798
2.2553432	440.62122
2.2559056	416.06097
2.2564681	399.01169
2.2570305	400.14255
2.2575929	439.72803
2.2581553	425.47104
2.2587178	421.57376
2.2592802	442.12463
2.2598426	431.884
2.2604051	419.02219
2.2609675	410.76804
2.2615299	412.95972
2.2620924	413
2.2626548	420.1424
2.2632172	428.82422
2.2637796	428.095
2.2643421	443.20218
2.2649045	439.34317
2.2654669	421.57239
2.2660294	458.68192
2.2665918	468
2.2671542	471.52591
2.2677166	480.97064
2.2682791	512.12396
2.2688415	518.60474
2.2694039	516.72681
2.2699664	536.30054
2.2705288	552.74103
2.2710912	565.88293
2.2716537	577.75879
2.2722161	605.25635
2.2727785	602.60956
2.2733409	596.15216
2.2739034	605.54486
2.2744658	573.02032
2.2750282	553.50354
2.2755907	548.69177
2.2761531	558.0672
2.2767155	539.40845
2.2772779	524.29236
2.2778404	524.36713
2.2784028	487.67636
2.2789652	457.75949
2.2795277	435.95789
2.2800901	427.33527
2.2806525	426
2.281215	426.32452
2.2817774	426.53629
2.2823398	418.64905
2.2829022	408.38544
2.2834647	404.03998
2.2840271	419.07913
2.2845895	396.65958
2.285152	393.88284
2.2857144	417.05472
2.2862768	417.76913
2.2868392	415.1004
2.2874017	416.53397
2.2879641	432.94565
2.2885265	413.78253
2.289089	412.79401
2.2896514	435.80234
2.2902138	432.95416
2.2907763	432.47321
2.2913387	435.77164
2.2919011	446.44263
2.2924635	454.06842
2.293026	448.16696
2.2935884	427.73669
2.2941508	446.89249
2.2947133	446.41632
2.2952757	434.51648
2.2958381	423.17856
2.2964005	427.29141
2.296963	432
2.2975254	432
2.2980878	450.76672
2.2986503	449.75497
2.2992127	432.74289
2.2997751	411.56058
2.3003376	419.01028
2.3009	432.12964
2.3014624	435.65582
2.3020248	449.35626
2.3025873	427.03421
2.3031497	369.62543
2.3037121	379.47806
2.3042746	368.09103
2.304837	352.01273
2.3053994	361.14798
2.3059618	366.35849
2.3065243	361.14743
2.3070867	340.09119
2.3076491	366.92621
2.3082116	366.3624
2.308774	341.86728
2.3093364	350.97
2.3098989	351.66504
2.3104613	351.33508
2.3110237	361.1235
2.3115861	365.25919
2.3121486	367
2.312711	367
2.3132734	382.83264
2.3138359	391
2.3143983	392.41919
2.3149607	410.53854
2.3155231	427.30359
2.3160856	441.73016
2.316648	450.0806
2.3172104	460.5697
2.3177729	467.3074
2.3183353	465.22284
2.3188977	460.65869
2.3194602	450.76791
2.3200226	435.36365
2.320585	465.17181
2.3211474	481.15811
2.3217099	485.64911
2.3222723	482.87869
2.3228347	475.38681
2.3233972	463.40485
2.3239596	444.04044
2.324522	458.04453
2.3250844	467.77185
2.3256469	452.57922
2.3262093	468.31097
2.3267717	513.19208
2.3273342	589.73376
2.3278966	833.80157
2.328459	1021.5996
2.3290215	1153.5956
2.3295839	1203.1428
2.3301463	1242.1083
2.3307087	1311.7515
2.3312712	1542.6354
2.3318336	1856.0548
2.332396	2057.4238
2.3329585	1879.7097
2.3335209	1706.5969
2.3340833	1464.7928
2.3346457	1097.5479
2.3352082	842.99335
2.3357706	659.12
2.336333	549.65356
2.3368955	528.3186
2.3374579	524.25983
2.3380203	535.79199
2.3385828	571.97931
2.3391452	585.40344
2.3397076	587.80426
2.34027	628.01837
2.3408325	640.66693
2.3413949	641.38434
2.3419573	654.3197
2.3425198	667.73651
2.3430822	679.33679
2.3436446	684.77545
2.344207	710.7431
2.3447695	736.08472
2.3453319	746.26453
2.3458943	799.229
2.3464568	879.54388
2.3470192	993.42664
2.3475816	1016.545
2.3481441	1009.3151
2.3487065	975.47003
2.3492689	889.59009
2.3498313	806.92065
2.3503938	733.2229
2.3509562	706.10364
2.3515186	665.24402
2.3520811	608.45557
2.3526435	540.32312
2.3532059	489.2251
2.3537683	454.01233
2.3543308	430.4425
2.3548932	406.87643
2.3554556	386.49219
2.3560181	407.33853
2.3565805	397.13843
2.3571429	368.91205
2.3577054	378.31314
2.3582678	376.28738
2.3588302	368.23779
2.3593926	370.24945
2.3599551	368.89874
2.3605175	365.09491
2.3610799	358.3989
2.3616424	356.85895
2.3622048	355.92874
2.3627672	341.88309
2.3633296	340.05161
2.3638921	343.37506
2.3644545	339.36771
2.3650169	342.39569
2.3655794	345.22226
2.3661418	327.88156
2.3667042	338.2934
2.3672667	356.11948
2.3678291	338.13727
2.3683915	330.685
2.3689539	329.72583
2.3695164	334.38
2.3700788	351.15802
2.3706412	372.75281
2.3712037	384.70721
2.3717661	370.71783
2.3723285	347.06235
2.3728909	355.02075
2.3734534	351.78134
2.3740158	343.53992
2.3745782	348.17319
2.3751407	346.39267
2.3757031	340.75012
2.3762655	338.1055
2.376828	339.30676
2.3773904	342.90997
2.3779528	341.58987
2.3785152	330.77975
2.3790777	313
2.3796401	313
2.3802025	312.65692
2.380765	311.98184
2.3813274	304.73959
2.3818898	305.45422
2.3824522	314.66391
2.3830147	317.5325
2.3835771	307.3909
2.3841395	281.10678
2.384702	274.77368
2.3852644	277.71817
2.3858268	292.1463
2.3863893	280.86127
2.3869517	268.96075
2.3875141	263.06491
2.3880765	263.07236
2.388639	264.19043
2.3892014	264.84445
2.3897638	251.55287
2.3903263	234.3649
2.3908887	218.68613
2.3914511	217.20175
2.3920135	230.32805
2.392576	285.76492
2.3931384	342.00018
2.3937008	409.48505
2.3942633	573.61212
2.3948257	817.40759
2.3953881	1117.4899
2.3959506	1242.3323
2.396513	1419.0159
2.3970754	1649.6536
2.3976378	2015.4747
2.3982003	2353.1436
2.3987627	2640.4785
2.3993251	3182.7021
2.3998876	3645.3716
2.40045	3866.2444
2.4010124	4201.2656
2.4015749	4679.6792
2.4021373	5513.4473
2.4026997	5032.5942
2.4032621	3887.7117
2.4038246	2258.1853
2.404387	1231.1089
2.4049494	622.78876
2.4055119	295.83041
2.4060743	104.65861
2.4066367	49.858086
2.4071991	34.791595
2.4077616	24.965685
2.408324	19.816433
2.4088864	21.706535
2.4094489	22.893534
2.4100113	19.037905
2.4105737	19.877459
2.4111362	21.776882
2.4116986	20.493073
2.412261	18.420244
2.4128234	16.036127
2.4133859	16.676985
2.4139483	17.952497
2.4145107	19.872988
2.4150732	13.423923
2.4156356	9.7129974
2.416198	11.630884
2.4167604	16.643799
2.4173229	20.071192
2.4178853	16.240608
2.4184477	16.725716
2.4190102	18.722242
2.4195726	16.172661
2.420135	15.344137
2.4206975	15.981359
2.4212599	14.145749
2.4218223	14.527099
2.4223847	18.343222
2.4229472	14.263534
2.4235096	10.323643
2.424072	11.593972
2.4246345	12.432034
2.4251969	13.401627
2.4257593	17.206467
2.4263217	17.994886
2.4268842	16.093489
2.4274466	17.806938
2.428009	17.115849
2.4285715	12.053615
2.4291339	11.500809
2.4296963	12.532567
2.4302588	15.060293
2.4308212	13.222452
2.4313836	9.2269049
2.431946	14.275598
2.4325085	14.677575
2.4330709	9.6329317
2.4336333	10.653066
2.4341958	11.819048
2.4347582	11.189478
2.4353206	11.879717
2.435883	12.792886
2.4364455	10.906691
2.4370079	10.326154
2.4375703	10.954216
2.4381328	9.2536306
2.4386952	9.8881512
2.4392576	15.533195
2.4398201	14.215987
2.4403825	10.909177
2.4409449	10.282783
2.4415073	10.686859
2.4420698	11.938983
2.4426322	12
2.4431946	10.899276
2.4437571	7.7747707
2.4443195	7.9393959
2.4448819	9
2.4454443	9
2.4460068	10.711675
2.4465692	13.829573
2.4471316	14
2.4476941	14.424001
2.4482565	15.669513
2.4488189	13.257094
2.4493814	9.8413382
2.4499438	8.5981236
2.4505062	8.9673834
2.4510686	10.831716
2.4516311	10.435246
2.4521935	10.556338
2.4527559	12.417728
2.4533184	12.573963
2.4538808	12.045962
2.4544432	12.665286
2.4550056	12.715466
2.4555681	12.096306
2.4561305	12
2.4566929	11.297595
2.4572554	8.2066593
2.4578178	10.388144
2.4583802	15.946
2.4589427	14.165861
2.4595051	11.62925
2.4600675	7.929822
2.4606299	7.9229612
2.4611924	9.233366
2.4617548	11.080183
2.4623172	12.617678
2.4628797	13.848248
2.4634421	12.921747
2.4640045	11.846029
2.4645669	11.231546
2.4651294	11.382538
2.4656918	11.996382
2.4662542	10.169799
2.4668167	10.117301
2.4673791	13.181734
2.4679415	10.856997
2.468504	7.1230421
2.4690664	8.3472252
2.4696288	9.5711126
2.4701912	10.794662
2.4707537	11.508577
2.4713161	11.76069
2.4718785	10.539042
2.472441	9.3179245
2.4730034	8.0972252
2.4735658	9.6834688
2.4741282	10.658338
2.4746907	9.4392166
2.4752531	8.6104498
2.4758155	8.0015182
2.476378	11.034717
2.4769404	13
2.4775028	13
2.4780653	11.707348
2.4786277	10.038375
2.4791901	10.645426
2.4797525	12.009389
2.480315	14.436346
2.4808774	13.138614
2.4814398	10.642874
2.4820023	7.613853
2.4825647	6.8482289
2.4831271	8.6637774
2.4836895	9.9857101
2.484252	10.902348
2.4848144	10.29794
2.4853768	10
2.4859393	10
2.4865017	12.568612
2.4870641	14.297327
2.4876266	10.679228
2.488189	8.3542042
2.4887514	7.1490955
2.4893138	11.220821
2.4898763	14.092822
2.4904387	9.8813953
2.4910011	9.3304291
2.4915636	11.735119
2.492126	12.53468
2.4926884	12.729183
2.4932508	11.528674
2.4938133	10.664338
2.4943757	10.064542
2.4949381	7.3257627
2.4955006	5.2682381
2.496063	6.4663086
2.4966254	6.0044422
2.4971879	4.2091594
2.4977503	6.6415281
2.4983127	8.873786
2.4988751	8.2761173
2.4994376	10.248591
2.5	14.428042
