1.5	245.16171
1.5005624	255.08632
1.5011249	247.79103
1.5016873	258.54547
1.5022497	252.0011
1.5028121	248.36946
1.5033746	248.79012
1.503937	250.74474
1.5044994	251.88428
1.5050619	249.90924
1.5056243	252.30009
1.5061867	249.97812
1.5067492	244.66212
1.5073116	247.75319
1.507874	247.59602
1.5084364	243.04713
1.5089989	249.5209
1.5095613	251.89392
1.5101237	253.9482
1.5106862	248.90028
1.5112486	252.62425
1.511811	251.06392
1.5123734	245.70575
1.5129359	243.99704
1.5134983	240.38412
1.5140607	250.09689
1.5146232	249.9792
1.5151856	250.51988
1.515748	246.94562
1.5163105	242.22519
1.5168729	246.13193
1.5174353	245.40668
1.5179977	247.06129
1.5185602	241.1366
1.5191226	245.18733
1.519685	248.64088
1.5202475	246.81511
1.5208099	246.49683
1.5213723	244.56819
1.5219347	248.17195
1.5224972	243.40572
1.5230596	241.92111
1.523622	242.90526
1.5241845	246.39949
1.5247469	237.68974
1.5253093	248.95032
1.5258718	241.18895
1.5264342	240.56038
1.5269966	234.97672
1.527559	241.46663
1.5281215	242.58369
1.5286839	238.81749
1.5292463	241.30574
1.5298088	239.93362
1.5303712	236.31497
1.5309336	240.323
1.531496	241.4062
1.5320585	235.31836
1.5326209	244.59955
1.5331833	238.57269
1.5337458	239.043
1.5343082	239.63564
1.5348706	235.71631
1.5354331	235.93495
1.5359955	234.54306
1.5365579	236.78342
1.5371203	235.69849
1.5376828	241.48824
1.5382452	238.46007
1.5388076	232.65218
1.5393701	235.75691
1.5399325	232.7074
1.5404949	236.78935
1.5410573	236.83434
1.5416198	239.7193
1.5421822	241.40097
1.5427446	235.29823
1.5433071	230.56384
1.5438695	238.636
1.5444319	233.12775
1.5449944	241.50867
1.5455568	233.43428
1.5461192	237.24178
1.5466816	232.56841
1.5472441	230.48489
1.5478065	230.38863
1.5483689	232.58826
1.5489314	237.92577
1.5494938	239.18033
1.5500562	231.94463
1.5506186	233.62631
1.5511811	230.79091
1.5517435	229.18744
1.5523059	235.02417
1.5528684	233.33627
1.5534308	227.18315
1.5539932	231.33893
1.5545557	232.35493
1.5551181	231.24571
1.5556805	230.90247
1.5562429	231.76207
1.5568054	235.82579
1.5573678	225.27557
1.5579302	234.11618
1.5584927	233.16995
1.5590551	228.81133
1.5596175	231.24846
1.5601799	226.29416
1.5607424	226.69104
1.5613048	227.49188
1.5618672	226.23204
1.5624297	225.8669
1.5629921	226.2639
1.5635545	231.6266
1.564117	234.57942
1.5646794	226.07797
1.5652418	226.88078
1.5658042	226.29399
1.5663667	231.3082
1.5669291	232.66064
1.5674915	224.15445
1.568054	229.69501
1.5686164	232.76132
1.5691788	233.96783
1.5697412	226.90051
1.5703037	225.83928
1.5708661	230.66454
1.5714285	224.48643
1.571991	228.867
1.5725534	228.22777
1.5731158	221.8342
1.5736783	231.18326
1.5742407	227.28348
1.5748031	222.95557
1.5753655	223.50552
1.575928	218.75439
1.5764904	227.98398
1.5770528	225.91566
1.5776153	224.94337
1.5781777	221.42978
1.5787401	232.55806
1.5793025	217.98427
1.579865	219.98766
1.5804274	222.10449
1.5809898	220.78171
1.5815523	222.11919
1.5821147	220.05049
1.5826771	228.2771
1.5832396	220.76059
1.583802	220.73755
1.5843644	218.37395
1.5849268	222.38133
1.5854893	225.89101
1.5860517	219.21045
1.5866141	217.13161
1.5871766	223.01457
1.587739	219.81314
1.5883014	224.99391
1.5888638	227.28542
1.5894263	223.07008
1.5899887	219.38443
1.5905511	218.7121
1.5911136	219.39966
1.591676	220.60315
1.5922384	222.55011
1.5928009	221.22023
1.5933633	219.049
1.5939257	224.11633
1.5944881	219.79802
1.5950506	216.71838
1.595613	218.09462
1.5961754	218.92479
1.5967379	213.58139
1.5973003	216.73592
1.5978627	217.78325
1.5984251	218.60736
1.5989876	214.25153
1.59955	217.56143
1.6001124	216.6149
1.6006749	222.92903
1.6012373	215.32217
1.6017997	213.42882
1.6023622	210.9935
1.6029246	215.87025
1.603487	221.89636
1.6040494	216.38673
1.6046119	216.65652
1.6051743	212.05774
1.6057367	218.4581
1.6062992	216.19017
1.6068616	223.75427
1.607424	222.15726
1.6079865	212.40111
1.6085489	215.30713
1.6091113	215.4279
1.6096737	220.32756
1.6102362	217.8853
1.6107986	217.56699
1.611361	219.01668
1.6119235	219.62616
1.6124859	221.63434
1.6130483	222.14645
1.6136107	212.49019
1.6141732	213.61836
1.6147356	217.63635
1.615298	215.02051
1.6158605	223.20389
1.6164229	211.19109
1.6169853	213.36736
1.6175478	214.79091
1.6181102	217.42896
1.6186726	215.39873
1.619235	210.55087
1.6197975	210.0968
1.6203599	212.33093
1.6209223	210.23438
1.6214848	217.32497
1.6220472	216.3136
1.6226096	209.34047
1.623172	216.5428
1.6237345	215.97945
1.6242969	214.74374
1.6248593	210.55484
1.6254219	208.47595
1.6259843	217.59218
1.6265467	220.88153
1.6271092	215.57343
1.6276716	212.16394
1.628234	206.60228
1.6287965	224.10008
1.6293589	203.23103
1.6299213	214.71994
1.6304837	218.63361
1.6310462	218.40331
1.6316086	215.42484
1.632171	217.12788
1.6327335	219.80574
1.6332959	224.6122
1.6338583	212.68192
1.6344208	217.19792
1.6349832	215.10661
1.6355456	214.39455
1.636108	208.79893
1.6366705	209.13054
1.6372329	222.65364
1.6377953	216.00842
1.6383578	208.40637
1.6389202	218.2742
1.6394826	212.96606
1.640045	214.31721
1.6406075	211.696
1.6411699	212.59233
1.6417323	217.05988
1.6422948	212.38249
1.6428572	207.65089
1.6434196	218.84883
1.6439821	221.7021
1.6445445	220.46831
1.6451069	220.19073
1.6456693	213.68056
1.6462318	219.62012
1.6467942	215.73575
1.6473566	214.40941
1.6479191	212.28857
1.6484815	215.1743
1.6490439	211.04298
1.6496063	218.69489
1.6501688	226.09224
1.6507312	212.39915
1.6512936	210.21855
1.6518561	216.98149
1.6524185	214.61996
1.6529809	211.67371
1.6535434	225.03732
1.6541058	220.59647
1.6546682	224.75357
1.6552306	215.63048
1.6557931	216.68533
1.6563555	217.73946
1.6569179	224.88553
1.6574804	217.24008
1.6580428	222.29933
1.6586052	225.02501
1.6591676	214.5685
1.6597301	211.17531
1.6602925	208.44781
1.6608549	206.93423
1.6614174	218.86151
1.6619798	209.32841
1.6625422	215.17468
1.6631047	222.21222
1.6636671	217.93535
1.6642295	219.25783
1.6647919	217.58127
1.6653544	217.47586
1.6659168	219.66475
1.6664792	211.57584
1.6670417	212.84357
1.6676041	225.98116
1.6681665	215.08159
1.6687289	217.14658
1.6692914	224.2832
1.6698538	224.26389
1.6704162	207.39935
1.6709787	217.88446
1.6715411	224.53532
1.6721035	218.87148
1.672666	222.27937
1.6732284	225.23442
1.6737908	219.7832
1.6743532	214.84651
1.6749157	211.12758
1.6754781	228.07692
1.6760405	222.88165
1.676603	221.16211
1.6771654	217.67638
1.6777278	221.98549
1.6782902	223.09676
1.6788527	225.63861
1.6794151	223.23404
1.6799775	215.15926
1.68054	225.43509
1.6811024	219.43491
1.6816648	220.71481
1.6822273	230.61932
1.6827897	219.78937
1.6833521	226.66698
1.6839145	218.71928
1.684477	216.63303
1.6850394	224.13034
1.6856018	226.92407
1.6861643	222.55934
1.6867267	234.67308
1.6872891	240.25386
1.6878515	224.9915
1.688414	225.85095
1.6889764	231.16611
1.6895388	232.28259
1.6901013	229.7032
1.6906637	224.62885
1.6912261	237.08614
1.6917886	226.73015
1.692351	236.68411
1.6929134	226.44356
1.6934758	226.53046
1.6940383	226.57849
1.6946007	233.63104
1.6951631	230.46228
1.6957256	236.815
1.696288	227.36758
1.6968504	235.19669
1.6974128	228.61069
1.6979753	219.4567
1.6985377	229.68623
1.6991001	231.39349
1.6996626	230.60487
1.700225	236.65598
1.7007874	223.18321
1.7013499	224.57867
1.7019123	243.16499
1.7024747	233.27753
1.7030371	240.13106
1.7035996	225.79224
1.704162	236.2957
1.7047244	236.76524
1.7052869	226.26505
1.7058493	246.12053
1.7064117	233.86372
1.7069741	232.03435
1.7075366	236.76149
1.708099	239.94006
1.7086614	238.74835
1.7092239	236.29723
1.7097863	242.82759
1.7103487	237.81516
1.7109112	240.29968
1.7114736	247.57774
1.712036	242.52574
1.7125984	245.10609
1.7131609	249.04976
1.7137233	235.17805
1.7142857	236.16409
1.7148482	242.31046
1.7154106	233.96669
1.715973	239.40938
1.7165354	251.33994
1.7170979	244.36905
1.7176603	244.39586
1.7182227	236.46269
1.7187852	242.66962
1.7193476	236.08014
1.71991	244.79909
1.7204725	247.03891
1.7210349	242.79321
1.7215973	242.97588
1.7221597	246.28738
1.7227222	253.73553
1.7232846	248.09471
1.723847	264.25842
1.7244095	255.76868
1.7249719	253.95471
1.7255343	263.62814
1.7260967	245.71284
1.7266592	255.79466
1.7272216	256.45117
1.727784	266.57266
1.7283465	261.68231
1.7289089	259.47586
1.7294713	250.8945
1.7300338	258.43561
1.7305962	263.03946
1.7311586	265.64453
1.731721	268.94086
1.7322835	269.34317
1.7328459	263.70184
1.7334083	263.26846
1.7339708	278.09131
1.7345332	257.07504
1.7350956	262.95663
1.735658	258.33649
1.7362205	268.76578
1.7367829	265.97128
1.7373453	256.66879
1.7379078	265.29837
1.7384702	273.57599
1.7390326	266.98453
1.7395951	278.49231
1.7401575	270.07397
1.7407199	263.84009
1.7412823	267.1113
1.7418448	268.32196
1.7424072	268.0318
1.7429696	279.73154
1.7435321	286.65533
1.7440945	274.23093
1.7446569	276.24405
1.7452193	280.39673
1.7457818	289.90027
1.7463442	288.89337
1.7469066	276.07022
1.7474691	281.37192
1.7480315	302.09363
1.7485939	295.05826
1.7491564	278.91766
1.7497188	292.28201
1.7502812	302.2287
1.7508436	294.28467
1.7514061	294.23087
1.7519685	303.13953
1.7525309	293.70663
1.7530934	301.66058
1.7536558	299.80704
1.7542182	293.39758
1.7547807	295.88403
1.7553431	308.74377
1.7559055	303.3963
1.7564679	311.95752
1.7570304	291.05032
1.7575928	301.5748
1.7581552	299.25955
1.7587177	309.79599
1.7592801	298.2464
1.7598425	320.69839
1.7604049	324.24704
1.7609674	324.81055
1.7615298	308.573
1.7620922	323.65253
1.7626547	325.15991
1.7632171	324.55588
1.7637795	322.83826
1.764342	330.51068
1.7649044	349.24692
1.7654668	331.18411
1.7660292	325.56598
1.7665917	326.61673
1.7671541	353.03833
1.7677165	322.13168
1.768279	317.46445
1.7688414	334.05707
1.7694038	352.47513
1.7699662	345.39877
1.7705287	334.47327
1.7710911	341.5965
1.7716535	338.89301
1.772216	355.77502
1.7727784	337.08499
1.7733408	351.42612
1.7739033	355.08597
1.7744657	341.07156
1.7750281	363.14481
1.7755905	355.04379
1.776153	374.68961
1.7767154	378.39551
1.7772778	376.71335
1.7778403	360.73859
1.7784027	355.09869
1.7789651	378.48172
1.7795275	377.13977
1.78009	373.60178
1.7806524	374.14401
1.7812148	388.06696
1.7817773	385.02185
1.7823397	401.26782
1.7829021	398.86996
1.7834646	398.23425
1.784027	401.56912
1.7845894	395.61465
1.7851518	392.965
1.7857143	401.74542
1.7862767	406.50031
1.7868391	411.78839
1.7874016	407.20163
1.787964	402.37833
1.7885264	398.75784
1.7890888	405.46826
1.7896513	398.85577
1.7902137	415.07986
1.7907761	411.79974
1.7913386	408.53348
1.791901	418.07074
1.7924634	424.46039
1.7930259	432.78461
1.7935883	424.29272
1.7941507	427.78882
1.7947131	432.2587
1.7952756	428.89948
1.795838	445.88309
1.7964004	436.9299
1.7969629	446.49133
1.7975253	471.8049
1.7980877	475.52997
1.7986501	462.74197
1.7992126	473.35422
1.799775	477.08698
1.8003374	487.33481
1.8008999	478.57562
1.8014623	509.99792
1.8020247	487.88602
1.8025872	489.41479
1.8031496	497.76071
1.803712	505.59674
1.8042744	502.41953
1.8048369	509.14606
1.8053993	503.54425
1.8059617	500.47369
1.8065242	486.15704
1.8070866	520.38086
1.807649	527.69141
1.8082114	530.42206
1.8087739	543.40186
1.8093363	508.77747
1.8098987	520.50171
1.8104612	529.58453
1.8110236	534.30341
1.811586	541.81866
1.8121485	529.20477
1.8127109	552.1098
1.8132733	555.84216
1.8138357	558.33759
1.8143982	568.14972
1.8149606	563.78638
1.815523	570.80817
1.8160855	556.93481
1.8166479	578.23022
1.8172103	593.14661
1.8177727	592.96936
1.8183352	602.78955
1.8188976	612.26636
1.81946	613.42389
1.8200225	621.39301
1.8205849	611.12482
1.8211473	638.71802
1.8217098	640.98914
1.8222722	642.9447
1.8228346	658.8797
1.823397	665.58392
1.8239595	659.16919
1.8245219	662.81622
1.8250843	684.85333
1.8256468	691.36835
1.8262092	696.26807
1.8267716	708.29669
1.827334	716.71857
1.8278965	719.04919
1.8284589	737.30383
1.8290213	737.2547
1.8295838	757.77307
1.8301462	739.41943
1.8307086	756.70227
1.8312711	741.10095
1.8318335	739.32697
1.8323959	755.14691
1.8329583	753.52289
1.8335208	758.27985
1.8340832	791.22894
1.8346456	786.6698
1.8352081	776.57806
1.8357705	782.40308
1.8363329	797.02606
1.8368953	824.15625
1.8374578	825.85376
1.8380202	838.51129
1.8385826	858.43927
1.8391451	847.55048
1.8397075	860.76184
1.8402699	876.41736
1.8408324	877.37769
1.8413948	916.8479
1.8419572	924.11029
1.8425196	922.82086
1.8430821	931.02423
1.8436445	971.60895
1.8442069	993.052
1.8447694	1002.1461
1.8453318	996.37012
1.8458942	1012.4432
1.8464566	1020.0963
1.8470191	1022.6787
1.8475815	1049.2679
1.8481439	1059.811
1.8487064	1067.1404
1.8492688	1094.8428
1.8498312	1099.5231
1.8503937	1098.7015
1.8509561	1118.7014
1.8515185	1100.4019
1.8520809	1110.4409
1.8526434	1131.6604
1.8532058	1146.6276
1.8537682	1165.2748
1.8543307	1171.771
1.8548931	1160.0427
1.8554555	1175.8502
1.8560179	1202.3601
1.8565804	1211.4088
1.8571428	1213.8629
1.8577052	1226.748
1.8582677	1263.5194
1.8588301	1288.8734
1.8593925	1292.7122
1.859955	1303.4833
1.8605174	1325.2498
1.8610798	1349.876
1.8616422	1389.8433
1.8622047	1409.1086
1.8627671	1416.1887
1.8633295	1428.1593
1.863892	1446.8889
1.8644544	1478.9347
1.8650168	1478.226
1.8655792	1500.5094
1.8661417	1530.9387
1.8667041	1561.6285
1.8672665	1596.2281
1.867829	1621.7324
1.8683914	1634.3955
1.8689538	1663.1945
1.8695163	1667.3036
1.8700787	1703.4642
1.8706411	1747.9222
1.8712035	1740.7314
1.871766	1759.7607
1.8723284	1759.2804
1.8728908	1810.7159
1.8734533	1803.64
1.8740157	1852.2123
1.8745781	1858.9469
1.8751407	1863.6147
1.8757031	1883.5815
1.8762655	1925.1844
1.876828	1928.2894
1.8773904	1947.0787
1.8779528	1986.8831
1.8785152	2007.2803
1.8790777	2041.1431
1.8796401	2069.9114
1.8802025	2107.2
1.880765	2111.9399
1.8813274	2131.8716
1.8818898	2166.8064
1.8824522	2206.3877
1.8830147	2251.9102
1.8835771	2285.478
1.8841395	2333.5959
1.884702	2386.4746
1.8852644	2418.3271
1.8858268	2422.2576
1.8863893	2471.3789
1.8869517	2556.1455
1.8875141	2548.8713
1.8880765	2590.8625
1.888639	2563.3362
1.8892014	2646.5918
1.8897638	2622.022
1.8903263	2685.5486
1.8908887	2733.1567
1.8914511	2789.2717
1.8920135	2805.6965
1.892576	2863.4302
1.8931384	2856.5671
1.8937008	2859.5916
1.8942633	2894.4482
1.8948257	2916.1428
1.8953881	2949.3213
1.8959506	2974.6067
1.896513	2973.3801
1.8970754	2981.3074
1.8976378	3024.2861
1.8982003	3067.5474
1.8987627	3116.0759
1.8993251	3107.9917
1.8998876	3108.8826
1.90045	3116.5972
1.9010124	3222.2637
1.9015749	3276.4084
1.9021373	3356.1506
1.9026997	3362.7231
1.9032621	3345.2178
1.9038246	3384.2017
1.904387	3377.3267
1.9049494	3459.0767
1.9055119	3526.7864
1.9060743	3542.0647
1.9066367	3651.5742
1.9071991	3676.2566
1.9077616	3713.7026
1.908324	3752.929
1.9088864	3767.5361
1.9094489	3822.9717
1.9100113	3822.0703
1.9105737	3818.095
1.9111362	3880.8147
1.9116986	3950.3928
1.912261	3982.0681
1.9128234	3937.5635
1.9133859	3967.9307
1.9139483	3943.509
1.9145107	3948.9895
1.9150732	4024.7732
1.9156356	3994.1919
1.916198	3998.8379
1.9167604	4010.0959
1.9173229	4007.8213
1.9178853	4068.9307
1.9184477	4044.6155
1.9190102	4073.6936
1.9195726	4059.0779
1.920135	4130.7036
1.9206975	4080.1768
1.9212599	4119.229
1.9218223	4117.3672
1.9223847	4078.843
1.9229472	4152.5645
1.9235096	4196.2852
1.924072	4125.2651
1.9246345	4352.8423
1.9251969	4230.311
1.9257593	4337.0996
1.9263217	4342.1602
1.9268842	4385.8906
1.9274466	4333.7378
1.928009	4365.3398
1.9285715	4450.4277
1.9291339	4511.271
1.9296963	4506.9497
1.9302588	4447.1309
1.9308212	4493.7754
1.9313836	4509.9419
1.931946	4471.7788
1.9325085	4527.748
1.9330709	4525.0889
1.9336333	4506.5894
1.9341958	4425.0469
1.9347582	4418.4473
1.9353206	4427.5767
1.935883	4496.5791
1.9364455	4432.1978
1.9370079	4363.4077
1.9375703	4409.9644
1.9381328	4333.1465
1.9386952	4287.54
1.9392576	4339.8672
1.9398201	4281.0068
1.9403825	4239.8608
1.9409449	4243.9482
1.9415073	4319.6899
1.9420698	4246.2339
1.9426322	4281.9995
1.9431946	4292.0088
1.9437571	4231.7407
1.9443195	4268.917
1.9448819	4268.1499
1.9454443	4272.8252
1.9460068	4305.8057
1.9465692	4186.7441
1.9471316	4223.4897
1.9476941	4236.437
1.9482565	4213.48
1.9488189	4253.9648
1.9493814	4160.3325
1.9499438	4095.8079
1.9505062	4074.8442
1.9510686	4092.8557
1.9516311	4067.1062
1.9521935	3987.5349
1.9527559	4016.6843
1.9533184	3953.4314
1.9538808	3919.0688
1.9544432	3851.0503
1.9550056	3845.5813
1.9555681	3749.8132
1.9561305	3726
1.9566929	3668.0774
1.9572554	3619.616
1.9578178	3556.4897
1.9583802	3540.8784
1.9589427	3503.231
1.9595051	3446.2773
1.9600675	3446.0405
1.9606299	3377.958
1.9611924	3329.0364
1.9617548	3307.2095
1.9623172	3271.2637
1.9628797	3230.1392
1.9634421	3212.8682
1.9640045	3234.1643
1.9645669	3220.1382
1.9651294	3163.9482
1.9656918	3147.051
1.9662542	3159.9233
1.9668167	3130.4458
1.9673791	3088.5125
1.9679415	3036.2522
1.968504	3017.9868
1.9690664	3016.2512
1.9696288	2982.5662
1.9701912	2958.0967
1.9707537	3000.1709
1.9713161	2909.0115
1.9718785	2835.7446
1.972441	2817.8342
1.9730034	2837.168
1.9735658	2773.0701
1.9741282	2689.1519
1.9746907	2647.7302
1.9752531	2650.9163
1.9758155	2554.9421
1.976378	2497.2004
1.9769404	2475.8091
1.9775028	2435.9971
1.9780653	2406.1853
1.9786277	2402.062
1.9791901	2384.1619
1.9797525	2321.7019
1.980315	2262.6187
1.9808774	2242.7947
1.9814398	2213.6458
1.9820023	2183.5798
1.9825647	2142.77
1.9831271	2129.2249
1.9836895	2115.7686
1.984252	2038.5861
1.9848144	2031.679
1.9853768	2003.1599
1.9859393	2024.79
1.9865017	1940.0227
1.9870641	1938.1547
1.9876266	1957.7007
1.988189	1903.6006
1.9887514	1875.7268
1.9893138	1824.6729
1.9898763	1802.4113
1.9904387	1814.4575
1.9910011	1792.0848
1.9915636	1763.6082
1.992126	1758.194
1.9926884	1720.2988
1.9932508	1689.8612
1.9938133	1685.8925
1.9943757	1643.807
1.9949381	1606.4982
1.9955006	1617.7898
1.996063	1606
1.9966254	1569.6249
1.9971879	1568.0115
1.9977503	1552.6941
1.9983127	1513.0322
1.9988751	1510.5785
1.9994376	1492.3815
2	1483.7712
2.0005624	1467.0811
2.0011249	1407.756
2.0016873	1371.3171
2.0022497	1357.5499
2.0028121	1334.4998
2.0033746	1334.2881
2.003937	1265.5043
2.0044994	1279.485
2.0050619	1263.8413
2.0056243	1233.8108
2.0061867	1221.1617
2.0067492	1230.7317
2.0073116	1212.4469
2.007874	1183.1691
2.0084364	1156.6541
2.0089989	1144.6577
2.0095613	1149.3317
2.0101237	1133.8932
2.0106862	1090.6211
2.0112486	1076.9109
2.011811	1081.3037
2.0123734	1018.397
2.0129359	1051.566
2.0134983	1082.0226
2.0140607	1034.9619
2.0146232	992.25189
2.0151856	1015.5106
2.015748	1003.7075
2.0163105	978.90759
2.0168729	991.19257
2.0174353	987.72998
2.0179977	991.85114
2.0185602	965.84497
2.0191226	972.18909
2.019685	941.8866
2.0202475	952.90631
2.0208099	944.11279
2.0213723	938.91711
2.0219347	928.23138
2.0224972	928.84387
2.0230596	916.89044
2.023622	894.71216
2.0241845	897.35052
2.0247469	904.12592
2.0253093	916.25751
2.0258718	899.53357
2.0264342	855.76385
2.0269966	863.66382
2.027559	857.81201
2.0281215	847.79761
2.0286839	841.74139
2.0292463	840.94849
2.0298088	828.20508
2.0303712	811.53937
2.0309336	826.79767
2.031496	829.59967
2.0320585	793.32831
2.0326209	814.1723
2.0331833	800.29688
2.0337458	813.10651
2.0343082	784.6048
2.0348706	785.56805
2.0354331	792.31348
2.0359955	778.65118
2.0365579	781.02142
2.0371203	785.68475
2.0376828	762.27924
2.0382452	766.78632
2.0388076	773.8642
2.0393701	772.72461
2.0399325	780.55847
2.0404949	779.42389
2.0410573	784.58539
2.0416198	791.03217
2.0421822	774.92627
2.0427446	756.99866
2.0433071	775.55695
2.0438695	805.13409
2.0444319	754.97595
2.0449944	751.61224
2.0455568	743.30133
2.0461192	757.42706
2.0466816	760.54462
2.0472441	741.48749
2.0478065	744.34894
2.0483689	732.8468
2.0489314	722.14429
2.0494938	744.86737
2.0500562	728.73834
2.0506186	732.90869
2.0511811	725.8905
2.0517435	718.63971
2.0523059	708.84448
2.0528684	692.86188
2.0534308	730.10852
2.0539932	714.12732
2.0545557	702.56293
2.0551181	684.14709
2.0556805	677.69604
2.0562429	694.1972
2.0568054	699.28766
2.0573678	679.86652
2.0579302	674.39148
2.0584927	709.40631
2.0590551	702.34082
2.0596175	680.16101
2.0601799	689.71704
2.0607424	693.79327
2.0613048	691.06238
2.0618672	687.90497
2.0624297	690.65594
2.0629921	707.24225
2.0635545	722.93146
2.064117	707.11694
2.0646794	674.5722
2.0652418	661.17053
2.0658042	672.3985
2.0663667	687.7439
2.0669291	689.58722
2.0674915	683
2.068054	682.47729
2.0686164	658.86981
2.0691788	669.05707
2.0697412	664.01624
2.0703037	657.96985
2.0708661	665.92474
2.0714285	666.46191
2.071991	628.52917
2.0725534	632.02728
2.0731158	638.99628
2.0736783	642.2345
2.0742407	645.45996
2.0748031	650.87543
2.0753655	646.5235
2.075928	636.9848
2.0764904	654.8559
2.0770528	624.48993
2.0776153	614.75586
2.0781777	628.20483
2.0787401	642.24304
2.0793025	660.25806
2.079865	666.05762
2.0804274	643.73987
2.0809898	670.22498
2.0815523	681.45422
2.0821147	629.40796
2.0826771	639.53107
2.0832396	666.4491
2.083802	670.3689
2.0843644	656.88245
2.0849268	648.4834
2.0854893	656.22632
2.0860517	652.35559
2.0866141	642.763
2.0871766	647.35663
2.087739	640.15674
2.0883014	612.76544
2.0888638	625.59381
2.0894263	607.59271
2.0899887	634.10822
2.0905511	623.53003
2.0911136	615.95599
2.091676	616.5636
2.0922384	612
2.0928009	611.59882
2.0933633	605.62018
2.0939257	596.58569
2.0944881	619.32739
2.0950506	624.65363
2.095613	612.0329
2.0961754	610.17371
2.0967379	610.42523
2.0973003	590.85907
2.0978627	614.13141
2.0984251	611.33795
2.0989876	607.52338
2.09955	613.9046
2.1001124	610.26605
2.1006749	605.17834
2.1012373	595.18835
2.1017997	602.30304
2.1023622	617.73212
2.1029246	622.6416
2.103487	607.11572
2.1040494	584.52899
2.1046119	593.8197
2.1051743	593.52588
2.1057367	581.96606
2.1062992	582.05573
2.1068616	598.07111
2.107424	603.91022
2.1079865	541.60968
2.1085489	556.23523
2.1091113	560.36627
2.1096737	551.46283
2.1102362	555.2121
2.1107986	579.98279
2.111361	558.16345
2.1119235	569.65668
2.1124859	564.62109
2.1130483	547.26672
2.1136107	549.57483
2.1141732	571.67615
2.1147356	538.54883
2.115298	519.31561
2.1158605	542.27081
2.1164229	552.94702
2.1169853	556.33539
2.1175478	560.08807
2.1181102	543.91168
2.1186726	541.41187
2.119235	545.87018
2.1197975	555.92523
2.1203599	558.67566
2.1209223	545.8194
2.1214848	524.95752
2.1220472	559.00153
2.1226096	556.10748
2.123172	531.43927
2.1237345	520.92871
2.1242969	536.62213
2.1248593	529.9917
2.1254218	521.71161
2.1259842	530.5022
2.1265466	533.09912
2.1271091	531.55109
2.1276715	531.99408
2.1282339	513.82886
2.1287963	498.82065
2.1293588	515.83234
2.1299212	517.19464
2.1304836	505.65823
2.1310461	515.57544
2.1316085	511.45993
2.1321709	492.72855
2.1327333	502.04526
2.1332958	504.87149
2.1338582	492.12527
2.1344206	508.85983
2.1349831	502.29565
2.1355455	489.14993
2.1361079	482.52191
2.1366704	491.21481
2.1372328	512.41986
2.1377952	508.32721
2.1383576	479.4126
2.1389201	489.37253
2.1394825	496.26187
2.1400449	483.79642
2.1406074	483.25797
2.1411698	493.86206
2.1417322	478.42862
2.1422946	467.60318
2.1428571	466
2.1434195	464.11389
2.1439819	447.83926
2.1445444	459.69934
2.1451068	458.06158
2.1456692	449.92343
2.1462317	444.57721
2.1467941	437.27127
2.1473565	430.75558
2.1479189	429
2.1484814	430.60495
2.1490438	431.9444
2.1496062	428.12219
2.1501687	432.97446
2.1507311	441.65076
2.1512935	433.96637
2.1518559	423.30768
2.1524184	435.15082
2.1529808	423.85986
2.1535432	411.89532
2.1541057	418.50772
2.1546681	422.16864
2.1552305	402.435
2.155793	424.15842
2.1563554	416.51721
2.1569178	412.50269
2.1574802	407.79568
2.1580427	396
2.1586051	396
2.1591675	405.99048
2.15973	404.33398
2.1602924	406.27435
2.1608548	420.24176
2.1614172	408.23462
2.1619797	391.92877
2.1625421	397.897
2.1631045	405.20404
2.163667	394.81674
2.1642294	379.64374
2.1647918	386.53613
2.1653543	396.61176
2.1659167	402.69455
2.1664791	400.46835
2.1670415	388.522
2.167604	388.38849
2.1681664	381.65698
2.1687288	375.13806
2.1692913	378.15851
2.1698537	379.74652
2.1704161	369.3309
2.1709785	354.33704
2.171541	350.34216
2.1721034	371.17548
2.1726658	356.92169
2.1732283	359.03479
2.1737907	362.42053
2.1743531	363.21127
2.1749156	363.91031
2.175478	325.19931
2.1760404	318.48773
2.1766028	336.55643
2.1771653	363.63699
2.1777277	366.79074
2.1782901	355.96927
2.1788526	354.61429
2.179415	360.40921
2.1799774	368
2.1805398	368
2.1811023	357.3006
2.1816647	352.45422
2.1822271	352.04294
2.1827896	348.85742
2.183352	344.15198
2.1839144	352.4697
2.1844769	351.86877
2.1850393	339.84158
2.1856017	339.0589
2.1861641	329.59702
2.1867266	329.03079
2.187289	335.1514
2.1878514	341.65326
2.1884139	326.04108
2.1889763	321.74371
2.1895387	313.65909
2.1901011	310.11163
2.1906636	339.7258
2.191226	321.6351
2.1917884	311.86246
2.1923509	318.92178
2.1929133	339.58511
2.1934757	315.49783
2.1940382	297.11151
2.1946006	295.11307
2.195163	307.12015
2.1957254	320.29892
2.1962879	320.26651
2.1968503	311.36319
2.1974127	297.63766
2.1979752	285.56488
2.1985376	307.2142
2.1991	317.41864
2.1996624	322.49857
2.2002249	322.06561
2.2007873	306.63217
2.2013497	318.79675
2.2019122	316.70551
2.2024746	303.99289
2.203037	294.00739
2.2035995	297.85568
2.2041619	293.05322
2.2047243	295.12357
2.2052867	310.06012
2.2058492	300.84229
2.2064116	301.45694
2.206974	298.42184
2.2075365	292.4837
2.2080989	300.15027
2.2086613	298.27505
2.2092237	299.68176
2.2097862	299.39078
2.2103486	286.383
2.210911	290.45148
2.2114735	293.51849
2.2120359	293.37952
2.2125983	289.3349
2.2131608	296.96426
2.2137232	294.52655
2.2142856	290.35687
2.214848	289.08347
2.2154105	289.84494
2.2159729	282.72818
2.2165353	286.80121
2.2170978	300.09332
2.2176602	288.69351
2.2182226	290.23337
2.218785	294.43387
2.2193475	294.38831
2.2199099	277.70084
2.2204723	285.53082
2.2210348	279.91718
2.2215972	274.04022
2.2221596	301.28564
2.2227221	278.194
2.2232845	269.39432
2.2238469	268.79517
2.2244093	261.24152
2.2249718	254.42542
2.2255342	257.81992
2.2260966	267.58743
2.2266591	278.89255
2.2272215	269.29846
2.2277839	255.01349
2.2283463	247.52826
2.2289088	257.9599
2.2294712	250.43996
2.2300336	259.66904
2.2305961	265.31555
2.2311585	248.98119
2.2317209	247.48103
2.2322834	248.52821
2.2328458	252.849
2.2334082	261.06497
2.2339706	267.05417
2.2345331	257.3826
2.2350955	251.06401
2.2356579	266.00229
2.2362204	267.49628
2.2367828	268.98962
2.2373452	267.34537
2.2379076	259.13364
2.2384701	253.13248
2.2390325	249.08514
2.2395949	248.34206
2.2401574	252.80988
2.2407198	257.98746
2.2412822	266.84341
2.2418447	269.00937
2.2424071	246.70555
2.2429695	253.91469
2.2435319	260.56799
2.2440944	262.64038
2.2446568	256.70764
2.2452192	251.43094
2.2457817	251.7552
2.2463441	256
2.2469065	256
2.2474689	268.27975
2.2480314	265.04877
2.2485938	246.38364
2.2491562	257.46225
2.2497187	267.96646
2.2502813	263.87064
2.2508438	241.26735
2.2514062	245.68909
2.2519686	250.62704
2.2525311	254.25456
2.2530935	254.99084
2.2536559	251.36902
2.2542183	246.7702
2.2547808	244.76759
2.2553432	251.37956
2.2559056	242.68855
2.2564681	237.60117
2.2570305	235.94183
2.2575929	230.07733
2.2581553	236.17632
2.2587178	244.30432
2.2592802	249.62442
2.2598426	233.532
2.2604051	241.07837
2.2609675	254.8161
2.2615299	262.85236
2.2620924	251.53281
2.2626548	251.01758
2.2632172	261.27347
2.2637796	283.14984
2.2643421	287.26685
2.2649045	282.21402
2.2654669	273.88275
2.2660294	289.16315
2.2665918	298.44427
2.2671542	304.89856
2.2677166	309.98419
2.2682791	328.81912
2.2688415	336.44962
2.2694039	346.62872
2.2699664	386.50122
2.2705288	398.87051
2.2710912	396.02441
2.2716537	384.96021
2.2722161	404.49792
2.2727785	410
2.2733409	406.60535
2.2739034	396.4902
2.2744658	416.6123
2.2750282	421.91229
2.2755907	410.79446
2.2761531	381.94699
2.2767155	361.70032
2.2772779	346.0303
2.2778404	333.81387
2.2784028	323.02246
2.2789652	309.97751
2.2795277	298.48947
2.2800901	296.33383
2.2806525	277.19156
2.281215	265
2.2817774	264.95786
2.2823398	264.24081
2.2829022	264.95181
2.2834647	261.57526
2.2840271	245.10379
2.2845895	251.73759
2.285152	262.77167
2.2857144	272.7413
2.2862768	256.30975
2.2868392	256.31592
2.2874017	262.78851
2.2879641	265.6427
2.2885265	270.99234
2.289089	284.10913
2.2896514	302.96228
2.2902138	288.00937
2.2907763	286.31253
2.2913387	292.21729
2.2919011	300.75409
2.2924635	298.96576
2.293026	293.19366
2.2935884	284.80899
2.2941508	279.84268
2.2947133	293.61346
2.2952757	310.51648
2.2958381	299.17856
2.2964005	291.85248
2.296963	289.39966
2.2975254	292.93958
2.2980878	304.81607
2.2986503	313.21567
2.2992127	315.39432
2.2997751	298.44846
2.3003376	289.8367
2.3009	290.29269
2.3014624	303.69211
2.3020248	296.73181
2.3025873	288.93533
2.3031497	282.68729
2.3037121	277.76099
2.3042746	265.1571
2.304837	255.25133
2.3053994	270.00827
2.3059618	261.24533
2.3065243	251.47652
2.3070867	250.07274
2.3076491	251.99472
2.3082116	247.87685
2.308774	239.93398
2.3093364	249.73689
2.3098989	248.33009
2.3104613	243.83397
2.3110237	247.32982
2.3115861	257.03677
2.3121486	264.52679
2.312711	265.92349
2.3132734	264.6806
2.3138359	281.1507
2.3143983	311.07208
2.3149607	299.22479
2.3155231	299.03186
2.3160856	307.60452
2.316648	325.00128
2.3172104	331.14246
2.3177729	333.46173
2.3183353	334.85144
2.3188977	354.22583
2.3194602	359.39679
2.3200226	345.13531
2.320585	356.22675
2.3211474	352.31516
2.3217099	338.47366
2.3222723	334.31805
2.3228347	345.28165
2.3233972	355.22537
2.3239596	339.31894
2.324522	334.9064
2.3250844	339.70346
2.3256469	356.27722
2.3262093	370.36496
2.3267717	424.51358
2.3273342	528.63788
2.3278966	756.31921
2.328459	901.30365
2.3290215	976.255
2.3295839	1043.6945
2.3301463	1046.0122
2.3307087	1084.163
2.3312712	1441.4832
2.3318336	1642.2303
2.332396	1704.3633
2.3329585	1552.0369
2.3335209	1393.1063
2.3340833	1170.298
2.3346457	835.25537
2.3352082	623.33734
2.3357706	485.36676
2.336333	424.47604
2.3368955	400.31543
2.3374579	403.02628
2.3380203	429.20288
2.3385828	433.29953
2.3391452	454.95691
2.3397076	487.19855
2.34027	505.60162
2.3408325	521.3316
2.3413949	532.87451
2.3419573	532.19366
2.3425198	561.69641
2.3430822	599.6839
2.3436446	626.87701
2.344207	649.31995
2.3447695	677.77844
2.3453319	723.24829
2.3458943	784.48083
2.3464568	840.96265
2.3470192	882.99078
2.3475816	920.21454
2.3481441	915.99866
2.3487065	851.69293
2.3492689	795.57446
2.3498313	737.68671
2.3503938	676.83545
2.3509562	619.96588
2.3515186	562.25269
2.3520811	503.70892
2.3526435	467.28168
2.3532059	422.72327
2.3537683	372.63315
2.3543308	363.87866
2.3548932	353.25073
2.3554556	342
2.3560181	342
2.3565805	328.24677
2.3571429	307.9772
2.3577054	318.04977
2.3582678	321.1839
2.3588302	319.76221
2.3593926	317.75055
2.3599551	315.319
2.3605175	311.00879
2.3610799	296.27759
2.3616424	299.58932
2.3622048	309.52054
2.3627672	299.48795
2.3633296	287.28116
2.3638921	277.24985
2.3644545	285.26459
2.3650169	289.75827
2.3655794	291.25214
2.3661418	286.5835
2.3667042	285.88074
2.3672667	289.56046
2.3678291	305.54465
2.3683915	310.12335
2.3689539	309.8295
2.3695164	315.14856
2.3700788	322.19702
2.3706412	330.55807
2.3712037	341.1842
2.3717661	344.14966
2.3723285	341.49503
2.3728909	330.22064
2.3734534	322.2688
2.3740158	317
2.3745782	317
2.3751407	317
2.3757031	316.00046
2.3762655	305.42197
2.376828	304.8446
2.3773904	310.5498
2.3779528	303.94934
2.3785152	298.80994
2.3790777	294.85092
2.3796401	290.89505
2.3802025	288.31384
2.380765	286.98184
2.3813274	279.73959
2.3818898	265.81894
2.3824522	244.76817
2.3830147	256.66248
2.3835771	261.09772
2.3841395	254.5267
2.384702	235.28339
2.3852644	230.79752
2.3858268	250.47224
2.3863893	250.14375
2.3869517	244.14809
2.3875141	233.01146
2.3880765	227.24675
2.388639	222.6669
2.3892014	218.08885
2.3897638	206.54112
2.3903263	196.90878
2.3908887	200.82848
2.3914511	218.92355
2.3920135	251.6203
2.392576	326.62311
2.3931384	406.55197
2.3937008	506.12006
2.3942633	756.21851
2.3948257	992.55957
2.3953881	1218.3617
2.3959506	1445.939
2.396513	1705.8964
2.3970754	1999.5533
2.3976378	2252.375
2.3982003	2579.4819
2.3987627	3015.9978
2.3993251	3546.123
2.3998876	3944.0471
2.40045	4041.853
2.4010124	4582.21
2.4015749	5186.8467
2.4021373	5607.9351
2.4026997	4565.3843
2.4032621	2950.5671
2.4038246	1771.3895
2.404387	954.47644
2.4049494	398.60815
2.4055119	189.01947
2.4060743	68.560158
2.4066367	37.613979
2.4071991	30.506218
2.4077616	26.491421
2.408324	25.204109
2.4088864	20.669544
2.4094489	17
2.4100113	17
2.4105737	16.061272
2.4111362	14.888441
2.4116986	14.246536
2.412261	14.789878
2.4128234	16
2.4133859	16
2.4139483	15.047503
2.4145107	13.127013
2.4150732	15.3913
2.4156356	15.336338
2.416198	10.861268
2.4167604	8.9680443
2.4173229	8
2.4178853	8
2.4184477	11.020003
2.4190102	14.791682
2.4195726	12.879496
2.420135	11.655863
2.4206975	11.018639
2.4212599	12.236166
2.4218223	12.745484
2.4223847	12.109463
2.4229472	11.473726
2.4235096	11.970928
2.424072	15.781916
2.4246345	15.271863
2.4251969	13.066937
2.4257593	13.701077
2.4263217	12.659849
2.4268842	10.124652
2.4274466	12.409251
2.428009	13.057924
2.4285715	10.526807
2.4291339	9.4991913
2.4296963	9.7988501
2.4302588	13.590441
2.4308212	13.412829
2.4313836	11
2.431946	11
2.4325085	10.12909
2.4330709	8.2373486
2.4336333	9.6530657
2.4341958	11
2.4347582	11
2.4353206	10.560142
2.435883	10.069038
2.4364455	10.69777
2.4370079	10.347692
2.4375703	9.0915689
2.4381328	12.492738
2.4386952	14.790205
2.4392576	14.162978
2.4398201	12.143991
2.4403825	9.9091768
2.4409449	9.2827826
2.4415073	9.6868591
2.4420698	10.938983
2.4426322	12.189844
2.4431946	11.899276
2.4437571	8.7747707
2.4443195	10.348491
2.4448819	12.623127
2.4454443	10.126168
2.4460068	8.3153305
2.4465692	7.068171
2.4471316	7.5890269
2.4476941	8.2119999
2.4482565	8.8347569
2.4488189	9
2.4493814	8.9206696
2.4499438	8.2990618
2.4505062	9.2898455
2.4510686	11.775621
2.4516311	10.870493
2.4521935	9.8145542
2.4527559	9.1940908
2.4533184	9.4260368
2.4538808	10.137887
2.4544432	11.995855
2.4550056	12.430933
2.4555681	11.192612
2.4561305	11
2.4566929	10.859519
2.4572554	10.241332
2.4578178	11.129381
2.4583802	12.981999
2.4589427	11.165861
2.4595051	9.7715416
2.4600675	9.1549702
2.4606299	8.0770397
2.4611924	7
2.4617548	7
2.4623172	7.9265175
2.4628797	9.7723703
2.4634421	11.078254
2.4640045	11.846029
2.4645669	11.231546
2.4651294	9.8523855
2.4656918	8.0108538
2.4662542	8
2.4668167	8.2234602
2.4673791	8.8363476
2.4679415	8.5509996
2.468504	8.2460842
2.4690664	10.694451
2.4696288	10.286663
2.4701912	6.6160183
2.4707537	6
2.4713161	6.3589654
2.4718785	8.1914358
2.472441	8.6589622
2.4730034	8.0486126
2.4735658	10.805779
2.4741282	11.633355
2.4746907	6.7568669
2.4752531	6.5581999
2.4758155	8.993926
2.476378	5.9652839
2.4769404	5.0761862
2.4775028	8.1161366
2.4780653	8.5691156
2.4786277	8
2.4791901	8
2.4797525	9.0093889
2.480315	11.436346
2.4808774	12.465346
2.4814398	12.857149
2.4820023	11.645541
2.4825647	9.8690281
2.4831271	7.448298
2.4836895	8.4785652
2.484252	10.097652
2.4848144	10.70206
2.4853768	12.224924
2.4859393	14.640697
2.4865017	13.972555
2.4870641	12.765776
2.4876266	11.559743
2.488189	9.7084093
2.4887514	7.2981906
2.4893138	9.6380129
2.4898763	11.481612
2.4904387	9.0750828
2.4910011	8
2.4915636	8
2.492126	9.0693598
2.4926884	10.135408
2.4932508	10.735663
2.4938133	9.9930153
2.4943757	8.1936245
2.4949381	9.0696945
2.4955006	9.7317619
2.496063	8.5336914
2.4966254	7.6681476
2.4971879	7.0697198
2.4977503	8.5849171
2.4983127	10.126214
2.4988751	10.723884
2.4994376	10.357545
2.5	9.1634169
