1.5	23.651371
1.5005624	19.989435
1.5011249	22.334213
1.5016873	24.617315
1.5022497	20.828571
1.5028121	21.913214
1.5033746	18.56624
1.503937	19.39683
1.5044994	21.465727
1.5050619	23.684422
1.5056243	22.428997
1.5061867	25.400244
1.5067492	18.885315
1.5073116	20.018835
1.507874	22.921501
1.5084364	24.403656
1.5089989	24.987064
1.5095613	22.951687
1.5101237	21.107948
1.5106862	25.52297
1.5112486	21.979967
1.511811	23.882898
1.5123734	23.365807
1.5129359	24.192633
1.5134983	20.886553
1.5140607	20.039612
1.5146232	23.535662
1.5151856	23.643887
1.515748	20.158684
1.5163105	19.4156
1.5168729	23.637281
1.5174353	22.108381
1.5179977	24.404627
1.5185602	18.044952
1.5191226	24.477579
1.519685	21.11031
1.5202475	25.255754
1.5208099	24.078871
1.5213723	25.643896
1.5219347	31.112375
1.5224972	32.880329
1.5230596	23.333191
1.523622	26.078243
1.5241845	18.849287
1.5247469	23.586184
1.5253093	27.24317
1.5258718	22.987032
1.5264342	20.677629
1.5269966	23.571999
1.527559	27.502815
1.5281215	23.200151
1.5286839	25.062752
1.5292463	25.435221
1.5298088	22.12261
1.5303712	25.060316
1.5309336	23.376261
1.531496	22.41424
1.5320585	27.647631
1.5326209	24.653067
1.5331833	29.542255
1.5337458	25.015516
1.5343082	25.379555
1.5348706	23.443752
1.5354331	25.301861
1.5359955	22.644636
1.5365579	28.686857
1.5371203	29.368494
1.5376828	24.899878
1.5382452	30.448872
1.5388076	18.839056
1.5393701	28.721268
1.5399325	27.51779
1.5404949	25.977055
1.5410573	33.062927
1.5416198	20.299824
1.5421822	24.831758
1.5427446	37.024559
1.5433071	27.207201
1.5438695	33.64735
1.5444319	25.584171
1.5449944	29.256033
1.5455568	25.577858
1.5461192	28.302195
1.5466816	26.58428
1.5472441	29.462523
1.5478065	28.292618
1.5483689	23.464228
1.5489314	32.12056
1.5494938	29.631124
1.5500562	28.868505
1.5506186	27.407686
1.5511811	28.985584
1.5517435	29.864845
1.5523059	27.646782
1.5528684	28.793188
1.5534308	30.576307
1.5539932	30.309439
1.5545557	31.452017
1.5551181	28.725636
1.5556805	32.332146
1.5562429	29.369886
1.5568054	31.295746
1.5573678	31.579628
1.5579302	28.734581
1.5584927	24.69976
1.5590551	27.681963
1.5596175	27.512945
1.5601799	24.985737
1.5607424	28.218214
1.5613048	29.889277
1.5618672	33.027477
1.5624297	33.035538
1.5629921	30.244867
1.5635545	23.758678
1.564117	22.710356
1.5646794	23.540152
1.5652418	31.101931
1.5658042	26.490675
1.5663667	27.059092
1.5669291	33.442917
1.5674915	34.746628
1.568054	30.078369
1.5686164	31.815908
1.5691788	30.554754
1.5697412	28.367634
1.5703037	32.973011
1.5708661	36.171864
1.5714285	30.861561
1.571991	33.278904
1.5725534	32.254814
1.5731158	41.785709
1.5736783	33.646217
1.5742407	25.58223
1.5748031	31.029293
1.5753655	36.591488
1.575928	34.574917
1.5764904	27.971445
1.5770528	32.757736
1.5776153	32.104614
1.5781777	31.367104
1.5787401	31.40683
1.5793025	33.666256
1.579865	32.207489
1.5804274	32.50135
1.5809898	33.481068
1.5815523	29.194767
1.5821147	36.765041
1.5826771	34.210068
1.5832396	33.511002
1.583802	38.923565
1.5843644	42.851921
1.5849268	37.468624
1.5854893	31.558949
1.5860517	37.642136
1.5866141	36.878113
1.5871766	29.820023
1.587739	33.520115
1.5883014	34.052544
1.5888638	39.148827
1.5894263	30.030537
1.5899887	35.354038
1.5905511	37.185265
1.5911136	34.912601
1.591676	31.529921
1.5922384	41.358192
1.5928009	32.914806
1.5933633	35.430084
1.5939257	37.466362
1.5944881	37.464287
1.5950506	27.14653
1.595613	37.602673
1.5961754	38.50951
1.5967379	35.551754
1.5973003	35.774162
1.5978627	30.591753
1.5984251	35.461632
1.5989876	35.726833
1.59955	38.6572
1.6001124	38.853836
1.6006749	37.59491
1.6012373	30.822905
1.6017997	39.263855
1.6023622	39.169605
1.6029246	38.162613
1.603487	34.572899
1.6040494	37.408333
1.6046119	41.728004
1.6051743	35.652943
1.6057367	37.55125
1.6062992	40.475414
1.6068616	41.24971
1.607424	36.873409
1.6079865	37.663586
1.6085489	41.555515
1.6091113	37.348907
1.6096737	35.243145
1.6102362	41.768532
1.6107986	42.554356
1.611361	38.173122
1.6119235	37.256424
1.6124859	46.427822
1.6130483	44.709629
1.6136107	44.436962
1.6141732	50.000771
1.6147356	44.564896
1.615298	41.880314
1.6158605	33.604675
1.6164229	40.374664
1.6169853	39.106033
1.6175478	43.481876
1.6181102	42.074158
1.6186726	42.147076
1.619235	38.744095
1.6197975	42.302109
1.6203599	41.253826
1.6209223	38.169769
1.6214848	46.413387
1.6220472	43.900009
1.6226096	41.20171
1.623172	45.272804
1.6237345	43.334011
1.6242969	50.109249
1.6248593	44.191124
1.6254219	45.396053
1.6259843	41.967834
1.6265467	50.67379
1.6271092	43.799366
1.6276716	41.243084
1.628234	47.2798
1.6287965	46.732258
1.6293589	44.610035
1.6299213	44.587933
1.6304837	42.933788
1.6310462	43.320122
1.6316086	45.590492
1.632171	40.737286
1.6327335	46.481007
1.6332959	51.491192
1.6338583	46.046986
1.6344208	51.232834
1.6349832	46.209118
1.6355456	47.892704
1.636108	40.264454
1.6366705	55.639851
1.6372329	40.819462
1.6377953	43.519302
1.6383578	52.473999
1.6389202	56.430119
1.6394826	48.13422
1.640045	42.533409
1.6406075	52.936653
1.6411699	49.689297
1.6417323	48.793026
1.6422948	44.683876
1.6428572	45.853085
1.6434196	57.930359
1.6439821	43.693775
1.6445445	46.480026
1.6451069	49.590595
1.6456693	44.441425
1.6462318	56.719425
1.6467942	59.09996
1.6473566	47.366924
1.6479191	47.694721
1.6484815	53.894569
1.6490439	54.293827
1.6496063	45.76923
1.6501688	52.68914
1.6507312	61.241005
1.6512936	55.060432
1.6518561	49.720848
1.6524185	50.963768
1.6529809	53.865246
1.6535434	59.947762
1.6541058	49.861351
1.6546682	55.819405
1.6552306	44.357548
1.6557931	55.793705
1.6563555	57.583725
1.6569179	50.993195
1.6574804	49.025024
1.6580428	52.630592
1.6586052	53.502819
1.6591676	57.845852
1.6597301	56.10442
1.6602925	47.562687
1.6608549	49.336159
1.6614174	62.578251
1.6619798	57.127666
1.6625422	57.615879
1.6631047	57.185726
1.6636671	53.349495
1.6642295	56.918365
1.6647919	59.35733
1.6653544	56.071526
1.6659168	60.217899
1.6664792	56.152679
1.6670417	58.900661
1.6676041	63.182732
1.6681665	61.451168
1.6687289	62.190529
1.6692914	56.16782
1.6698538	54.598251
1.6704162	50.73127
1.6709787	51.957191
1.6715411	56.575287
1.6721035	52.652767
1.672666	53.890163
1.6732284	59.688393
1.6737908	57.554802
1.6743532	58.787395
1.6749157	65.656181
1.6754781	55.714905
1.6760405	55.067017
1.676603	65.91507
1.6771654	58.585136
1.6777278	59.305984
1.6782902	60.913845
1.6788527	63.662159
1.6794151	63.66301
1.6799775	59.161686
1.68054	58.830036
1.6811024	58.180313
1.6816648	60.625885
1.6822273	51.78611
1.6827897	62.037739
1.6833521	62.518829
1.6839145	58.669834
1.684477	58.670685
1.6850394	66.47908
1.6856018	59.296555
1.6861643	55.463646
1.6867267	60.197521
1.6872891	66.676575
1.6878515	64.130768
1.688414	61.814152
1.6889764	56.988705
1.6895388	64.678368
1.6901013	68.257492
1.6906637	67.029503
1.6912261	69.820282
1.6917886	71.512604
1.692351	62.834446
1.6929134	71.683487
1.6934758	66.880669
1.6940383	67.224197
1.6946007	67.584534
1.6951631	64.223907
1.6957256	69.313812
1.696288	63.846252
1.6968504	71.02079
1.6974128	71.137062
1.6979753	61.20409
1.6985377	66.680542
1.6991001	71.343132
1.6996626	68.433212
1.700225	71.854965
1.7007874	66.68898
1.7013499	72.696281
1.7019123	62.428234
1.7024747	74.299164
1.7030371	73.638557
1.7035996	69.986862
1.704162	67.555275
1.7047244	74.040459
1.7052869	69.225372
1.7058493	77.175056
1.7064117	78.24601
1.7069741	75.405273
1.7075366	71.742966
1.708099	71.308891
1.7086614	67.707375
1.7092239	60.867496
1.7097863	74.984413
1.7103487	79.290886
1.7109112	73.286774
1.7114736	74.703972
1.712036	70.712494
1.7125984	72.958305
1.7131609	75.556923
1.7137233	69.961349
1.7142857	74.938309
1.7148482	78.353653
1.7154106	73.879112
1.715973	77.878525
1.7165354	69.232155
1.7170979	71.296898
1.7176603	67.538818
1.7182227	80.395172
1.7187852	73.193787
1.7193476	80.065903
1.71991	71.250969
1.7204725	79.302422
1.7210349	79.418442
1.7215973	76.843216
1.7221597	75.32972
1.7227222	79.737045
1.7232846	84.063545
1.723847	84.031052
1.7244095	89.480385
1.7249719	77.842674
1.7255343	81.187057
1.7260967	81.493996
1.7266592	77.028847
1.7272216	74.938515
1.727784	75.736382
1.7283465	79.094826
1.7289089	80.229561
1.7294713	82.176361
1.7300338	98.090416
1.7305962	84.595207
1.7311586	83.341713
1.731721	83.39592
1.7322835	85.555786
1.7328459	82.535645
1.7334083	81.832886
1.7339708	76.724586
1.7345332	77.74662
1.7350956	87.431587
1.735658	82.907944
1.7362205	85.27845
1.7367829	87.850891
1.7373453	75.039635
1.7379078	84.534668
1.7384702	91.056931
1.7390326	85.125648
1.7395951	86.754295
1.7401575	87.833038
1.7407199	81.35952
1.7412823	78.27462
1.7418448	80.914696
1.7424072	82.125435
1.7429696	86.850815
1.7435321	94.920929
1.7440945	87.501801
1.7446569	82.195686
1.7452193	90.804543
1.7457818	85.307671
1.7463442	93.409683
1.7469066	95.806267
1.7474691	94.302475
1.7480315	95.155968
1.7485939	97.296028
1.7491564	92.320557
1.7497188	98.797363
1.7502812	95.427094
1.7508436	93.724724
1.7514061	91.013931
1.7519685	100.96324
1.7525309	86.238037
1.7530934	95.703346
1.7536558	104.31992
1.7542182	93.126755
1.7547807	87.72554
1.7553431	92.0504
1.7559055	97.568062
1.7564679	93.772636
1.7570304	92.556305
1.7575928	94.86866
1.7581552	91.55928
1.7587177	106.08598
1.7592801	92.041199
1.7598425	95.980721
1.7604049	98.785858
1.7609674	98.78672
1.7615298	98.787567
1.7620922	96.365852
1.7626547	99.789276
1.7632171	94.166206
1.7637795	104.42841
1.764342	97.061523
1.7649044	104.87376
1.7654668	98.457672
1.7660292	98.953201
1.7665917	100.99725
1.7671541	97.796104
1.7677165	97.18705
1.768279	93.178078
1.7688414	94.434029
1.7694038	102.44147
1.7699662	98.794983
1.7705287	96.984795
1.7710911	100.62872
1.7716535	109.00674
1.772216	102.24035
1.7727784	106.74713
1.7733408	103.69482
1.7739033	101.46044
1.7744657	102.37378
1.7750281	102.10177
1.7755905	94.201736
1.776153	108.19376
1.7767154	98.473526
1.7772778	104.65457
1.7778403	112.24227
1.7784027	107.39593
1.7789651	116.00544
1.7795275	106.70985
1.78009	101.50756
1.7806524	97.523643
1.7812148	97.647888
1.7817773	112.91518
1.7823397	117.46174
1.7829021	103.2825
1.7834646	102.53192
1.784027	118.91409
1.7845894	100.77065
1.7851518	117.55346
1.7857143	108.85561
1.7862767	113.20187
1.7868391	108.19653
1.7874016	108.632
1.787964	116.66879
1.7885264	108.13711
1.7890888	109.82937
1.7896513	112.33303
1.7902137	108.10416
1.7907761	113.2714
1.7913386	109.86168
1.791901	112.75444
1.7924634	112.24482
1.7930259	108.52753
1.7935883	114.21421
1.7941507	106.27801
1.7947131	106.9261
1.7952756	110.09002
1.795838	105.08086
1.7964004	105.96529
1.7969629	112.55592
1.7975253	109.63634
1.7980877	119.8037
1.7986501	108.80785
1.7992126	119.16863
1.799775	117.9131
1.8003374	110.71028
1.8008999	108.64736
1.8014623	124.1665
1.8020247	111.73522
1.8025872	113.54584
1.8031496	121.27526
1.803712	118.95682
1.8042744	124.909
1.8048369	114.57128
1.8053993	115.15546
1.8059617	123.23756
1.8065242	126.15244
1.8070866	121.45901
1.807649	112.10123
1.8082114	117.99432
1.8087739	112.5109
1.8093363	122.37558
1.8098987	114.41914
1.8104612	116.7421
1.8110236	108.95489
1.811586	115.62769
1.8121485	118.72385
1.8127109	125.72862
1.8132733	106.71888
1.8138357	105.92664
1.8143982	119.8003
1.8149606	118.61611
1.815523	109.00694
1.8160855	114.32338
1.8166479	115.01987
1.8172103	113.85477
1.8177727	121.38969
1.8183352	125.29088
1.8188976	124.49236
1.81946	118.37054
1.8200225	116.33772
1.8205849	118.20177
1.8211473	131.6122
1.8217098	122.93888
1.8222722	126.3681
1.8228346	128.70738
1.823397	113.4874
1.8239595	120.99406
1.8245219	126.146
1.8250843	123.08781
1.8256468	116.87302
1.8262092	127.69756
1.8267716	122.09893
1.827334	122.33733
1.8278965	125.7168
1.8284589	125.65602
1.8290213	126.69381
1.8295838	112.271
1.8301462	118.79048
1.8307086	117.20159
1.8312711	123.49802
1.8318335	124.51758
1.8323959	122.02659
1.8329583	119.99108
1.8335208	123.7834
1.8340832	122.1073
1.8346456	121.02831
1.8352081	113.74805
1.8357705	122.89615
1.8363329	117.90222
1.8368953	123.16227
1.8374578	119.47701
1.8380202	117.72062
1.8385826	120.96297
1.8391451	123.0779
1.8397075	123.14085
1.8402699	121.61121
1.8408324	119.49004
1.8413948	122.48435
1.8419572	127.80907
1.8425196	119.57182
1.8430821	114.53204
1.8436445	116.62774
1.8442069	122.17148
1.8447694	124.68008
1.8453318	119.1376
1.8458942	120.95885
1.8464566	123.74292
1.8470191	117.14942
1.8475815	120.17435
1.8481439	130.22389
1.8487064	128.10797
1.8492688	125.44918
1.8498312	122.30543
1.8503937	120.81366
1.8509561	118.43597
1.8515185	122.6166
1.8520809	118.94276
1.8526434	120.28344
1.8532058	120.28856
1.8537682	114.46777
1.8543307	115.36623
1.8548931	114.49576
1.8554555	117.2228
1.8560179	116.87147
1.8565804	114.58721
1.8571428	118.56783
1.8577052	110.08105
1.8582677	111.17084
1.8588301	115.35079
1.8593925	121.12444
1.859955	115.60483
1.8605174	113.812
1.8610798	115.47116
1.8616422	116.11727
1.8622047	120.97823
1.8627671	126.81177
1.8633295	124.83619
1.863892	116.09301
1.8644544	120.34415
1.8650168	123.98363
1.8655792	123.46561
1.8661417	122.11328
1.8667041	117.64199
1.8672665	117.8243
1.867829	124.92966
1.8683914	124.28938
1.8689538	124.66638
1.8695163	118.87679
1.8700787	127.27063
1.8706411	127.44913
1.8712035	131.40254
1.871766	123.4167
1.8723284	126.94511
1.8728908	133.72086
1.8734533	125.53929
1.8740157	126.21671
1.8745781	129.05956
1.8751407	123.07653
1.8757031	131.38597
1.8762655	128.51259
1.876828	128.86069
1.8773904	125.43237
1.8779528	125.91692
1.8785152	126.40809
1.8790777	137.22502
1.8796401	133.34818
1.8802025	129.28992
1.880765	126.35459
1.8813274	131.21642
1.8818898	131.98235
1.8824522	129.78789
1.8830147	128.22284
1.8835771	131.3302
1.8841395	132.31737
1.884702	139.62846
1.8852644	132.28799
1.8858268	132.61961
1.8863893	139.73128
1.8869517	131.51224
1.8875141	123.93583
1.8880765	134.17772
1.888639	140.47765
1.8892014	129.82118
1.8897638	133.03462
1.8903263	135.8792
1.8908887	142.36893
1.8914511	131.29739
1.8920135	137.35881
1.892576	141.25661
1.8931384	141.1088
1.8937008	147.56573
1.8942633	143.56299
1.8948257	135.42447
1.8953881	133.10953
1.8959506	140.20836
1.896513	140.89154
1.8970754	134.9919
1.8976378	133.51303
1.8982003	149.17671
1.8987627	144.72563
1.8993251	142.43512
1.8998876	132.18394
1.90045	130.44778
1.9010124	150.71246
1.9015749	143.2758
1.9021373	140.71738
1.9026997	127.05473
1.9032621	144.26646
1.9038246	137
1.904387	137.81096
1.9049494	142.39297
1.9055119	138.93721
1.9060743	124.36919
1.9066367	130.40868
1.9071991	126.38038
1.9077616	127.09924
1.908324	134.10616
1.9088864	142.25281
1.9094489	150.3367
1.9100113	132.18256
1.9105737	137.09525
1.9111362	146.53282
1.9116986	152.03833
1.912261	148.96597
1.9128234	150.11646
1.9133859	148.90739
1.9139483	143.35522
1.9145107	143.36998
1.9150732	151.0811
1.9156356	141.5768
1.916198	137
1.9167604	148.60977
1.9173229	144.84787
1.9178853	151.14879
1.9184477	130.46996
1.9190102	145.62683
1.9195726	146.38475
1.920135	136.21736
1.9206975	134.0936
1.9212599	143.23039
1.9218223	140.24471
1.9223847	138.09215
1.9229472	141.87511
1.9235096	139.05106
1.924072	138.00369
1.9246345	141.03676
1.9251969	145.10602
1.9257593	149.93364
1.9263217	148.61725
1.9268842	160.90903
1.9274466	142.1931
1.928009	144.92628
1.9285715	144.32893
1.9291339	147.90968
1.9296963	146.31454
1.9302588	139.37175
1.9308212	135.44316
1.9313836	147
1.931946	145.66306
1.9325085	135.37007
1.9330709	134.51357
1.9336333	157.33275
1.9341958	152.04712
1.9347582	145.8618
1.9353206	146.67693
1.935883	155.45615
1.9364455	145.29659
1.9370079	137.91086
1.9375703	125.00671
1.9381328	160.06334
1.9386952	146.50085
1.9392576	137
1.9398201	136.86972
1.9403825	138.27815
1.9409449	152.04924
1.9415073	138.23431
1.9420698	140.11142
1.9426322	141.10524
1.9431946	141.60612
1.9437571	138.91238
1.9443195	146.16893
1.9448819	126.89946
1.9454443	139.31403
1.9460068	156.59483
1.9465692	133.68849
1.9471316	148.10493
1.9476941	150.88275
1.9482565	145.96487
1.9488189	143.00255
1.9493814	134.12622
1.9499438	134
1.9505062	149.32469
1.9510686	139.62932
1.9516311	134.36314
1.9521935	131.26593
1.9527559	142.63162
1.9533184	130.83722
1.9538808	136.73724
1.9544432	143.89009
1.9550056	138.41905
1.9555681	126.55846
1.9561305	134.17703
1.9566929	133.18932
1.9572554	128.29462
1.9578178	115.49092
1.9583802	127.02895
1.9589427	123.21519
1.9595051	121.90235
1.9600675	123.37373
1.9606299	121.79636
1.9611924	127.34283
1.9617548	133.65269
1.9623172	125.0336
1.9628797	119.48198
1.9634421	122.53009
1.9640045	121.11613
1.9645669	120
1.9651294	121.15224
1.9656918	124.41778
1.9662542	127
1.9668167	127
1.9673791	128.04683
1.9679415	129.39064
1.968504	123.80261
1.9690664	123.32849
1.9696288	125.39122
1.9701912	128.28848
1.9707537	130.01826
1.9713161	115.26163
1.9718785	124.90202
1.972441	132.62924
1.9730034	121.08253
1.9735658	120
1.9741282	115.79505
1.9746907	110.18771
1.9752531	118.91628
1.9758155	107.53902
1.976378	115.65495
1.9769404	120.07513
1.9775028	111.79934
1.9780653	114.81463
1.9786277	121
1.9791901	118.63833
1.9797525	114.28519
1.980315	113.53754
1.9808774	114.98134
1.9814398	108.8816
1.9820023	101.48402
1.9825647	109.20188
1.9831271	111.55045
1.9836895	119.67797
1.984252	116.76353
1.9848144	112.9679
1.9853768	110.11599
1.9859393	95.414352
1.9865017	102.61163
1.9870641	112.10323
1.9876266	111.72264
1.988189	107.46433
1.9887514	104.03607
1.9893138	104.2031
1.9898763	109.38367
1.9904387	109.54261
1.9910011	103.8038
1.9915636	101.38402
1.992126	104.2985
1.9926884	109.27212
1.9932508	108.06271
1.9938133	101
1.9943757	101
1.9949381	100.87546
1.9955006	98.052559
1.996063	109.07693
1.9966254	99.646309
1.9971879	102.01151
1.9977503	105.96471
1.9983127	101.56515
1.9988751	104.55486
1.9994376	106.8909
2	97.649551
2.0005624	94.12899
2.0011249	102.45238
2.0016873	102.31715
2.0022497	97.862518
2.0028121	104
2.0033746	101.79659
2.003937	82.638794
2.0044994	100.34762
2.0050619	104.59083
2.0056243	101.68362
2.0061867	91.88237
2.0067492	90.380203
2.0073116	87.281082
2.007874	92.140793
2.0084364	98
2.0089989	96.374344
2.0095613	93.665833
2.0101237	93.783707
2.0106862	93.18428
2.0112486	83.504868
2.011811	102.64314
2.0123734	94.317245
2.0129359	95.778305
2.0134983	96.81321
2.0140607	98.473289
2.0146232	92.403297
2.0151856	90.746422
2.015748	87.464424
2.0163105	89.804344
2.0168729	90.34684
2.0174353	78.529289
2.0179977	93.049637
2.0185602	100.62695
2.0191226	88.877144
2.019685	84.285851
2.0202475	82.279167
2.0208099	93.664825
2.0213723	93.528503
2.0219347	93.221077
2.0224972	92.420647
2.0230596	93.208481
2.023622	93.507187
2.0241845	86.569069
2.0247469	82.942039
2.0253093	95.903198
2.0258718	94.951416
2.0264342	90.392075
2.0269966	85.001213
2.027559	88.466156
2.0281215	93.928574
2.0286839	95.435349
2.0292463	91.680397
2.0298088	90.682343
2.0303712	95.874649
2.0309336	95.602997
2.031496	85.570702
2.0320585	82.199837
2.0326209	94.887512
2.0331833	91.867592
2.0337458	88.803658
2.0343082	91.184738
2.0348706	82.715958
2.0354331	78.007454
2.0359955	84.395348
2.0365579	85.992859
2.0371203	84.078804
2.0376828	89.441475
2.0382452	80.42733
2.0388076	95.444466
2.0393701	91.932304
2.0399325	93.95005
2.0404949	91.539108
2.0410573	88
2.0416198	89.774223
2.0421822	90.221016
2.0427446	83.199478
2.0433071	89.811279
2.0438695	86.226173
2.0444319	89.356392
2.0449944	95.877541
2.0455568	95.482666
2.0461192	95.047554
2.0466816	93.493706
2.0472441	86.268745
2.0478065	79.223572
2.0483689	85.633736
2.0489314	100.79556
2.0494938	86.048271
2.0500562	92.475128
2.0506186	93.678848
2.0511811	95.201729
2.0517435	94.800232
2.0523059	93.64444
2.0528684	95.913811
2.0534308	91.474602
2.0539932	87.03537
2.0545557	95.79776
2.0551181	88.573532
2.0556805	95.77961
2.0562429	89.17691
2.0568054	83.222755
2.0573678	91.4534
2.0579302	93.376404
2.0584927	79.113136
2.0590551	92.360985
2.0596175	84.600395
2.0601799	88.05365
2.0607424	92.413475
2.0613048	93.515602
2.0618672	93
2.0624297	94.960388
2.0629921	99.006874
2.0635545	84.988579
2.064117	82.352821
2.0646794	88.846252
2.0652418	88.447037
2.0658042	92.153267
2.0663667	95.040062
2.0669291	88.514847
2.0674915	80.868599
2.068054	91.82576
2.0686164	83.956596
2.0691788	83.768066
2.0697412	84.641701
2.0703037	86.54525
2.0708661	88.776062
2.0714285	91.041389
2.071991	92.544807
2.0725534	83.023895
2.0731158	89.121758
2.0736783	81.061989
2.0742407	86.609901
2.0748031	88.124504
2.0753655	84
2.075928	86.438255
2.0764904	93.742363
2.0770528	81.595978
2.0776153	86.770958
2.0781777	92.146774
2.0787401	85.642624
2.0793025	87.031143
2.079865	93.104729
2.0804274	82.376083
2.0809898	89.913475
2.0815523	85.594543
2.0821147	85.744331
2.0826771	93.891571
2.0832396	99
2.083802	97.675041
2.0843644	94.22998
2.0849268	91
2.0854893	91
2.0860517	88.677795
2.0866141	84.198311
2.0871766	82
2.087739	83.403603
2.0883014	83.28051
2.0888638	73.803535
2.0894263	84.089882
2.0899887	80.315285
2.0905511	84.095154
2.0911136	88.478004
2.091676	88.60778
2.0922384	83.970718
2.0928009	76
2.0933633	76
2.0939257	87.474075
2.0944881	82.96936
2.0950506	81.29203
2.095613	86.934235
2.0961754	89.089417
2.0967379	80.04998
2.0973003	81.751381
2.0978627	83.451744
2.0984251	84.575546
2.0989876	85.424873
2.09955	86
2.1001124	86.489288
2.1006749	89.881096
2.1012373	81.823624
2.1017997	77.341988
2.1023622	78.044212
2.1029246	85.00119
2.103487	91.768036
2.1040494	82.615295
2.1046119	75.858398
2.1051743	87.529823
2.1057367	86.192657
2.1062992	84.967911
2.1068616	84.729614
2.107424	74.858459
2.1079865	89.170746
2.1085489	86.03582
2.1091113	88.168785
2.1096737	83.834274
2.1102362	75.427132
2.1107986	74.317642
2.111361	86.905693
2.1119235	82.00428
2.1124859	81
2.1130483	87.103683
2.1136107	88.846703
2.1141732	80.816902
2.1147356	79.921539
2.115298	76.576622
2.1158605	76.691338
2.1164229	82.791405
2.1169853	87.277443
2.1175478	84.826424
2.1181102	79.911682
2.1186726	77.411858
2.119235	79.782974
2.1197975	83.641754
2.1203599	84.918915
2.1209223	81.081253
2.1214848	73.21019
2.1220472	80.683266
2.1226096	84.052116
2.123172	82.429909
2.1237345	82.060478
2.1242969	85.827766
2.1248593	84.987595
2.1254218	72.567444
2.1259842	72.625549
2.1265466	80.768677
2.1271091	83.346733
2.1276715	73.956436
2.1282339	79.736282
2.1287963	85.514191
2.1293588	85.161858
2.1299212	80.502121
2.1304836	78.090416
2.1310461	83.83017
2.1316085	82.183968
2.1321709	79.076569
2.1327333	84.086128
2.1332958	85.248695
2.1338582	77.624908
2.1344206	72.245316
2.1349831	83.732628
2.1355455	87.975014
2.1361079	86.131546
2.1366704	81.810997
2.1372328	78.651924
2.1377952	76.196342
2.1383576	85.7799
2.1389201	87.290649
2.1394825	84.839279
2.1400449	82.389214
2.1406074	80.019844
2.1411698	80.835541
2.1417322	81.650795
2.1422946	82.931213
2.1428571	83.719925
2.1434195	82.528473
2.1439819	78.459816
2.1445444	77.278984
2.1451068	78.601173
2.1456692	78.269539
2.1462317	76.422791
2.1467941	83.728706
2.1473565	82.438896
2.1479189	80.817993
2.1484814	81.604965
2.1490438	83.788879
2.1496062	83.224037
2.1501687	92.119827
2.1507311	89.537048
2.1512935	81.651726
2.1518559	74.746605
2.1524184	73.878693
2.1529808	72.265701
2.1535432	78.062828
2.1541057	81.479485
2.1546681	80.005821
2.1552305	75
2.155793	75
2.1563554	84.085045
2.1569178	77.945992
2.1574802	69.836815
2.1580427	75.526367
2.1586051	86.763527
2.1591675	82.291145
2.15973	79.484909
2.1602924	81.213936
2.1608548	85.648354
2.1614172	83.246925
2.1619797	86.588394
2.1625421	74.551208
2.1631045	67.061279
2.163667	78.919273
2.1642294	85.307899
2.1647918	83.865967
2.1653543	84.017189
2.1659167	84.083641
2.1664791	80.876801
2.1670415	72.116165
2.167604	76.553993
2.1681664	79.489532
2.1687288	81.138077
2.1692913	84.079239
2.1698537	84.873253
2.1704161	80.33226
2.1709785	80.300697
2.171541	82.240463
2.1721034	80.320648
2.1726658	85.863785
2.1732283	81.335854
2.1737907	78
2.1743531	78.422562
2.1749156	79.998169
2.175478	79.208145
2.1760404	77.256142
2.1766028	76
2.1771653	76.636993
2.1777277	79.790733
2.1782901	80
2.1788526	80.522858
2.179415	79.140434
2.1799774	74.51754
2.1805398	70.585869
2.1811023	74.680992
2.1816647	77.90844
2.1822271	79.478539
2.1827896	80.976234
2.183352	80.191994
2.1839144	74.081444
2.1844769	73.377945
2.1850393	78.36631
2.1856017	75.23558
2.1861641	71.383476
2.1867266	72.525665
2.187289	76.718948
2.1878514	80.663315
2.1884139	76.760269
2.1889763	79.140701
2.1895387	78.960861
2.1901011	77.310036
2.1906636	82.765274
2.191226	83.744804
2.1917884	81.385384
2.1923509	77.797363
2.1929133	75.233696
2.1934757	77.564728
2.1940382	76.737411
2.1946006	76.407539
2.195163	76.082306
2.1957254	72.2062
2.1962879	72
2.1968503	75.556335
2.1974127	74.484352
2.1979752	64.117767
2.1985376	79.581558
2.1991	81.193787
2.1996624	79.250725
2.2002249	78.586876
2.2007873	81.673569
2.2013497	83.379677
2.2019122	79.85276
2.2024746	75.92527
2.203037	78.995567
2.2035995	76.686592
2.2041619	73.83754
2.2047243	71.380562
2.2052867	70.313293
2.2058492	73.38591
2.2064116	72.157303
2.206974	72.907562
2.2075365	74.813034
2.2080989	68.679787
2.2086613	74.131157
2.2092237	79.234818
2.2097862	80.301552
2.2103486	74.180237
2.210911	73.258087
2.2114735	70.975327
2.2120359	71.160637
2.2125983	76.899536
2.2131608	74.610725
2.2137232	76.795906
2.2142856	75.462837
2.214848	67.833084
2.2154105	66.310165
2.2159729	70.847878
2.2165353	74.733437
2.2170978	76.762672
2.2176602	81.322594
2.2182226	73.593285
2.218785	70.216942
2.2193475	72.328339
2.2199099	73.845383
2.2204723	77.403862
2.2210348	75.931313
2.2215972	72.782249
2.2221596	75.809517
2.2227221	69.621315
2.2232845	69.323883
2.2238469	72.440971
2.2244093	73.951698
2.2249718	74
2.2255342	73.030014
2.2260966	73.674133
2.2266591	78.94986
2.2272215	73.776093
2.2277839	69.003677
2.2283463	66.504036
2.2289088	68.024063
2.2294712	72.536018
2.2300336	74
2.2305961	71.416153
2.2311585	64.056442
2.2317209	68.556923
2.2322834	64.396538
2.2328458	61.590004
2.2334082	68.926903
2.2339706	62.189037
2.2345331	65.556152
2.2350955	71.759605
2.2356579	73.989746
2.2362204	67.266815
2.2367828	64.505188
2.2373452	60.86272
2.2379076	51.15797
2.2384701	62.735035
2.2390325	63.649017
2.2395949	59.55265
2.2401574	58.063377
2.2407198	62.987457
2.2412822	68.193588
2.2418447	70.801872
2.2424071	66.341103
2.2429695	59.142548
2.2435319	56.856003
2.2440944	59.189663
2.2446568	64.380798
2.2452192	64.347275
2.2457817	66.755203
2.2463441	68.987358
2.2469065	57.88443
2.2474689	57.841965
2.2480314	59.706535
2.2485938	61.184486
2.2491562	62.661633
2.2497187	57.878708
2.2502813	54.613903
2.2508438	56.17823
2.2514062	59.12606
2.2519686	60
2.2525311	60
2.2530935	60
2.2536559	62.904781
2.2542183	60.308788
2.2547808	58.356792
2.2553432	67.172745
2.2559056	62.679173
2.2564681	60
2.2570305	59.867725
2.2575929	59.134666
2.2581553	60.196053
2.2587178	63.973873
2.2592802	69.562317
2.2598426	64.442009
2.2604051	69.826912
2.2609675	75.743988
2.2615299	75.013428
2.2620924	67.11631
2.2626548	68.017593
2.2632172	75.10939
2.2637796	83.85994
2.2643421	100.20216
2.2649045	108.27676
2.2654669	108.7931
2.2660294	123.34585
2.2665918	134.07755
2.2671542	145.42448
2.2677166	159.95482
2.2682791	179.54294
2.2688415	188.34882
2.2694039	198.75337
2.2699664	235.0011
2.2705288	253.11646
2.2710912	264.13901
2.2716537	271.01639
2.2722161	281.14706
2.2727785	275.16815
2.2733409	265.06021
2.2739034	259.28009
2.2744658	251.44217
2.2750282	238.59827
2.2755907	223.3082
2.2761531	213.93277
2.2767155	194.2684
2.2772779	173.39931
2.2778404	154.76424
2.2784028	141.09512
2.2789652	124.27074
2.2795277	106.76663
2.2800901	93.114174
2.2806525	88.573105
2.281215	83.754807
2.2817774	77.252945
2.2823398	81.555069
2.2829022	81.096359
2.2834647	80.731422
2.2840271	87.176781
2.2845895	86.75177
2.285152	88.037064
2.2857144	90.686577
2.2862768	73.540596
2.2868392	75.732239
2.2874017	83.014351
2.2879641	79.446594
2.2885265	83.368301
2.289089	87.68486
2.2896514	91.049416
2.2902138	91.761459
2.2907763	83.482086
2.2913387	75.108658
2.2919011	79.377052
2.2924635	78.786316
2.293026	77.048416
2.2935884	75.054573
2.2941508	76.473518
2.2947133	74.32341
2.2952757	71.310448
2.2958381	72.727684
2.2964005	71.856102
2.296963	72.399658
2.2975254	75.939575
2.2980878	76
2.2986503	71.980431
2.2992127	64.914291
2.2997751	57.853527
2.3003376	60.683708
2.3009	63.644417
2.3014624	59.413025
2.3020248	60.27203
2.3025873	61
2.3031497	61
2.3037121	61
2.3042746	65.066086
2.304837	68.761398
2.3053994	63.139709
2.3059618	60.880501
2.3065243	63.402782
2.3070867	72.527153
2.3076491	68.345642
2.3082116	68.195641
2.308774	73.067406
2.3093364	84.270737
2.3098989	77.259216
2.3104613	68.002274
2.3110237	80.587341
2.3115861	77.916809
2.3121486	76.897392
2.312711	84.579163
2.3132734	82.361221
2.3138359	77.784248
2.3143983	72.382088
2.3149607	77.260376
2.3155231	86.615723
2.3160856	92.828033
2.316648	77.518883
2.3172104	77.749237
2.3177729	81.461723
2.3183353	82.85141
2.3188977	81.139435
2.3194602	76.541168
2.3200226	68.906975
2.320585	61.281639
2.3211474	65.895309
2.3217099	77.649109
2.3222723	74.878708
2.3228347	71.165771
2.3233972	69.969345
2.3239596	78.268387
2.324522	92.5765
2.3250844	124.86322
2.3256469	188.39604
2.3262093	290.21033
2.3267717	477.14337
2.3273342	764.00238
2.3278966	936.69128
2.328459	1021.7589
2.3290215	1045.1272
2.3295839	1175.877
2.3301463	1200.1327
2.3307087	1244.5427
2.3312712	1641.718
2.3318336	1829.1772
2.332396	1830.0403
2.3329585	1541.1689
2.3335209	1099.7938
2.3340833	696.57379
2.3346457	423.88065
2.3352082	275.50906
2.3357706	179.95026
2.336333	134.11119
2.3368955	110.31543
2.3374579	97.246712
2.3380203	94
2.3385828	94
2.3391452	95.59655
2.3397076	97.511429
2.34027	93.421867
2.3408325	93.333084
2.3413949	96.129417
2.3419573	102.2567
2.3425198	105.46048
2.3430822	108.33678
2.3436446	113.77541
2.344207	118.15871
2.3447695	120.79435
2.3453319	120.11569
2.3458943	114.9334
2.3464568	112.93066
2.3470192	118.35365
2.3475816	118.40343
2.3481441	118.54739
2.3487065	119.9012
2.3492689	123.13572
2.3498313	125
2.3503938	125
2.3509562	127.62068
2.3515186	127.01742
2.3520811	122.97844
2.3526435	120.28012
2.3532059	121.47971
2.3537683	125.97179
2.3543308	125.29835
2.3548932	126.8748
2.3554556	131.1071
2.3560181	146.57375
2.3565805	145.14101
2.3571429	134.23779
2.3577054	146.99641
2.3582678	148.32761
2.3588302	143.63414
2.3593926	148.99855
2.3599551	150.57974
2.3605175	150.54306
2.3610799	154.56067
2.3616424	154.71159
2.3622048	152.01369
2.3627672	145.32527
2.3633296	137.76871
2.3638921	129.95845
2.3644545	123.27951
2.3650169	119.24173
2.3655794	117.74785
2.3661418	122.4165
2.3667042	117.39457
2.3672667	108.78663
2.3678291	107.45461
2.3683915	110.50665
2.3689539	113.65205
2.3695164	105.00859
2.3700788	97.236053
2.3706412	92.265923
2.3712037	100.89965
2.3717661	93.796005
2.3723285	79.911469
2.3728909	79.248268
2.3734534	76.927116
2.3740158	73.614342
2.3745782	70.304855
2.3751407	73.008133
2.3757031	78.562698
2.3762655	73.934608
2.376828	74.306755
2.3773904	77.729874
2.3779528	73.7696
2.3785152	73.095024
2.3790777	74.850906
2.3796401	70.895065
2.3802025	70.372314
2.380765	73
2.3813274	73
2.3818898	71.40921
2.3824522	68.120033
2.3830147	69.266251
2.3835771	70.29023
2.3841395	70.947334
2.384702	70.39624
2.3852644	68.18058
2.3858268	63.589806
2.3863893	65.856247
2.3869517	72.531654
2.3875141	85.633575
2.3880765	83.174385
2.388639	78.238228
2.3892014	75.6222
2.3897638	74.501961
2.3903263	75.817551
2.3908887	83.656937
2.3914511	120.7619
2.3920135	175.71773
2.392576	257.24252
2.3931384	365.20728
2.3937008	498.50339
2.3942633	722.54993
2.3948257	917.41577
2.3953881	1094.2153
2.3959506	1423.8773
2.396513	1672.2253
2.3970754	1835.9456
2.3976378	2185.5061
2.3982003	2561.5474
2.3987627	2961.741
2.3993251	3438.6265
2.3998876	3769.9712
2.40045	3779.0393
2.4010124	4337.7676
2.4015749	4976.6777
2.4021373	5388.7104
2.4026997	4383.2749
2.4032621	2828.8105
2.4038246	1726.5219
2.404387	932.36169
2.4049494	364.37555
2.4055119	170.26421
2.4060743	60.455124
2.4066367	35.311359
2.4071991	28.506218
2.4077616	25
2.408324	25
2.4088864	19.586931
2.4094489	15.737645
2.4100113	18.308064
2.4105737	18.061272
2.4111362	16.442207
2.4116986	13.232682
2.412261	13.579757
2.4128234	16.180632
2.4133859	19.384926
2.4139483	19.412506
2.4145107	16.211691
2.4150732	17.19565
2.4156356	16.81167
2.416198	13.615191
2.4167604	11.968044
2.4173229	10.690397
2.4178853	9.4135361
2.4184477	10.294288
2.4190102	11.93056
2.4195726	11.293165
2.420135	10.655863
2.4206975	10.018639
2.4212599	11.236167
2.4218223	12
2.4223847	12
2.4229472	9.8949032
2.4235096	8.8091068
2.424072	11.98493
2.4246345	13.864068
2.4251969	14.732248
2.4257593	12.195689
2.4263217	10.329925
2.4268842	9.0623255
2.4274466	12.011564
2.428009	13.528962
2.4285715	12.263403
2.4291339	11.499191
2.4296963	11.399425
2.4302588	13.295219
2.4308212	13.206415
2.4313836	12.056726
2.431946	13.318899
2.4325085	13.419394
2.4330709	12.158233
2.4336333	10.897956
2.4341958	9.6380959
2.4347582	8.3789539
2.4353206	8.4398584
2.435883	9.1380768
2.4364455	10.39554
2.4370079	10.021539
2.4375703	8.1373529
2.4381328	9.7463694
2.4386952	11
2.4392576	11
2.4398201	8.2159872
2.4403825	5.4541173
2.4409449	8.5860882
2.4415073	8.9697104
2.4420698	7.0915246
2.4426322	7.5949221
2.4431946	8
2.4437571	8
2.4443195	8.9393959
2.4448819	10
2.4454443	10
2.4460068	9.6576653
2.4465692	9.0340853
2.4471316	9
2.4476941	9
2.4482565	9
2.4488189	9
2.4493814	9.555315
2.4499438	13.90657
2.4505062	14.387693
2.4510686	11.280474
2.4516311	11.564754
2.4521935	11.443662
2.4527559	9.5822716
2.4533184	9.4260368
2.4538808	10.091925
2.4544432	11.330571
2.4550056	10.861866
2.4555681	8.3852243
2.4561305	8.5221691
2.4566929	9.4214439
2.4572554	11.276005
2.4578178	10.494158
2.4583802	8.0240002
2.4589427	6.1658611
2.4595051	5.9138341
2.4600675	8.3801184
2.4606299	8.5385199
2.4611924	8.3111544
2.4617548	10.773578
2.4623172	10.764644
2.4628797	8.3035059
2.4634421	6.9217463
2.4640045	6.307941
2.4645669	7.5369077
2.4651294	8.3825378
2.4656918	8.9963818
2.4662542	10.220134
2.4668167	10.55308
2.4673791	9.3273058
2.4679415	7.6529989
2.468504	6
2.4690664	6
2.4696288	7.4277806
2.4701912	10.486651
2.4707537	9.4742689
2.4713161	8.2393103
2.4718785	9.4609575
2.472441	9.3179245
2.4730034	8.0972252
2.4735658	7.4388437
2.4741282	7.5124917
2.4746907	9.3411751
2.4752531	9.2208996
2.4758155	8.0030365
2.476378	9.8208303
2.4769404	10.354287
2.4775028	8.5303183
2.4780653	7.1382318
2.4786277	6.0767493
2.4791901	7.2908521
2.4797525	8
2.480315	8
2.4808774	8.4653463
2.4814398	9.1428509
2.4820023	10.354459
2.4825647	12.413715
2.4831271	15.439629
2.4836895	12.550014
2.484252	9.1953039
2.4848144	10.404119
2.4853768	11.306231
2.4859393	11.910174
2.4865017	10.458833
2.4870641	9.1171122
2.4876266	9.720129
2.488189	9.3542042
2.4887514	8.1490955
2.4893138	7.4723973
2.4898763	7.2591939
2.4904387	8.4624586
2.4910011	9.6652145
2.4915636	10.86756
2.492126	9.3959599
2.4926884	7.8645916
2.4932508	7.2643371
2.4938133	8.3426466
2.4943757	10.741835
2.4949381	9.3954582
2.4955006	8
2.496063	8
2.4966254	8.3318529
2.4971879	8.9302797
2.4977503	6.8867774
2.4983127	5.126214
2.4988751	5.7238836
2.4994376	6.6424546
2.5	7.8365836
