1.5	10.219299
1.5005624	5.0937114
1.5011249	6.2693386
1.5016873	6.6948419
1.5022497	5.0292392
1.5028121	8.1829472
1.5033746	13.694468
1.503937	4.6402407
1.5044994	7.2498741
1.5050619	6.3436546
1.5056243	4.5033731
1.5061867	7.0518684
1.5067492	7.2699356
1.5073116	9.1698618
1.507874	5.6430774
1.5084364	9.171402
1.5089989	7.1760111
1.5095613	6.9352126
1.5101237	5.7712307
1.5106862	8.3793688
1.5112486	7.3036036
1.511811	6.5398908
1.5123734	8.6498404
1.5129359	11.062573
1.5134983	7.781744
1.5140607	9.9507284
1.5146232	5.4061942
1.5151856	3.673744
1.515748	8.528039
1.5163105	6.1427774
1.5168729	8.5198421
1.5174353	9.7629805
1.5179977	5.8394213
1.5185602	6.5482001
1.5191226	9.4164772
1.519685	7.5418062
1.5202475	11.097315
1.5208099	12.381504
1.5213723	11.529452
1.5219347	9.7551918
1.5224972	9.4403343
1.5230596	11.80078
1.523622	9.6599321
1.5241845	8.1712685
1.5247469	11.368571
1.5253093	11.092706
1.5258718	6.8275337
1.5264342	12.569258
1.5269966	9.0721369
1.527559	8.8545933
1.5281215	17.336807
1.5286839	8.5807753
1.5292463	12.606552
1.5298088	9.9403114
1.5303712	8.2760859
1.5309336	10.211845
1.531496	5.369494
1.5320585	12.759301
1.5326209	11.663504
1.5331833	8.6684809
1.5337458	11.263001
1.5343082	10.432249
1.5348706	9.1836443
1.5354331	13.524534
1.5359955	13.858519
1.5365579	15.201893
1.5371203	10.70114
1.5376828	9.4698248
1.5382452	11.354593
1.5388076	16.416056
1.5393701	10.021536
1.5399325	11.920782
1.5404949	18.552261
1.5410573	15.102406
1.5416198	11.145182
1.5421822	19.975452
1.5427446	11.838738
1.5433071	14.488409
1.5438695	14.351535
1.5444319	17.833809
1.5449944	16.25458
1.5455568	13.996325
1.5461192	13.67315
1.5466816	13.004786
1.5472441	15.563946
1.5478065	13.138422
1.5483689	14.908251
1.5489314	12.323244
1.5494938	14.704211
1.5500562	15.56782
1.5506186	12.019256
1.5511811	10.472245
1.5517435	19.33283
1.5523059	16.146135
1.5528684	11.829513
1.5534308	10.503955
1.5539932	14.590572
1.5545557	17.235373
1.5551181	16.091793
1.5556805	14.136816
1.5562429	17.514874
1.5568054	16.844242
1.5573678	13.448666
1.5579302	14.973759
1.5584927	10.125459
1.5590551	15.454147
1.5596175	12.752688
1.5601799	20.127525
1.5607424	16.289249
1.5613048	14.632843
1.5618672	15.354289
1.5624297	20.772707
1.5629921	14.491327
1.5635545	18.592314
1.564117	16.022036
1.5646794	22.329844
1.5652418	20.14905
1.5658042	12.001884
1.5663667	17.028214
1.5669291	21.201437
1.5674915	18.67099
1.568054	16.531097
1.5686164	16.984425
1.5691788	17.330145
1.5697412	20.482897
1.5703037	20.384512
1.5708661	21.379763
1.5714285	22.368164
1.571991	20.595215
1.5725534	21.457054
1.5731158	19.852224
1.5736783	22.529776
1.5742407	23.003059
1.5748031	19.021849
1.5753655	23.859421
1.575928	17.631012
1.5764904	14.034546
1.5770528	19.54439
1.5776153	13.944739
1.5781777	24.857752
1.5787401	24.810429
1.5793025	19.012888
1.579865	16.609589
1.5804274	24.261583
1.5809898	14.800214
1.5815523	17.986403
1.5821147	20.390541
1.5826771	19.126005
1.5832396	16.373129
1.583802	23.423365
1.5843644	26.545692
1.5849268	23.216967
1.5854893	21.254681
1.5860517	20.484674
1.5866141	20.329046
1.5871766	24.232363
1.587739	22.153135
1.5883014	24.740618
1.5888638	29.335257
1.5894263	25.070143
1.5899887	31.814156
1.5905511	24.691988
1.5911136	27.377222
1.591676	25.707764
1.5922384	22.860359
1.5928009	23.135559
1.5933633	33.46751
1.5939257	27.86397
1.5944881	21.028997
1.5950506	27.707472
1.595613	24.13105
1.5961754	29.31814
1.5967379	18.96517
1.5973003	24.812998
1.5978627	36.428673
1.5984251	27.896944
1.5989876	12.913732
1.59955	22.391865
1.6001124	23.886837
1.6006749	20.32959
1.6012373	27.808535
1.6017997	21.365606
1.6023622	21.40694
1.6029246	22.114861
1.603487	30.126125
1.6040494	24.44651
1.6046119	25.632765
1.6051743	25.089361
1.6057367	25.344406
1.6062992	25.364483
1.6068616	25.351011
1.607424	29.332415
1.6079865	29.597284
1.6085489	26.377031
1.6091113	27.663519
1.6096737	31.297699
1.6102362	35.233501
1.6107986	28.215128
1.611361	26.875235
1.6119235	32.038857
1.6124859	31.555471
1.6130483	32.966343
1.6136107	34.082729
1.6141732	25.240942
1.6147356	28.154131
1.615298	39.012703
1.6158605	36.013073
1.6164229	36.207375
1.6169853	30.636219
1.6175478	23.864906
1.6181102	29.92157
1.6186726	31.346441
1.619235	35.283787
1.6197975	28.28228
1.6203599	30.515617
1.6209223	31.26482
1.6214848	29.181282
1.6220472	34.194016
1.6226096	29.934755
1.623172	35.609512
1.6237345	36.979374
1.6242969	30.471832
1.6248593	33.358761
1.6254219	38.78722
1.6259843	30.220774
1.6265467	27.204548
1.6271092	34.566391
1.6276716	28.940399
1.628234	38.532921
1.6287965	37.584911
1.6293589	47.080055
1.6299213	39.814445
1.6304837	32.627102
1.6310462	28.999874
1.6316086	41.174294
1.632171	34.824795
1.6327335	40.85022
1.6332959	36.766075
1.6338583	40.452782
1.6344208	34.804047
1.6349832	36.554382
1.6355456	40.133011
1.636108	47.192196
1.6366705	38.894436
1.6372329	39.247055
1.6377953	37.577385
1.6383578	34.249504
1.6389202	45.238781
1.6394826	38.971077
1.640045	38.091389
1.6406075	37.648151
1.6411699	34.365719
1.6417323	41.468639
1.6422948	41.843105
1.6428572	35.228939
1.6434196	39.057747
1.6439821	42.951527
1.6445445	47.609673
1.6451069	42.153652
1.6456693	44.283501
1.6462318	31.832495
1.6467942	39.39856
1.6473566	36.266861
1.6479191	36.938656
1.6484815	36.305267
1.6490439	43.74094
1.6496063	40.975555
1.6501688	42.606747
1.6507312	41.374924
1.6512936	45.932529
1.6518561	42.244286
1.6524185	46.433708
1.6529809	43.483002
1.6535434	47.73925
1.6541058	45.486782
1.6546682	44.863117
1.6552306	39.169994
1.6557931	44.41835
1.6563555	46.007462
1.6569179	45.659912
1.6574804	47.201412
1.6580428	42.877934
1.6586052	45.569958
1.6591676	50.632278
1.6597301	44.086582
1.6602925	45.822487
1.6608549	47.153069
1.6614174	59.749748
1.6619798	46.757801
1.6625422	46.757801
1.6631047	46.757801
1.6636671	46.757801
1.6642295	46.757801
1.6647919	39.030582
1.6653544	48.34071
1.6659168	41.501816
1.6664792	46.674854
1.6670417	50.102299
1.6676041	46.309082
1.6681665	49.201908
1.6687289	34.576511
1.6692914	56.006149
1.6698538	54.418762
1.6704162	49.076744
1.6709787	53.318417
1.6715411	55.107929
1.6721035	55.897305
1.672666	48.776337
1.6732284	49.218636
1.6737908	43.363575
1.6743532	51.606407
1.6749157	49.596008
1.6754781	51.858185
1.6760405	49.849545
1.676603	47.394104
1.6771654	51.35413
1.6777278	46.234871
1.6782902	56.628098
1.6788527	52.835495
1.6794151	50.855316
1.6799775	53.960632
1.68054	52.48056
1.6811024	50.698589
1.6816648	52.471466
1.6822273	44.672451
1.6827897	47.304932
1.6833521	59.699982
1.6839145	54.833656
1.684477	61.235779
1.6850394	50.18396
1.6856018	54.989189
1.6861643	47.816505
1.6867267	53.399841
1.6872891	54.495403
1.6878515	52.811699
1.688414	64.535522
1.6889764	60.917305
1.6895388	57.868729
1.6901013	56.822693
1.6906637	50.158279
1.6912261	51.47942
1.6917886	52.255825
1.692351	61.397442
1.6929134	58.204594
1.6934758	55.549355
1.6940383	56.020275
1.6946007	47.297855
1.6951631	55.507103
1.6957256	54.365379
1.696288	56.11998
1.6968504	64.881042
1.6974128	66.731712
1.6979753	64.209114
1.6985377	65.216545
1.6991001	56.668251
1.6996626	62.512096
1.700225	61.246891
1.7007874	54.765907
1.7013499	61.850513
1.7019123	69.766991
1.7024747	62.004391
1.7030371	67.82354
1.7035996	57.123615
1.704162	71.363251
1.7047244	61.320614
1.7052869	67.342316
1.7058493	67.354469
1.7064117	66.210495
1.7069741	63.281097
1.7075366	68.256783
1.708099	62.605244
1.7086614	63.348026
1.7092239	83.892517
1.7097863	67.400719
1.7103487	66.543518
1.7109112	72.725258
1.7114736	69.471069
1.712036	62.598404
1.7125984	64.381706
1.7131609	65.211952
1.7137233	65.041405
1.7142857	68.571114
1.7148482	64.504097
1.7154106	69.333107
1.715973	64.638046
1.7165354	70.301498
1.7170979	74.894302
1.7176603	85.32753
1.7182227	73.331001
1.7187852	65.014053
1.7193476	63.363926
1.71991	69.862778
1.7204725	72.433571
1.7210349	69.223412
1.7215973	75.628693
1.7221597	66.883438
1.7227222	69.880737
1.7232846	69.880066
1.723847	74.032356
1.7244095	74.055527
1.7249719	71.992523
1.7255343	84.197601
1.7260967	70.639893
1.7266592	66.403076
1.7272216	76.106606
1.727784	80.385086
1.7283465	82.294456
1.7289089	75.019753
1.7294713	69.369949
1.7300338	82.326485
1.7305962	69.399681
1.7311586	86.238266
1.731721	80.498589
1.7322835	79.722763
1.7328459	81.940575
1.7334083	82.873611
1.7339708	75.394287
1.7345332	68.827194
1.7350956	78.66008
1.735658	83.795776
1.7362205	80.788239
1.7367829	73.270393
1.7373453	74.9189
1.7379078	76.340652
1.7384702	79.593208
1.7390326	78.17305
1.7395951	83.165703
1.7401575	83.285782
1.7407199	85.815369
1.7412823	91.802689
1.7418448	78.350288
1.7424072	77.535622
1.7429696	84.816399
1.7435321	81.780365
1.7440945	75.805359
1.7446569	79.862251
1.7452193	86.787682
1.7457818	87.820419
1.7463442	82.079292
1.7469066	89.248688
1.7474691	93.846283
1.7480315	89.42347
1.7485939	91.988129
1.7491564	89.954269
1.7497188	90.990433
1.7502812	92.434013
1.7508436	90.439857
1.7514061	89.236885
1.7519685	96.255989
1.7525309	83.408699
1.7530934	97.786255
1.7536558	93.135307
1.7542182	93.41494
1.7547807	94.826767
1.7553431	87.927452
1.7559055	91.112244
1.7564679	96.229782
1.7570304	94.491035
1.7575928	91.319817
1.7581552	93.534378
1.7587177	94.718849
1.7592801	104.18447
1.7598425	100.58458
1.7604049	94.354568
1.7609674	90.976219
1.7615298	82.970467
1.7620922	98.756088
1.7626547	96.952675
1.7632171	101.19746
1.7637795	100.28962
1.764342	88.758888
1.7649044	97.741074
1.7654668	94.272964
1.7660292	96.870613
1.7665917	88.857857
1.7671541	101.65765
1.7677165	93.487167
1.768279	92.712776
1.7688414	99.399933
1.7694038	99.727425
1.7699662	97.80661
1.7705287	102.80201
1.7710911	98.005508
1.7716535	93.241539
1.772216	90.895065
1.7727784	104.7475
1.7733408	99.358231
1.7739033	104.51901
1.7744657	110.09135
1.7750281	100.39303
1.7755905	110.47901
1.776153	98.17202
1.7767154	101.06989
1.7772778	100.85857
1.7778403	104.24187
1.7784027	97.182739
1.7789651	101.67569
1.7795275	108.54023
1.78009	112.6429
1.7806524	100.2743
1.7812148	98.208656
1.7817773	108.17897
1.7823397	103.6634
1.7829021	104.91469
1.7834646	103.75587
1.784027	107.03489
1.7845894	103.76559
1.7851518	108.35892
1.7857143	115.4753
1.7862767	104.5389
1.7868391	106.89031
1.7874016	113.27647
1.787964	107.61274
1.7885264	98.984566
1.7890888	111.88268
1.7896513	108.55827
1.7902137	106.58282
1.7907761	105.76118
1.7913386	121.5841
1.791901	116.80816
1.7924634	111.84953
1.7930259	113.00217
1.7935883	109.40568
1.7941507	110.59489
1.7947131	105.78335
1.7952756	106.40924
1.795838	108.3234
1.7964004	111.219
1.7969629	114.63705
1.7975253	116.19051
1.7980877	117.87398
1.7986501	112.39044
1.7992126	116.7007
1.799775	112.8608
1.8003374	115.98438
1.8008999	116.0067
1.8014623	121.77338
1.8020247	121.11716
1.8025872	107.96082
1.8031496	111.39771
1.803712	115.48667
1.8042744	118.67571
1.8048369	126.13205
1.8053993	123.1475
1.8059617	123.33846
1.8065242	127.82382
1.8070866	117.9604
1.807649	120.05014
1.8082114	116.25826
1.8087739	116.89436
1.8093363	114.0956
1.8098987	120.02887
1.8104612	118.45285
1.8110236	119.39564
1.811586	122.07004
1.8121485	122.68298
1.8127109	124.52302
1.8132733	125.80808
1.8138357	110.8846
1.8143982	123.99718
1.8149606	121.43461
1.815523	117.43926
1.8160855	117.25019
1.8166479	128.29822
1.8172103	117.32771
1.8177727	112.01527
1.8183352	122.36412
1.8188976	127.34482
1.81946	123.80987
1.8200225	128.93839
1.8205849	128.22224
1.8211473	135.0347
1.8217098	131.72028
1.8222722	128.99396
1.8228346	135.44205
1.823397	136.48987
1.8239595	126.08562
1.8245219	135.63139
1.8250843	125.83649
1.8256468	133.36279
1.8262092	138.71214
1.8267716	130.4427
1.827334	134.00441
1.8278965	136.66139
1.8284589	128.50307
1.8290213	133.52388
1.8295838	121.76689
1.8301462	134.79254
1.8307086	131.32639
1.8312711	128.0981
1.8318335	130.74457
1.8323959	135.86475
1.8329583	132.40227
1.8335208	127.24845
1.8340832	125.43674
1.8346456	121.75439
1.8352081	128.83438
1.8357705	125.24617
1.8363329	128.15181
1.8368953	133.68437
1.8374578	127.88107
1.8380202	123.5239
1.8385826	131.88153
1.8391451	136.11967
1.8397075	127.90964
1.8402699	130.80617
1.8408324	128.11815
1.8413948	133.1234
1.8419572	131.31494
1.8425196	135.79114
1.8430821	137.91231
1.8436445	134.47356
1.8442069	138.07214
1.8447694	131.5513
1.8453318	137.19579
1.8458942	130.16801
1.8464566	127.25731
1.8470191	131.95894
1.8475815	136.21257
1.8481439	136.57922
1.8487064	136.15404
1.8492688	134.52017
1.8498312	139.29726
1.8503937	133.34088
1.8509561	136.79636
1.8515185	128.96315
1.8520809	130.8985
1.8526434	136.23097
1.8532058	138.98326
1.8537682	131.71002
1.8543307	132.39815
1.8548931	132.49933
1.8554555	137.01759
1.8560179	129.62358
1.8565804	130.95262
1.8571428	137.16148
1.8577052	137.13249
1.8582677	142.25815
1.8588301	139.53436
1.8593925	134.43971
1.859955	136.19801
1.8605174	137.52109
1.8610798	136.50075
1.8616422	129.41487
1.8622047	137.27708
1.8627671	137.02846
1.8633295	149.69774
1.863892	150.00021
1.8644544	147.24333
1.8650168	141.86496
1.8655792	134.33939
1.8661417	144.00432
1.8667041	151.2505
1.8672665	146.78313
1.867829	144.87804
1.8683914	141.73167
1.8689538	141.68376
1.8695163	141.47601
1.8700787	148.93163
1.8706411	144.78204
1.8712035	155.12772
1.871766	146.88937
1.8723284	155.3286
1.8728908	151.29462
1.8734533	154.71938
1.8740157	144.17693
1.8745781	149.77887
1.8751407	156.69424
1.8757031	161.69563
1.8762655	154.64514
1.876828	150.13901
1.8773904	146.93774
1.8779528	172.68616
1.8785152	157.37833
1.8790777	162.77411
1.8796401	163.19391
1.8802025	158.01054
1.880765	163.21722
1.8813274	160.54596
1.8818898	165.72357
1.8824522	167.05325
1.8830147	168.16026
1.8835771	171.25114
1.8841395	175.93405
1.884702	174.34052
1.8852644	165.79256
1.8858268	169.42342
1.8863893	170.53166
1.8869517	172.3934
1.8875141	175.03265
1.8880765	186.24449
1.888639	176.09149
1.8892014	183.25548
1.8897638	177.61284
1.8903263	175.93529
1.8908887	176.6172
1.8914511	179.67957
1.8920135	185.76872
1.892576	191.4593
1.8931384	177.4879
1.8937008	184.07712
1.8942633	185.28079
1.8948257	184.94949
1.8953881	190.21817
1.8959506	181.26959
1.896513	184.94991
1.8970754	190.82076
1.8976378	195.14041
1.8982003	196.28346
1.8987627	189.99594
1.8993251	186.00545
1.8998876	193.5209
1.90045	192.90051
1.9010124	202.85083
1.9015749	190.03165
1.9021373	190.09421
1.9026997	194.94449
1.9032621	194
1.9038246	193.61842
1.904387	192.13535
1.9049494	198
1.9055119	197.0795
1.9060743	196.3692
1.9066367	202.70435
1.9071991	202.65489
1.9077616	199.33588
1.908324	194.89386
1.9088864	205.61122
1.9094489	205.71976
1.9100113	192.75102
1.9105737	198.6217
1.9111362	211.06564
1.9116986	219.27759
1.912261	219.13832
1.9128234	214.38835
1.9133859	206.36111
1.9139483	206.62836
1.9145107	212.42493
1.9150732	223.20543
1.9156356	224.07689
1.916198	206.44138
1.9167604	220.34961
1.9173229	217.2585
1.9178853	209.29585
1.9184477	210.50334
1.9190102	222.94676
1.9195726	205.82149
1.920135	199.44267
1.9206975	213.50253
1.9212599	215
1.9218223	215.93883
1.9223847	226.49315
1.9229472	213.43715
1.9235096	213.98299
1.924072	222.96684
1.9246345	218.01839
1.9251969	219.89398
1.9257593	216.02858
1.9263217	244.72142
1.9268842	216.8909
1.9274466	215.12872
1.928009	217.81091
1.9285715	228.16447
1.9291339	228.01303
1.9296963	208.09792
1.9302588	210.78001
1.9308212	224.55684
1.9313836	216.14563
1.931946	238.90614
1.9325085	231.12599
1.9330709	231.73973
1.9336333	227.0641
1.9341958	210.72253
1.9347582	228.55276
1.9353206	230.04359
1.935883	216.73685
1.9364455	209.42206
1.9370079	212
1.9375703	210.60309
1.9381328	204.49001
1.9386952	219.04601
1.9392576	214.06662
1.9398201	221.13028
1.9403825	220.98749
1.9409449	214.85345
1.9415073	219.12547
1.9420698	205
1.9426322	205.52623
1.9431946	210.39388
1.9437571	212.08401
1.9443195	193.49939
1.9448819	199.67459
1.9454443	208.13141
1.9460068	210.39345
1.9465692	217.1377
1.9471316	219.19556
1.9476941	197.0938
1.9482565	201.07025
1.9488189	206.99492
1.9493814	210.94391
1.9499438	201.27811
1.9505062	182.80193
1.9510686	194.25626
1.9516311	198.70949
1.9521935	190.79778
1.9527559	205.21059
1.9533184	205.24496
1.9538808	193.82397
1.9544432	186.95134
1.9550056	192.58095
1.9555681	195.60638
1.9561305	190.52007
1.9566929	186.71359
1.9572554	190.44646
1.9578178	181.92955
1.9583802	169.63707
1.9589427	173.41457
1.9595051	177
1.9600675	170.73734
1.9606299	171.81456
1.9611924	175
1.9617548	171.69461
1.9623172	167.9509
1.9628797	171.47682
1.9634421	174.59027
1.9640045	176.97737
1.9645669	174.97462
1.9651294	164.23184
1.9656918	163
1.9662542	162.67584
1.9668167	162
1.9673791	162.78511
1.9679415	163.85046
1.968504	161.57907
1.9690664	166.68599
1.9696288	157.78308
1.9701912	144.25011
1.9707537	155.38641
1.9713161	146.15698
1.9718785	151.94121
1.972441	154.86096
1.9730034	157.75018
1.9735658	151.84654
1.9741282	149.31802
1.9746907	151.40614
1.9752531	151.23721
1.9758155	151.72305
1.976378	140.3933
1.9769404	138.84975
1.9775028	141
1.9780653	136.5345
1.9786277	139.18636
1.9791901	141.22133
1.9797525	136.57129
1.980315	136.38438
1.9808774	137.67911
1.9814398	131.05737
1.9820023	117.96165
1.9825647	135.59624
1.9831271	135.08533
1.9836895	140.57063
1.984252	137.05911
1.9848144	138
1.9853768	138
1.9859393	132.53038
1.9865017	122.52722
1.9870641	126.67226
1.9876266	125.72264
1.988189	120.05006
1.9887514	118.65464
1.9893138	120.2031
1.9898763	124.28776
1.9904387	127
1.9910011	126.12152
1.9915636	124.61598
1.992126	121.04477
1.9926884	118.26542
1.9932508	126.78474
1.9938133	125.52617
1.9943757	122.50085
1.9949381	117.87546
1.9955006	115.05256
1.996063	120.53846
1.9966254	107.19508
1.9971879	115.42992
1.9977503	120.96471
1.9983127	108.41287
1.9988751	107.55486
1.9994376	113.2182
2	109.59677
2.0005624	107.84674
2.0011249	115.17856
2.0016873	114.23051
2.0022497	104.86252
2.0028121	111.33327
2.0033746	112.69953
2.003937	110.16811
2.0044994	114.82832
2.0050619	100.6367
2.0056243	110.60734
2.0061867	103.12257
2.0067492	110.35154
2.0073116	107.56217
2.007874	105.19717
2.0084364	111.782
2.0089989	113.7487
2.0095613	105.99254
2.0101237	101.04494
2.0106862	101.372
2.0112486	90.341576
2.011811	93.317207
2.0123734	100.71799
2.0129359	99.221695
2.0134983	95.747177
2.0140607	103.10305
2.0146232	98.743629
2.0151856	104.31426
2.015748	107.47233
2.0163105	102.29891
2.0168729	100
2.0174353	101.865
2.0179977	107
2.0185602	107.21124
2.0191226	108.70514
2.019685	97.68605
2.0202475	96.139587
2.0208099	100.66593
2.0213723	98.528503
2.0219347	99.442146
2.0224972	100.47355
2.0230596	101.76678
2.023622	100.08272
2.0241845	93.270103
2.0247469	94.551628
2.0253093	97.096802
2.0258718	98.048584
2.0264342	102.60793
2.0269966	99.667465
2.027559	93.045135
2.0281215	96.892868
2.0286839	98.870697
2.0292463	98.948456
2.0298088	101.14958
2.0303712	100.66761
2.0309336	94.600502
2.031496	92.678024
2.0320585	90
2.0326209	90
2.0331833	94.958885
2.0337458	99.660576
2.0343082	93.993576
2.0348706	98.11898
2.0354331	96.539825
2.0359955	89.139534
2.0365579	93.992859
2.0371203	92.387039
2.0376828	99.720741
2.0382452	95.213669
2.0388076	100.14816
2.0393701	102.51692
2.0399325	99.04995
2.0404949	98.115227
2.0410573	101.28223
2.0416198	101.87093
2.0421822	98.505272
2.0427446	100.74967
2.0433071	104.95281
2.0438695	104.05654
2.0444319	98.126312
2.0449944	97
2.0455568	107.69868
2.0461192	109.80983
2.0466816	101.40513
2.0472441	97.176567
2.0478065	101.79607
2.0483689	101.38441
2.0489314	104.9519
2.0494938	89.168755
2.0500562	93.163727
2.0506186	102.92695
2.0511811	96.541786
2.0517435	86.680138
2.0523059	92.893318
2.0528684	104.43801
2.0534308	90.206711
2.0539932	108.85143
2.0545557	90.524712
2.0551181	105.61898
2.0556805	101.87237
2.0562429	90.013626
2.0568054	91.600952
2.0573678	104.4534
2.0579302	108.28356
2.0584927	102.11314
2.0590551	115.36098
2.0596175	99.20079
2.0601799	93.834152
2.0607424	91.189896
2.0613048	92.421989
2.0618672	92.079941
2.0624297	89.205437
2.0629921	96.871994
2.0635545	103
2.064117	103
2.0646794	94.632362
2.0652418	95.1912
2.0658042	96.484673
2.0663667	91.296165
2.0669291	88.021324
2.0674915	97.706352
2.068054	89.767685
2.0686164	79.275467
2.0691788	87.216759
2.0697412	95.775314
2.0703037	95.909508
2.0708661	93
2.0714285	91.698265
2.071991	88
2.0725534	88.010239
2.0731158	90.623611
2.0736783	94.724167
2.0742407	97.844978
2.0748031	100.45332
2.0753655	95.642685
2.075928	84.886642
2.0764904	87.461014
2.0770528	82.255417
2.0776153	89.4198
2.0781777	86.853226
2.0787401	94.471687
2.0793025	101.15462
2.079865	96.256561
2.0804274	87.152901
2.0809898	88.242279
2.0815523	100.33529
2.0821147	101.25567
2.0826771	102.82114
2.0832396	102.12242
2.083802	98.675041
2.0843644	93.689949
2.0849268	84.859344
2.0854893	98.624489
2.0860517	92.259308
2.0866141	90
2.0871766	88.030167
2.087739	88.105408
2.0883014	90.53566
2.0888638	85
2.0894263	85
2.0899887	85
2.0905511	93.279633
2.0911136	88.639328
2.091676	82.1325
2.0922384	85.361931
2.0928009	75.458473
2.0933633	82.291206
2.0939257	91.414322
2.0944881	92.146774
2.0950506	90.529709
2.095613	91.611862
2.0961754	95
2.0967379	94.975014
2.0973003	94.124313
2.0978627	91.096504
2.0984251	89.424454
2.0989876	89.849747
2.09955	91.547699
2.1001124	93.366966
2.1006749	95.91082
2.1012373	88.641258
2.1017997	88.993507
2.1023622	90
2.1029246	90
2.103487	90.202904
2.1040494	91.336617
2.1046119	97.248901
2.1051743	92.84066
2.1057367	93.322937
2.1062992	90.336143
2.1068616	84.800697
2.107424	87.765251
2.1079865	93.658546
2.1085489	92.41433
2.1091113	83.761162
2.1096737	80.422859
2.1102362	84.516594
2.1107986	88.918434
2.111361	83.044006
2.1119235	83.832619
2.1124859	92.049713
2.1130483	87.861755
2.1136107	84.153297
2.1141732	91.084518
2.1147356	86.764618
2.115298	76.729874
2.1158605	84.678726
2.1164229	86.367546
2.1169853	83.638718
2.1175478	82.804405
2.1181102	82.32383
2.1186726	91.489853
2.119235	89.521286
2.1197975	87.471649
2.1203599	85.558556
2.1209223	85.878113
2.1214848	97.673042
2.1220472	86.048256
2.1226096	90.840378
2.123172	89.37384
2.1237345	85.343407
2.1242969	85.655525
2.1248593	84.006615
2.1254218	90.630699
2.1259842	82.154198
2.1265466	80.867813
2.1271091	86.240868
2.1276715	88.863373
2.1282339	88.037682
2.1287963	79.334846
2.1293588	77
2.1299212	82.246826
2.1304836	88.738701
2.1310461	88.16983
2.1316085	89.816032
2.1321709	93.654297
2.1327333	92.786865
2.1332958	87.248695
2.1338582	83.160851
2.1344206	91.807251
2.1349831	82.781509
2.1355455	86.266701
2.1361079	88.521927
2.1366704	85.324738
2.1372328	81.204468
2.1377952	96.756523
2.1383576	101.7615
2.1389201	91.604385
2.1394825	81.839279
2.1400449	81.628761
2.1406074	87.841248
2.1411698	81.315659
2.1417322	88.460297
2.1422946	92.534393
2.1428571	92.280075
2.1434195	92.528473
2.1439819	88.459816
2.1445444	96.652237
2.1451068	91.460411
2.1456692	86.076561
2.1462317	88.577209
2.1467941	81.271294
2.1473565	90.366615
2.1479189	87.680984
2.1484814	82.79628
2.1490438	82.266716
2.1496062	86.918533
2.1501687	83.683701
2.1507311	88.100517
2.1512935	86.543106
2.1518559	85.054291
2.1524184	96.454102
2.1529808	89.195641
2.1535432	88.673645
2.1541057	88.520515
2.1546681	85.436066
2.1552305	79.631294
2.155793	85.26329
2.1563554	92.289642
2.1569178	90.978401
2.1574802	85.469322
2.1580427	81.563896
2.1586051	78.353279
2.1591675	85.136063
2.15973	88
2.1602924	91.479034
2.1608548	97.12455
2.1614172	84.316948
2.1619797	86.588394
2.1625421	86.448219
2.1631045	87.53064
2.163667	92.540367
2.1642294	89.346046
2.1647918	81.886566
2.1653543	83.068771
2.1659167	87
2.1664791	86.387344
2.1670415	81.60881
2.167604	89.330994
2.1681664	93.489532
2.1687288	92.292885
2.1692913	86.494247
2.1698537	71.408073
2.1704161	79.669113
2.1709785	89.141251
2.171541	92.987289
2.1721034	90.091606
2.1726658	91.675369
2.1732283	86.965202
2.1737907	81.897316
2.1743531	79.211281
2.1749156	80.010979
2.175478	84.751099
2.1760404	81.930992
2.1766028	79.370392
2.1771653	81.433228
2.1777277	88.529152
2.1782901	94.147682
2.1788526	93.908577
2.179415	88.280861
2.1799774	81.157906
2.1805398	90.59391
2.1811023	85.312874
2.1816647	83.362663
2.1822271	85
2.1827896	84.952469
2.183352	83.383987
2.1839144	83
2.1844769	84.501312
2.1850393	85.891029
2.1856017	80.41227
2.1861641	78.553391
2.1867266	78
2.187289	77.713509
2.1878514	76.528641
2.1884139	71.064377
2.1889763	79.422096
2.1895387	78.474747
2.1901011	71.620079
2.1906636	82.530556
2.191226	77.041573
2.1917884	75.522926
2.1923509	76.300659
2.1929133	77
2.1934757	77
2.1940382	74.474815
2.1946006	78.297989
2.195163	83.430458
2.1957254	72.577339
2.1962879	74.934006
2.1968503	78.540237
2.1974127	81.282227
2.1979752	82.167664
2.1985376	84.487236
2.1991	78.377228
2.1996624	75.49855
2.2002249	79.760628
2.2007873	89.020691
2.2013497	84.4813
2.2019122	76.931145
2.2024746	73.313171
2.203037	80.995567
2.2035995	78.686592
2.2041619	75.296921
2.2047243	76.097198
2.2052867	83
2.2058492	83
2.2064116	74.400757
2.206974	73.196648
2.2075365	79.703262
2.2080989	78.169945
2.2086613	79.36248
2.2092237	82.681778
2.2097862	83.452324
2.2103486	74.270355
2.210911	86.612518
2.2114735	91
2.2120359	86.408653
2.2125983	74.100464
2.2131608	76.389275
2.2137232	84.269363
2.2142856	86.141281
2.214848	77.58271
2.2154105	73.775414
2.2159729	73.605988
2.2165353	78.033882
2.2170978	84.61866
2.2176602	82.338699
2.2182226	79.413315
2.218785	82.056465
2.2193475	84.224144
2.2199099	66.77816
2.2204723	73.850044
2.2210348	78.438385
2.2215972	79.586685
2.2221596	81.85714
2.2227221	75.621315
2.2232845	71.605667
2.2238469	71.543388
2.2244093	76.830933
2.2249718	71.886429
2.2255342	73.394951
2.2260966	76.04335
2.2266591	73.028648
2.2272215	70.014908
2.2277839	69.49939
2.2283463	71.260094
2.2289088	74.963905
2.2294712	68.195969
2.2300336	69.551445
2.2305961	70.416153
2.2311585	63.05645
2.2317209	67.556923
2.2322834	70.018814
2.2328458	73.331001
2.2334082	79.935028
2.2339706	73.945808
2.2345331	68.464272
2.2350955	67.78521
2.2356579	76.001137
2.2362204	76.748131
2.2367828	73.536331
2.2373452	69.034683
2.2379076	66.048607
2.2384701	63.799683
2.2390325	59.649017
2.2395949	56.894703
2.2401574	59.873238
2.2407198	63.562473
2.2412822	66.824905
2.2418447	68.600624
2.2424071	67.113701
2.2429695	71.114471
2.2435319	69.575996
2.2440944	64.830048
2.2446568	64.088463
2.2452192	62.69455
2.2457817	64.361603
2.2463441	67.597473
2.2469065	65.376892
2.2474689	65
2.2480314	71.005516
2.2485938	80.155136
2.2491562	65.383682
2.2497187	60.861938
2.2502813	61.841709
2.2508438	66
2.2514062	66
2.2519686	66.51815
2.2525311	65.218033
2.2530935	60.064156
2.2536559	60
2.2542183	59.077198
2.2547808	60.553188
2.2553432	70.103806
2.2559056	63.683872
2.2564681	60.39883
2.2570305	61.132275
2.2575929	61.865334
2.2581553	60.803947
2.2587178	60.660862
2.2592802	62
2.2598426	62
2.2604051	62.525146
2.2609675	64.792061
2.2615299	69.906029
2.2620924	72.150093
2.2626548	81.927986
2.2632172	93
2.2637796	93
2.2643421	98.06739
2.2649045	104.25461
2.2654669	111.25517
2.2660294	121.44209
2.2665918	131.62196
2.2671542	142.06836
2.2677166	152.96613
2.2682791	174.71439
2.2688415	188.84488
2.2694039	204.40324
2.2699664	239.20105
2.2705288	256.49185
2.2710912	265.39511
2.2716537	268.65341
2.2722161	275.16599
2.2727785	281.67569
2.2733409	286
2.2739034	286
2.2744658	263.32645
2.2750282	246.86842
2.2755907	237.73972
2.2761531	236.29735
2.2767155	225.13225
2.2772779	206.18364
2.2778404	179.50365
2.2784028	150.72656
2.2789652	130.07524
2.2795277	114.2561
2.2800901	98.44799
2.2806525	99.033615
2.281215	96.78125
2.2817774	87.873528
2.2823398	85.722466
2.2829022	87.855469
2.2834647	91.961899
2.2840271	95.542656
2.2845895	95.375885
2.285152	92.28392
2.2857144	87.218895
2.2862768	90.076569
2.2868392	87.617142
2.2874017	87.15406
2.2879641	98.570892
2.2885265	90.639351
2.289089	88.706688
2.2896514	95.55526
2.2902138	89.146866
2.2907763	87
2.2913387	86.076118
2.2919011	82.519119
2.2924635	83.213684
2.293026	82.414024
2.2935884	78.863571
2.2941508	75.316208
2.2947133	82.029778
2.2952757	90.292587
2.2958381	82.497749
2.2964005	79.284157
2.296963	74.360901
2.2975254	65.157112
2.2980878	67.780258
2.2986503	70.607826
2.2992127	73.108574
2.2997751	73.814651
2.3003376	76.602058
2.3009	76.514763
2.3014624	68.75721
2.3020248	67.363983
2.3025873	67.340523
2.3031497	68.04467
2.3037121	68.748436
2.3042746	64.030342
2.304837	60.477196
2.3053994	71.720573
2.3059618	70.641518
2.3065243	70.094017
2.3070867	75.709015
2.3076491	70.015823
2.3082116	68.097816
2.308774	70.600418
2.3093364	76.90229
2.3098989	80.40097
2.3104613	82.333588
2.3110237	83.731926
2.3115861	79.481606
2.3121486	77.580399
2.312711	81.770454
2.3132734	76.062752
2.3138359	80.503426
2.3143983	93.290405
2.3149607	84.230728
2.3155231	84.58387
2.3160856	87.702377
2.316648	81.439537
2.3172104	82.678024
2.3177729	84.538277
2.3183353	83.14859
2.3188977	84.240372
2.3194602	83.113365
2.3200226	78.983086
2.320585	77.596657
2.3211474	77.789528
2.3217099	78.298218
2.3222723	72.757408
2.3228347	76.668457
2.3233972	83.656456
2.3239596	86.422791
2.324522	96.842484
2.3250844	116.16926
2.3256469	148.62624
2.3262093	248.44684
2.3267717	406.26376
2.3273342	626.23499
2.3278966	879.72961
2.328459	986.36377
2.3290215	989.93542
2.3295839	1183.3075
2.3301463	1218.6991
2.3307087	1234.165
2.3312712	1553.6919
2.3318336	1831.9242
2.332396	1958.2944
2.3329585	1721.5708
2.3335209	1279.1656
2.3340833	845.05316
2.3346457	509.32541
2.3352082	321.92734
2.3357706	201.76076
2.336333	146.34338
2.3368955	124.31702
2.3374579	106.28555
2.3380203	92.946724
2.3385828	112.06453
2.3391452	108.42498
2.3397076	91.407135
2.34027	94.815125
2.3408325	102.66543
2.3413949	111.12549
2.3419573	111.8063
2.3425198	114.43414
2.3430822	118.00258
2.3436446	122.08155
2.344207	121.42065
2.3447695	121.85085
2.3453319	127.95872
2.3458943	129.56296
2.3464568	130.96533
2.3470192	133.67682
2.3475816	124.45494
2.3481441	119.6422
2.3487065	123.7036
2.3492689	126.50857
2.3498313	126.17912
2.3503938	122.12237
2.3509562	125.93102
2.3515186	129.32172
2.3520811	131.91376
2.3526435	121.1205
2.3532059	121.31365
2.3537683	130.94356
2.3543308	129.59671
2.3548932	131.99966
2.3554556	137.09627
2.3560181	138.44119
2.3565805	141.75064
2.3571429	146.45602
2.3577054	151.15657
2.3582678	153.81609
2.3588302	155.79268
2.3593926	162.4982
2.3599551	165.42026
2.3605175	165.54745
2.3610799	162.19945
2.3616424	155.41693
2.3622048	148
2.3627672	148
2.3633296	139.71712
2.3638921	129.93739
2.3644545	135.94844
2.3650169	136.24173
2.3655794	133.25215
2.3661418	128.5835
2.3667042	125.23856
2.3672667	121.39972
2.3678291	111.40958
2.3683915	114.13664
2.3689539	121.79263
2.3695164	120.46286
2.3700788	113.93679
2.3706412	104.34456
2.3712037	93.054291
2.3717661	91.551003
2.3723285	94.468834
2.3728909	90.489639
2.3734534	86.097961
2.3740158	82.462791
2.3745782	86.434174
2.3751407	83.190239
2.3757031	76.249886
2.3762655	78.894508
2.376828	79.61554
2.3773904	78.59481
2.3779528	72.654411
2.3785152	67.079926
2.3790777	62.298187
2.3796401	70.209869
2.3802025	77.773872
2.380765	84.978554
2.3813274	76.419518
2.3818898	70.727371
2.3824522	68.096024
2.3830147	70.532501
2.3835771	71.129318
2.3841395	69.158005
2.384702	75.64138
2.3852644	79.480164
2.3858268	78.168518
2.3863893	78.571251
2.3869517	78.546837
2.3875141	77.236641
2.3880765	80.753258
2.388639	81.333794
2.3892014	72.177704
2.3897638	76.972588
2.3903263	84.757317
2.3908887	88.023727
2.3914511	115.98621
2.3920135	159.08392
2.392576	224.95595
2.3931384	317.27621
2.3937008	434.34464
2.3942633	636.89825
2.3948257	852.92719
2.3953881	1078.9254
2.3959506	1290.8973
2.396513	1520.2932
2.3970754	1767.8225
2.3976378	2028.2559
2.3982003	2341.2136
2.3987627	2728.4348
2.3993251	3272.4241
2.3998876	3676.4968
2.40045	3745.1553
2.4010124	4163.4917
2.4015749	4676.4492
2.4021373	5183.5669
2.4026997	4454.2373
2.4032621	3181.1345
2.4038246	1923.7759
2.404387	1050.3595
2.4049494	452.97745
2.4055119	210.49947
2.4060743	72.595161
2.4066367	39.714848
2.4071991	28.843699
2.4077616	21.728554
2.408324	18.510271
2.4088864	16.37608
2.4094489	14.631176
2.4100113	13.345968
2.4105737	15.816188
2.4111362	17.772856
2.4116986	10.711901
2.412261	11.159511
2.4128234	15.710989
2.4133859	10.584119
2.4139483	8.9524965
2.4145107	10.872987
2.4150732	9.8043499
2.4156356	9.2376661
2.416198	9.8769617
2.4167604	10
2.4173229	10.154801
2.4178853	10.793232
2.4184477	10.568571
2.4190102	9.7222433
2.4195726	7.1726608
2.420135	7.3765502
2.4206975	9.9254436
2.4212599	13.090419
2.4218223	13.727419
2.4223847	10.547315
2.4229472	9.4737263
2.4235096	8.6763573
2.424072	7.4060283
2.4246345	8.2961025
2.4251969	10.066937
2.4257593	10.701077
2.4263217	11.670075
2.4268842	12.937674
2.4274466	11.193062
2.428009	10.471038
2.4285715	11.736597
2.4291339	8.9951477
2.4296963	6.399425
2.4302588	8.2952204
2.4308212	9
2.4313836	8.9149103
2.431946	7.0216508
2.4325085	6.580606
2.4330709	7.8417673
2.4336333	9.6530657
2.4341958	11.542856
2.4347582	13.431568
2.4353206	11.360848
2.435883	7.9309621
2.4364455	7.3022304
2.4370079	7.6523075
2.4375703	8.9084311
2.4381328	9
2.4386952	8.790205
2.4392576	8.1629782
2.4398201	8.9280043
2.4403825	9.7275295
2.4409449	7.8483467
2.4415073	7.3434296
2.4420698	7.969492
2.4426322	9.1898441
2.4431946	9.5597105
2.4437571	8.3099079
2.4443195	6.1212077
2.4448819	4.2826548
2.4454443	6.1553741
2.4460068	8.0270052
2.4465692	9.8977442
2.4471316	8.2329197
2.4476941	6.7879996
2.4482565	6.1652436
2.4488189	6.4571509
2.4493814	7.1586618
2.4499438	8.4018764
2.4505062	9.3224611
2.4510686	9.9439058
2.4516311	8.3057375
2.4521935	6.6291075
2.4527559	5.3881807
2.4533184	6.7041464
2.4538808	8.9080753
2.4544432	7.6694293
2.4550056	7
2.4555681	7
2.4561305	5.4334927
2.4566929	4.2809625
2.4572554	5.5173364
2.4578178	7.1293812
2.4583802	8.9820004
2.4589427	5.9431024
2.4595051	4.6853757
2.4600675	6.535089
2.4606299	7
2.4611924	7
2.4617548	7
2.4623172	7.3088388
2.4628797	7.9241228
2.4634421	8.5391273
2.4640045	8.6920595
2.4645669	7.4630933
2.4651294	8.1476145
2.4656918	9.9891462
2.4662542	8.1697989
2.4668167	6.1061592
2.4673791	3.6546121
2.4679415	7.490005
2.468504	12.569353
2.4690664	8.2847109
2.4696288	6.8566685
2.4701912	8.6919909
2.4707537	8.4914227
2.4713161	7.8803449
2.4718785	7.2695212
2.472441	8.0231133
2.4730034	9.8541622
2.4735658	8.8776875
2.4741282	7.4875083
2.4746907	5.6588254
2.4752531	5.3895502
2.4758155	5.9984818
2.476378	6
2.4769404	6.4304743
2.4775028	7.6464543
2.4780653	8.8617678
2.4786277	9.8081264
2.4791901	6.7728701
2.4797525	5.7570419
2.480315	7.5772591
2.4808774	8.9306936
2.4814398	9.7142992
2.4820023	7.2910824
2.4825647	5.717257
2.4831271	5.1120749
2.4836895	5.9857101
2.484252	6.7070436
2.4848144	4.8938217
2.4853768	5.2249246
2.4859393	7.640696
2.4865017	8
2.4870641	8
2.4876266	8
2.488189	7.3542047
2.4887514	6.1490955
2.4893138	7.0552049
2.4898763	8.2591934
2.4904387	9.4624586
2.4910011	8.3369637
2.4915636	5.3311009
2.492126	6.6040397
2.4926884	7.5937753
2.4932508	5.7930107
2.4938133	5
2.4943757	5
2.4949381	5.5348477
2.4955006	6.134119
2.496063	6.7331543
2.4966254	7.6637058
2.4971879	8.8605604
2.4977503	7.9433889
2.4983127	7.2524276
2.4988751	8.4477673
2.4994376	8.3575449
2.5	7.1634164
