1.5	15.454458
1.5005624	18.105896
1.5011249	17.548418
1.5016873	20.530581
1.5022497	17.511097
1.5028121	15.702487
1.5033746	19.977564
1.503937	19.832666
1.5044994	16.774736
1.5050619	11.770407
1.5056243	18.282492
1.5061867	17.559805
1.5067492	20.168909
1.5073116	15.723862
1.507874	14.110071
1.5084364	15.422615
1.5089989	18.609121
1.5095613	16.884611
1.5101237	21.685595
1.5106862	18.741646
1.5112486	14.04825
1.511811	14.68164
1.5123734	18.996815
1.5129359	19.443468
1.5134983	12.855267
1.5140607	25.315321
1.5146232	16.357994
1.5151856	20.113031
1.515748	20.929459
1.5163105	14.820919
1.5168729	23.750977
1.5174353	24.54253
1.5179977	13.70378
1.5185602	18.941357
1.5191226	21.521963
1.519685	18.592062
1.5202475	20.438629
1.5208099	19.132156
1.5213723	20.0189
1.5219347	24.892586
1.5224972	24.245483
1.5230596	19.363907
1.523622	21.352964
1.5241845	21.644264
1.5247469	22.2824
1.5253093	20.52981
1.5258718	23.728271
1.5264342	21.797974
1.5269966	20.402563
1.527559	20.595781
1.5281215	25.544437
1.5286839	20.013155
1.5292463	23.094374
1.5298088	19.658218
1.5303712	21.909594
1.5309336	16.605099
1.531496	22.821606
1.5320585	24.61562
1.5326209	19.365957
1.5331833	24.069036
1.5337458	21.754694
1.5343082	21.009033
1.5348706	22.020025
1.5354331	21.176865
1.5359955	21.951162
1.5365579	24.162865
1.5371203	17.133274
1.5376828	19.714243
1.5382452	16.935966
1.5388076	18.35441
1.5393701	23.025461
1.5399325	26.921711
1.5404949	20.658585
1.5410573	24.460976
1.5416198	20.555199
1.5421822	25.956638
1.5427446	20.243469
1.5433071	25.361486
1.5438695	23.394541
1.5444319	25.855427
1.5449944	20.856213
1.5455568	21.869049
1.5461192	22.167156
1.5466816	22.390787
1.5472441	24.724459
1.5478065	26.211203
1.5483689	20.830572
1.5489314	28.614042
1.5494938	24.826517
1.5500562	32.793495
1.5506186	22.51293
1.5511811	24.397684
1.5517435	27.088881
1.5523059	28.780899
1.5528684	29.000513
1.5534308	20.961435
1.5539932	32.347412
1.5545557	27.338202
1.5551181	27.538065
1.5556805	28.100428
1.5562429	29.588562
1.5568054	29.409327
1.5573678	29.421709
1.5579302	28.434093
1.5584927	24.740047
1.5590551	28.01932
1.5596175	24.534552
1.5601799	28.231829
1.5607424	30.098833
1.5613048	28.870562
1.5618672	25.463259
1.5624297	27.833042
1.5629921	27.506201
1.5635545	28.693628
1.564117	32.237026
1.5646794	26.196873
1.5652418	28.656219
1.5658042	30.607454
1.5663667	31.187403
1.5669291	26.212433
1.5674915	27.130465
1.568054	27.304922
1.5686164	27.089125
1.5691788	29.622791
1.5697412	30.274748
1.5703037	32.840801
1.5708661	33.547955
1.5714285	29.093637
1.571991	35.969616
1.5725534	32.094578
1.5731158	33.529743
1.5736783	23.565418
1.5742407	34.688187
1.5748031	30.838869
1.5753655	32.760422
1.575928	28.090837
1.5764904	33.44453
1.5770528	26.10511
1.5776153	34.470142
1.5781777	33.336811
1.5787401	28.636106
1.5793025	32.671978
1.579865	32.003479
1.5804274	33.557728
1.5809898	25.286005
1.5815523	31.71559
1.5821147	41.028587
1.5826771	36.285141
1.5832396	28.792543
1.583802	32.923252
1.5843644	30.221231
1.5849268	34.563427
1.5854893	40.379387
1.5860517	29.811733
1.5866141	36.627003
1.5871766	35.296429
1.587739	34.090382
1.5883014	32.713863
1.5888638	33.361492
1.5894263	31.490435
1.5899887	38.406696
1.5905511	35.466404
1.5911136	33.935265
1.591676	36.248924
1.5922384	40.189445
1.5928009	40.818649
1.5933633	32.418995
1.5939257	38.332836
1.5944881	31.728251
1.5950506	34.385506
1.595613	34.464085
1.5961754	35.139938
1.5967379	42.203568
1.5973003	40.418743
1.5978627	37.365723
1.5984251	38.325657
1.5989876	38.338039
1.59955	40.837532
1.6001124	40.829479
1.6006749	41.007629
1.6012373	40.026814
1.6017997	43.631104
1.6023622	39.238251
1.6029246	36.154369
1.603487	41.462162
1.6040494	37.193344
1.6046119	36.580845
1.6051743	43.628067
1.6057367	44.947174
1.6062992	40.575703
1.6068616	38.38023
1.607424	42.204182
1.6079865	36.293602
1.6085489	46.01543
1.6091113	35.089294
1.6096737	43.763435
1.6102362	49.164787
1.6107986	41.977077
1.611361	43.383781
1.6119235	48.399086
1.6124859	40.724335
1.6130483	46.515839
1.6136107	36.669827
1.6141732	45.915241
1.6147356	52.982307
1.615298	44.750542
1.6158605	46.747597
1.6164229	49.179565
1.6169853	43.337868
1.6175478	43.899429
1.6181102	46.420204
1.6186726	50.330936
1.619235	48.076916
1.6197975	45.878067
1.6203599	51.324036
1.6209223	46.817207
1.6214848	49.703957
1.6220472	46.310539
1.6226096	52.23325
1.623172	44.827839
1.6237345	52.660198
1.6242969	50.365417
1.6248593	50.798931
1.6254219	50.883022
1.6259843	47.62262
1.6265467	44.058426
1.6271092	45.05085
1.6276716	50.506138
1.628234	53.842934
1.6287965	50.016556
1.6293589	44.098522
1.6299213	49.481049
1.6304837	50.548985
1.6310462	46.774345
1.6316086	55.644642
1.632171	54.630806
1.6327335	46.164406
1.6332959	53.871056
1.6338583	49.343315
1.6344208	51.398315
1.6349832	56.357552
1.6355456	54.902138
1.636108	57.210903
1.6366705	53.373566
1.6372329	49.085484
1.6377953	54.472069
1.6383578	55.007809
1.6389202	63.737118
1.6394826	63.192009
1.640045	52.404633
1.6406075	61.92038
1.6411699	59.221203
1.6417323	54.578625
1.6422948	52.05999
1.6428572	53.84861
1.6434196	62.869942
1.6439821	57.075119
1.6445445	50.601227
1.6451069	54.373806
1.6456693	58.819168
1.6462318	55.057941
1.6467942	57.345367
1.6473566	60.636639
1.6479191	53.114063
1.6484815	60.427727
1.6490439	70.955444
1.6496063	61.14962
1.6501688	71.53537
1.6507312	65.827812
1.6512936	56.769604
1.6518561	71.80452
1.6524185	63.501842
1.6529809	58.456238
1.6535434	73.271675
1.6541058	62.314823
1.6546682	71.414627
1.6552306	59.36623
1.6557931	60.921757
1.6563555	54.955532
1.6569179	68.304916
1.6574804	67.021141
1.6580428	74.30217
1.6586052	68.343552
1.6591676	63.449448
1.6597301	66.35482
1.6602925	61.652908
1.6608549	65.505348
1.6614174	62.505623
1.6619798	70.369926
1.6625422	69.780373
1.6631047	73.151131
1.6636671	72.21019
1.6642295	74.660881
1.6647919	64.492973
1.6653544	66.873817
1.6659168	74.820778
1.6664792	70.811592
1.6670417	76.241501
1.6676041	72.617561
1.6681665	73.993805
1.6687289	69.779724
1.6692914	73.406067
1.6698538	76.118378
1.6704162	75.951614
1.6709787	75.923042
1.6715411	77.897537
1.6721035	68.948662
1.672666	77.104103
1.6732284	77.386169
1.6737908	78.151085
1.6743532	79.61657
1.6749157	74.727028
1.6754781	70.848495
1.6760405	72.409386
1.676603	76.101028
1.6771654	81.027229
1.6777278	87.312263
1.6782902	82.821312
1.6788527	78.334488
1.6794151	84.605675
1.6799775	77.12262
1.68054	82.546852
1.6811024	86.731728
1.6816648	80.943787
1.6822273	84.245285
1.6827897	83.166199
1.6833521	79.464233
1.6839145	75.200699
1.684477	90.835899
1.6850394	84.554405
1.6856018	82.27916
1.6861643	83.257378
1.6867267	83.949448
1.6872891	85.272377
1.6878515	79.294525
1.688414	87.655334
1.6889764	76.941673
1.6895388	97.306038
1.6901013	87.922325
1.6906637	101.30816
1.6912261	95.001595
1.6917886	87.669746
1.692351	86.249611
1.6929134	91.068466
1.6934758	94.222023
1.6940383	97.056877
1.6946007	88.950668
1.6951631	95.097496
1.6957256	97.46788
1.696288	89.427711
1.6968504	90.488136
1.6974128	97.781654
1.6979753	100.40343
1.6985377	88.82283
1.6991001	90.194176
1.6996626	92.885658
1.700225	99.566948
1.7007874	95.039742
1.7013499	91.098251
1.7019123	105.97744
1.7024747	98.463242
1.7030371	98.516548
1.7035996	104.06691
1.704162	96.36731
1.7047244	103.4557
1.7052869	95.293976
1.7058493	120.15693
1.7064117	112.39009
1.7069741	109.30997
1.7075366	92.849144
1.708099	109.35452
1.7086614	105.34648
1.7092239	111.92435
1.7097863	113.04472
1.7103487	118.24223
1.7109112	105.37821
1.7114736	106.80693
1.712036	106.01395
1.7125984	107.85954
1.7131609	108.43631
1.7137233	123.29281
1.7142857	99.487717
1.7148482	101.20734
1.7154106	119.13416
1.715973	107.78371
1.7165354	109.13136
1.7170979	116.93843
1.7176603	104.51698
1.7182227	113.97314
1.7187852	115.97558
1.7193476	119.51434
1.71991	117.16851
1.7204725	116.73871
1.7210349	114.10228
1.7215973	117.61134
1.7221597	126.15964
1.7227222	117.0289
1.7232846	125.64664
1.723847	114.49699
1.7244095	123.55682
1.7249719	118.44102
1.7255343	124.30615
1.7260967	120.45633
1.7266592	123.46661
1.7272216	129.37923
1.727784	118.68069
1.7283465	130.94771
1.7289089	138.62674
1.7294713	141.5325
1.7300338	133.33319
1.7305962	139.81738
1.7311586	137.65097
1.731721	122.72478
1.7322835	131.05458
1.7328459	142.43547
1.7334083	127.29754
1.7339708	140.50206
1.7345332	137.3188
1.7350956	126.91411
1.735658	136.56436
1.7362205	139.01237
1.7367829	130.38046
1.7373453	124.5392
1.7379078	130.6183
1.7384702	140.80029
1.7390326	147.42137
1.7395951	136.14256
1.7401575	139.64964
1.7407199	126.86253
1.7412823	131.38123
1.7418448	144.71875
1.7424072	143.06378
1.7429696	136.83063
1.7435321	141.89093
1.7440945	146.76619
1.7446569	155.5452
1.7452193	163.47417
1.7457818	157.0099
1.7463442	141.01607
1.7469066	157.48465
1.7474691	151.56606
1.7480315	164.75845
1.7485939	157.28358
1.7491564	147.40988
1.7497188	158.27711
1.7502812	153.36366
1.7508436	157.05342
1.7514061	187.19421
1.7519685	158.87059
1.7525309	170.82384
1.7530934	175.3573
1.7536558	165.65474
1.7542182	162.18507
1.7547807	170.36569
1.7553431	163.78906
1.7559055	178.94046
1.7564679	159.90677
1.7570304	174.49091
1.7575928	173.30193
1.7581552	167.52908
1.7587177	180.79965
1.7592801	180.0385
1.7598425	180.38487
1.7604049	177.91486
1.7609674	165.88545
1.7615298	179.60321
1.7620922	178.79521
1.7626547	182.52663
1.7632171	186.70253
1.7637795	175.78801
1.764342	201.28189
1.7649044	183.62341
1.7654668	186.28578
1.7660292	193.01575
1.7665917	171.48215
1.7671541	187.05759
1.7677165	198.01987
1.768279	189.25542
1.7688414	189.28944
1.7694038	193.31403
1.7699662	204.00018
1.7705287	189.60512
1.7710911	207.12718
1.7716535	212.52811
1.772216	203.43555
1.7727784	194.22183
1.7733408	198.69382
1.7739033	205.46848
1.7744657	206.65184
1.7750281	216.68471
1.7755905	206.66272
1.776153	217.79791
1.7767154	216.59933
1.7772778	206.62994
1.7778403	210.29048
1.7784027	221.7054
1.7789651	221.37865
1.7795275	227.0641
1.78009	215.63347
1.7806524	224.15587
1.7812148	220.70639
1.7817773	222.54243
1.7823397	233.99968
1.7829021	232.16846
1.7834646	237.2811
1.784027	241.58844
1.7845894	245.26202
1.7851518	232.94832
1.7857143	232.30724
1.7862767	237.93246
1.7868391	238.76814
1.7874016	233.62914
1.787964	262.86319
1.7885264	257.7338
1.7890888	247.76759
1.7896513	258.03528
1.7902137	262.25708
1.7907761	257.80899
1.7913386	257.65964
1.791901	262.84872
1.7924634	259.95081
1.7930259	259.56741
1.7935883	262.06754
1.7941507	268.77032
1.7947131	262.08826
1.7952756	280.16217
1.795838	277.18951
1.7964004	286.26242
1.7969629	279.87433
1.7975253	287.48547
1.7980877	275.80322
1.7986501	299.62433
1.7992126	288.92883
1.799775	298.79248
1.8003374	300.98117
1.8008999	300.38324
1.8014623	288.3071
1.8020247	299.37711
1.8025872	304.62943
1.8031496	313.20135
1.803712	313.74011
1.8042744	315.18198
1.8048369	313.44281
1.8053993	306.80719
1.8059617	304.76187
1.8065242	307.69031
1.8070866	312.12955
1.807649	319.03748
1.8082114	338.65417
1.8087739	316.44916
1.8093363	329.56125
1.8098987	324.60516
1.8104612	328.76782
1.8110236	329.42368
1.811586	323.16138
1.8121485	346.379
1.8127109	351.90051
1.8132733	333.95331
1.8138357	316.07706
1.8143982	337.30286
1.8149606	351.45187
1.815523	350.22391
1.8160855	357.51532
1.8166479	333.42264
1.8172103	361.20837
1.8177727	357.51709
1.8183352	356.814
1.8188976	368.34723
1.81946	381.95923
1.8200225	389.59201
1.8205849	406.57394
1.8211473	406.61237
1.8217098	398.81226
1.8222722	401.40445
1.8228346	391.61893
1.823397	420.38504
1.8239595	414.46878
1.8245219	416.44135
1.8250843	440.8465
1.8256468	428.45782
1.8262092	423.91663
1.8267716	442.42004
1.827334	441.50995
1.8278965	439.03552
1.8284589	446.00861
1.8290213	472.03745
1.8295838	452.64639
1.8301462	448.34296
1.8307086	463.87741
1.8312711	459.95615
1.8318335	462.48883
1.8323959	475.37888
1.8329583	478.4812
1.8335208	466.9581
1.8340832	483.36774
1.8346456	490.19336
1.8352081	493.97473
1.8357705	490.48508
1.8363329	504.41376
1.8368953	495.55618
1.8374578	509.9888
1.8380202	520.88037
1.8385826	528.14453
1.8391451	531.21368
1.8397075	529.86871
1.8402699	543.80872
1.8408324	540.15784
1.8413948	553.08759
1.8419572	575.93048
1.8425196	567.40808
1.8430821	582.06293
1.8436445	591.96021
1.8442069	575.40735
1.8447694	607.91467
1.8453318	612.17169
1.8458942	612.18048
1.8464566	597.52167
1.8470191	616.01855
1.8475815	635.94318
1.8481439	639.76019
1.8487064	653.63354
1.8492688	634.62402
1.8498312	651.77466
1.8503937	650.2392
1.8509561	649.94592
1.8515185	662.86389
1.8520809	673.67535
1.8526434	677.38013
1.8532058	694.00629
1.8537682	679.15009
1.8543307	697.13446
1.8548931	690.81256
1.8554555	699.88593
1.8560179	698.52917
1.8565804	738.74506
1.8571428	750.37024
1.8577052	724.79272
1.8582677	730.96045
1.8588301	741.06299
1.8593925	745.22144
1.859955	757.78992
1.8605174	768.77875
1.8610798	776.4776
1.8616422	790.55316
1.8622047	808.90369
1.8627671	830.58875
1.8633295	811.73706
1.863892	836.35046
1.8644544	851.37616
1.8650168	867.59064
1.8655792	879.3941
1.8661417	896.55188
1.8667041	893.87097
1.8672665	894.58057
1.867829	912.01807
1.8683914	937.5697
1.8689538	911.33105
1.8695163	932.21405
1.8700787	978.84393
1.8706411	981.43298
1.8712035	976.39575
1.871766	1013.8412
1.8723284	996.21631
1.8728908	1006.6985
1.8734533	1022.8021
1.8740157	1017.7174
1.8745781	1049.873
1.8751407	1038.434
1.8757031	1062.8702
1.8762655	1086.629
1.876828	1090.4254
1.8773904	1110.2998
1.8779528	1100.4211
1.8785152	1135.5167
1.8790777	1143.6465
1.8796401	1175.9496
1.8802025	1159.6937
1.880765	1177.7179
1.8813274	1207.5775
1.8818898	1227.6118
1.8824522	1241.7524
1.8830147	1259.9795
1.8835771	1263.8416
1.8841395	1289.6221
1.884702	1297.5854
1.8852644	1319.2838
1.8858268	1350.1608
1.8863893	1402.0349
1.8869517	1368.7451
1.8875141	1385.4567
1.8880765	1394.235
1.888639	1415.5625
1.8892014	1448.2006
1.8897638	1435.5439
1.8903263	1506.2843
1.8908887	1533.1227
1.8914511	1536.4053
1.8920135	1504.5178
1.892576	1517.0294
1.8931384	1551.7441
1.8937008	1594.2689
1.8942633	1594.4943
1.8948257	1586.578
1.8953881	1586.9089
1.8959506	1623.7242
1.896513	1631.4381
1.8970754	1641.5267
1.8976378	1685.006
1.8982003	1678.2347
1.8987627	1679.6442
1.8993251	1703.8849
1.8998876	1698.5619
1.90045	1735.8917
1.9010124	1742.5182
1.9015749	1719.8197
1.9021373	1843.6246
1.9026997	1773.2767
1.9032621	1797.9342
1.9038246	1831.8334
1.904387	1863.0537
1.9049494	1865.575
1.9055119	1915.1589
1.9060743	1915.8444
1.9066367	1938.8436
1.9071991	1963.0629
1.9077616	2016.9619
1.908324	2044.7609
1.9088864	2020.2272
1.9094489	2037.8782
1.9100113	2078.4067
1.9105737	2083.4102
1.9111362	2073.9343
1.9116986	2065.1626
1.912261	2118.2031
1.9128234	2151.437
1.9133859	2147.2732
1.9139483	2129.4866
1.9145107	2167.2642
1.9150732	2202.4541
1.9156356	2206.5383
1.916198	2245.8914
1.9167604	2241.9724
1.9173229	2253.6882
1.9178853	2265.334
1.9184477	2312.8945
1.9190102	2283.5996
1.9195726	2311.8701
1.920135	2276.9802
1.9206975	2254.7783
1.9212599	2269.6147
1.9218223	2275.6941
1.9223847	2321.7883
1.9229472	2355.0007
1.9235096	2368.7788
1.924072	2424.7937
1.9246345	2429.2849
1.9251969	2461.2722
1.9257593	2518.3743
1.9263217	2472.4548
1.9268842	2505.2002
1.9274466	2528.8323
1.928009	2567.8621
1.9285715	2545.605
1.9291339	2602.4189
1.9296963	2647.208
1.9302588	2567.052
1.9308212	2654.1101
1.9313836	2662.4175
1.931946	2659.4585
1.9325085	2676.1733
1.9330709	2717.5686
1.9336333	2700.1265
1.9341958	2650.9058
1.9347582	2673.3645
1.9353206	2729.7551
1.935883	2671.4211
1.9364455	2640.0532
1.9370079	2723.7156
1.9375703	2673.4192
1.9381328	2669.3601
1.9386952	2645.4446
1.9392576	2734.1343
1.9398201	2597.0813
1.9403825	2631.7593
1.9409449	2639.1946
1.9415073	2657.8118
1.9420698	2671.9805
1.9426322	2621.8938
1.9431946	2666.7813
1.9437571	2627.4851
1.9443195	2713.498
1.9448819	2721.6052
1.9454443	2622.6648
1.9460068	2686.7517
1.9465692	2650.8359
1.9471316	2687.7759
1.9476941	2653.7891
1.9482565	2645.5151
1.9488189	2688.9626
1.9493814	2631.8135
1.9499438	2670.8599
1.9505062	2620.2791
1.9510686	2616.1145
1.9516311	2671.6423
1.9521935	2586.687
1.9527559	2561.8948
1.9533184	2529.2869
1.9538808	2508.6658
1.9544432	2496.7441
1.9550056	2485.9512
1.9555681	2396.4517
1.9561305	2335.0747
1.9566929	2371.2527
1.9572554	2305.2227
1.9578178	2310.0886
1.9583802	2293.7297
1.9589427	2258.7563
1.9595051	2249.9512
1.9600675	2237.8484
1.9606299	2206.5291
1.9611924	2143.1404
1.9617548	2133.3413
1.9623172	2150.3281
1.9628797	2138.5437
1.9634421	2117.7822
1.9640045	2101.7903
1.9645669	2091.1482
1.9651294	2066.9412
1.9656918	2056.6333
1.9662542	2054.6052
1.9668167	1992.9963
1.9673791	1959.0662
1.9679415	1970.0337
1.968504	1945.3293
1.9690664	1959.7731
1.9696288	1921.1744
1.9701912	1911.1157
1.9707537	1927.2571
1.9713161	1869.8954
1.9718785	1866.0393
1.972441	1802.1051
1.9730034	1776.0818
1.9735658	1772.2418
1.9741282	1731.6323
1.9746907	1727.2083
1.9752531	1702.0652
1.9758155	1654.2323
1.976378	1627.3933
1.9769404	1622
1.9775028	1632.2009
1.9780653	1566.4355
1.9786277	1525.4969
1.9791901	1522.579
1.9797525	1485.2805
1.980315	1455.3124
1.9808774	1434.8507
1.9814398	1411.9399
1.9820023	1384.8156
1.9825647	1346.3286
1.9831271	1315.6899
1.9836895	1313.5707
1.984252	1307.5171
1.9848144	1267.9465
1.9853768	1263.1934
1.9859393	1256.6188
1.9865017	1237.0544
1.9870641	1182.1394
1.9876266	1219.343
1.988189	1228.6357
1.9887514	1182.7936
1.9893138	1164.2108
1.9898763	1128.6428
1.9904387	1096.5061
1.9910011	1104.7848
1.9915636	1116.7681
1.992126	1107.8209
1.9926884	1076.1152
1.9932508	1050.2289
1.9938133	1058.2094
1.9943757	1037.2014
1.9949381	1028.8376
1.9955006	1002.4907
1.996063	998.30768
1.9966254	1002.314
1.9971879	946.03662
1.9977503	952.75299
1.9983127	967.4729
1.9988751	935.81927
1.9994376	937.8457
2	931.94867
2.0005624	907.70966
2.0011249	896.92859
2.0016873	877.87518
2.0022497	872.56549
2.0028121	825.99982
2.0033746	829.09705
2.003937	811.59656
2.0044994	800.41205
2.0050619	791.92059
2.0056243	803.4364
2.0061867	758.89227
2.0067492	759.18225
2.0073116	767.23962
2.007874	760.85919
2.0084364	746.3924
2.0089989	729.68457
2.0095613	732.03229
2.0101237	739.45221
2.0106862	691.69287
2.0112486	706.53485
2.011811	664.55511
2.0123734	677.50647
2.0129359	683.3349
2.0134983	653.09821
2.0140607	647.47327
2.0146232	662.51276
2.0151856	675.82141
2.015748	648.75494
2.0163105	638.41302
2.0168729	657.00073
2.0174353	638.13501
2.0179977	630.01874
2.0185602	617.84497
2.0191226	624.85254
2.019685	619.34302
2.0202475	623.30206
2.0208099	616.22345
2.0213723	632.05182
2.0219347	626.56818
2.0224972	604.83875
2.0230596	592.55829
2.023622	597.34174
2.0241845	601.5979
2.0247469	586.08063
2.0253093	584.61371
2.0258718	608.98059
2.0264342	607.15686
2.0269966	573.67474
2.027559	571.46613
2.0281215	564.4881
2.0286839	556.04742
2.0292463	551.57733
2.0298088	549.23364
2.0303712	549.45776
2.0309336	548.20599
2.031496	532.43439
2.0320585	560.95715
2.0326209	558.2384
2.0331833	550.56165
2.0337458	549.73212
2.0343082	532.80243
2.0348706	539.77924
2.0354331	544.64929
2.0359955	540.32556
2.0365579	546.95001
2.0371203	528.31171
2.0376828	539.4361
2.0382452	514.19647
2.0388076	537.02472
2.0393701	524.31384
2.0399325	521.63336
2.0404949	524.67285
2.0410573	524.17419
2.0416198	522.70972
2.0421822	517.68414
2.0427446	505.59711
2.0433071	540.97125
2.0438695	502.43137
2.0444319	514.26465
2.0449944	527.28571
2.0455568	527.85333
2.0461192	531.76147
2.0466816	528.64569
2.0472441	521.35315
2.0478065	527.12537
2.0483689	512.3844
2.0489314	515.9519
2.0494938	496.6507
2.0500562	483.21344
2.0506186	505.10199
2.0511811	518
2.0517435	504.36142
2.0523059	485.35556
2.0528684	483.30344
2.0534308	486.94919
2.0539932	478.07074
2.0545557	499.99442
2.0551181	482.31686
2.0556805	494.90723
2.0562429	499.08844
2.0568054	498.22275
2.0573678	501.23993
2.0579302	499.57718
2.0584927	519.51947
2.0590551	525.70178
2.0596175	505.84094
2.0601799	499.83414
2.0607424	503.22357
2.0613048	509.39078
2.0618672	511.90497
2.0624297	509.50989
2.0629921	505.88229
2.0635545	490.9505
2.064117	479.5289
2.0646794	497.77805
2.0652418	481.02338
2.0658042	471.6073
2.0663667	479.31186
2.0669291	490.02133
2.0674915	497.69397
2.068054	477.59344
2.0686164	459.23206
2.0691788	473.12933
2.0697412	472.22467
2.0703037	482.39215
2.0708661	486.85132
2.0714285	478.16556
2.071991	484.97299
2.0725534	451.98636
2.0731158	448.50186
2.0736783	457.68283
2.0742407	468.37991
2.0748031	464.28012
2.0753655	461.71051
2.075928	470.67511
2.0764904	460.34747
2.0770528	473.36145
2.0776153	464.10693
2.0781777	457.16208
2.0787401	472.27191
2.0793025	478.81424
2.079865	470.72775
2.0804274	475
2.0809898	475.6749
2.0815523	509.36258
2.0821147	504.32367
2.0826771	483.39569
2.0832396	479.97974
2.083802	482.37518
2.0843644	469.96252
2.0849268	475.45013
2.0854893	498.6788
2.0860517	477.00385
2.0866141	477.60339
2.0871766	477.07541
2.087739	468.14008
2.0883014	465.8114
2.0888638	482.05811
2.0894263	457.19946
2.0899887	464.36942
2.0905511	457.44659
2.0911136	442.63931
2.091676	441.00528
2.0922384	456.6088
2.0928009	457.91113
2.0933633	441.68341
2.0939257	450.70914
2.0944881	453.38226
2.0950506	449.70798
2.095613	440.84204
2.0961754	432.43164
2.0967379	444.47479
2.0973003	460.63815
2.0978627	463
2.0984251	448.61127
2.0989876	443.52338
2.09955	452.6431
2.1001124	460.30273
2.1006749	483.19742
2.1012373	457.01794
2.1017997	443.69046
2.1023622	426.20154
2.1029246	433.362
2.103487	466.5506
2.1040494	452.85574
2.1046119	450.3219
2.1051743	432.31082
2.1057367	438.77615
2.1062992	452.66385
2.1068616	458.19931
2.107424	452.50171
2.1079865	425.56094
2.1085489	431.13553
2.1091113	414.62106
2.1096737	399.25714
2.1102362	402.17892
2.1107986	420
2.111361	420
2.1119235	400.84973
2.1124859	413.09943
2.1130483	419.98273
2.1136107	418.30777
2.1141732	418.83096
2.1147356	426.3331
2.115298	397.90131
2.1158605	406.82675
2.1164229	409.84106
2.1169853	404.47104
2.1175478	402.34714
2.1181102	411.79391
2.1186726	405.961
2.119235	417.52338
2.1197975	429.34021
2.1203599	421.30624
2.1209223	402.94812
2.1214848	427.43951
2.1220472	407.51129
2.1226096	389.63519
2.123172	390.19626
2.1237345	396.31317
2.1242969	393.6221
2.1248593	387.00992
2.1254218	396.94604
2.1259842	391.77975
2.1265466	394.28519
2.1271091	395.41608
2.1276715	380.40396
2.1282339	364.71582
2.1287963	388.41998
2.1293588	379.0694
2.1299212	371.18619
2.1304836	376.61301
2.1310461	382.72626
2.1316085	370.37979
2.1321709	383.61719
2.1327333	373.50806
2.1332958	366.62695
2.1338582	376.78577
2.1344206	380.40302
2.1349831	399.27505
2.1355455	383.9082
2.1361079	359.65775
2.1366704	351.72855
2.1372328	370.92819
2.1377952	377.47644
2.1383576	387.77991
2.1389201	379.6044
2.1394825	374.86908
2.1400449	385.4791
2.1406074	402.78171
2.1411698	393.80902
2.1417322	369.87308
2.1422946	353.80954
2.1428571	352.64105
2.1434195	362.37723
2.1439819	365.63214
2.1445444	366.72101
2.1451068	356.85925
2.1456692	350.07657
2.1462317	355.10663
2.1467941	360.78903
2.1473565	360.21945
2.1479189	344.04297
2.1484814	336.61115
2.1490438	345.80008
2.1496062	359.79633
2.1501687	351.70923
2.1507311	344.26193
2.1512935	331.19482
2.1518559	323.56104
2.1524184	337.18198
2.1529808	339.60147
2.1535432	335.95813
2.1541057	334.95898
2.1546681	327.45352
2.1552305	308.07425
2.155793	326.57941
2.1563554	333.19308
2.1569178	327.4595
2.1574802	322.14294
2.1580427	327.21805
2.1586051	328.82336
2.1591675	326.1456
2.15973	320.87927
2.1602924	322.37668
2.1608548	331.77292
2.1614172	316.56387
2.1619797	322.89447
2.1625421	329.62082
2.1631045	330.78568
2.163667	324.85092
2.1642294	316.86511
2.1647918	319.55673
2.1653543	318.45703
2.1659167	314.7782
2.1664791	311.18314
2.1670415	304.81177
2.167604	299.14026
2.1681664	302.87442
2.1687288	300.74896
2.1692913	281.82275
2.1698537	300.08496
2.1704161	310.33502
2.1709785	308.93845
2.171541	297.43008
2.1721034	281.91614
2.1726658	297.75369
2.1732283	297.22391
2.1737907	295.42053
2.1743531	295.15488
2.1749156	291.98169
2.175478	284.08148
2.1760404	286.6503
2.1766028	289.25922
2.1771653	288.47775
2.1777277	290.84305
2.1782901	284.38156
2.1788526	282
2.179415	279.52057
2.1799774	274.0965
2.1805398	274.88281
2.1811023	277.00613
2.1816647	297.98572
2.1822271	311.95071
2.1827896	280.09506
2.183352	283.23203
2.1839144	294.06155
2.1844769	293.49347
2.1850393	280.04947
2.1856017	275.35339
2.1861641	278.61652
2.1867266	273.93842
2.187289	268
2.1878514	268.40402
2.1884139	273.08768
2.1889763	281.53769
2.1895387	279.88257
2.1901011	269.31567
2.1906636	262.30179
2.191226	279.13049
2.1917884	280.2937
2.1923509	276.60132
2.1929133	276.36411
2.1934757	260.04691
2.1940382	263.94424
2.1946006	263.10956
2.195163	256.91769
2.1957254	260.79382
2.1962879	255.132
2.1968503	261.63681
2.1974127	263.50876
2.1979752	248.3972
2.1985376	267.72693
2.1991	258.75446
2.1996624	256.74347
2.2002249	267.55984
2.2007873	265.24484
2.2013497	268.44919
2.2019122	264.93115
2.2024746	258.30606
2.203037	256.02362
2.2035995	268.33813
2.2041619	266.05322
2.2047243	259.14169
2.2052867	255.54826
2.2058492	260.92535
2.2064116	258.31461
2.206974	254.85547
2.2075365	252.55487
2.2080989	250.25491
2.2086613	260.89984
2.2092237	260.63644
2.2097862	254.84923
2.2103486	257.90988
2.210911	255.03235
2.2114735	249.95065
2.2120359	247.89056
2.2125983	253.23442
2.2131608	258.57498
2.2137232	249.93474
2.2142856	244.25092
2.214848	250.16841
2.2154105	260.82883
2.2159729	261.18204
2.2165353	244.23119
2.2170978	222.21161
2.2176602	253.37109
2.2182226	250.88663
2.218785	249.83951
2.2193475	253.17917
2.2199099	249.38657
2.2204723	244.91536
2.2210348	246.50705
2.2215972	247.67543
2.2221596	234.80956
2.2227221	248.17487
2.2232845	250.2818
2.2238469	244.89757
2.2244093	241.12077
2.2249718	241
2.2255342	242.45499
2.2260966	238.02097
2.2266591	219.17911
2.2272215	230.94035
2.2277839	235.99878
2.2283463	239.7722
2.2289088	247.91176
2.2294712	231.36792
2.2300336	222.44855
2.2305961	221.32545
2.2311585	228.09407
2.2317209	235.59486
2.2322834	235.96237
2.2328458	233.22302
2.2334082	231.06496
2.2339706	237.05418
2.2345331	226.37239
2.2350955	222.10245
2.2356579	245.96811
2.2362204	225.05234
2.2367828	229.38063
2.2373452	238.34537
2.2379076	230.13368
2.2384701	230
2.2390325	234.3084
2.2395949	241.01308
2.2401574	247.71478
2.2407198	240.87505
2.2412822	235.71886
2.2418447	231.60219
2.2424071	226.39796
2.2429695	223.257
2.2435319	230.132
2.2440944	240.15022
2.2446568	236.44229
2.2452192	234.69455
2.2457817	235.18079
2.2463441	237.67088
2.2469065	241.37186
2.2474689	230.33423
2.2480314	229.00549
2.2485938	239.26205
2.2491562	233.35347
2.2497187	228.5858
2.2502813	227.84172
2.2508438	232.04457
2.2514062	232.78151
2.2519686	230.40926
2.2525311	227.49086
2.2530935	226.01833
2.2536559	225.2738
2.2542183	221.30879
2.2547808	218.17839
2.2553432	222.58636
2.2559056	224.3302
2.2564681	228.19066
2.2570305	233.26454
2.2575929	234.73067
2.2581553	227.82368
2.2587178	223.66086
2.2592802	226.87579
2.2598426	248.81999
2.2604051	241.87132
2.2609675	228.20795
2.2615299	223.09398
2.2620924	225.86679
2.2626548	236.37439
2.2632172	247.47266
2.2637796	245.285
2.2643421	255.76822
2.2649045	258.74539
2.2654669	255.06204
2.2660294	271.79773
2.2665918	274.91113
2.2671542	278.3396
2.2677166	289.96387
2.2682791	307.37149
2.2688415	314.8992
2.2694039	317.40054
2.2699664	323.20016
2.2705288	324
2.2710912	341.09021
2.2716537	372.34659
2.2722161	365.83401
2.2727785	385.81989
2.2733409	402.36288
2.2739034	391.52521
2.2744658	383.44214
2.2750282	379.59122
2.2755907	375.74652
2.2761531	357.71686
2.2767155	359.14789
2.2772779	347.21396
2.2778404	308.82626
2.2784028	298.75427
2.2789652	288.23312
2.2795277	275.91574
2.2800901	258.67053
2.2806525	254.78656
2.281215	249.1322
2.2817774	240.09608
2.2823398	258.73865
2.2829022	247.8672
2.2834647	230.15428
2.2840271	234.45119
2.2845895	241.86525
2.285152	244.98148
2.2857144	244.14925
2.2862768	259.15198
2.2868392	258.20081
2.2874017	256.33685
2.2879641	272.03497
2.2885265	265.88745
2.289089	258.97818
2.2896514	255.49416
2.2902138	262.61459
2.2907763	272.57147
2.2913387	280.63046
2.2919011	279.20767
2.2924635	276.57263
2.293026	278.17194
2.2935884	284.75443
2.2941508	278.36917
2.2947133	276.89221
2.2952757	281.41483
2.2958381	297.00452
2.2964005	307.43527
2.296963	304.60208
2.2975254	283.36255
2.2980878	308.71735
2.2986503	308.74521
2.2992127	293.8457
2.2997751	305.849
2.3003376	293.90805
2.3009	281.80743
2.3014624	287.44928
2.3020248	283.54791
2.3025873	284.74573
2.3031497	291.10654
2.3037121	277.03134
2.3042746	272.45178
2.304837	269.74869
2.3053994	254.99176
2.3059618	243.04405
2.3065243	239.66454
2.3070867	249.49077
2.3076491	246.01054
2.3082116	241.43842
2.308774	238.33426
2.3093364	252.33842
2.3098989	256.53302
2.3104613	254.16528
2.3110237	246.4744
2.3115861	248.9536
2.3121486	253.84381
2.312711	258.73218
2.3132734	276.81174
2.3138359	281.71234
2.3143983	276.29254
2.3149607	305.56226
2.3155231	317.34396
2.3160856	320.44177
2.316648	327.40051
2.3172104	329.53564
2.3177729	331.1543
2.3183353	334.62854
2.3188977	339.34131
2.3194602	345.14438
2.3200226	351.96619
2.320585	349.19333
2.3211474	347.21045
2.3217099	347.66672
2.3222723	360.82614
2.3228347	356.49731
2.3233972	348.47702
2.3239596	354.70132
2.324522	337.95547
2.3250844	336.54565
2.3256469	375.90845
2.3262093	380.61826
2.3267717	408.41531
2.3273342	469.78656
2.3278966	584.00299
2.328459	676.55273
2.3290215	752.48907
2.3295839	844.01385
2.3301463	897.22882
2.3307087	983.43732
2.3312712	1309.8358
2.3318336	1427.0643
2.332396	1438.7451
2.3329585	1375.6188
2.3335209	1285.1282
2.3340833	1139.7716
2.3346457	906.81769
2.3352082	713.3291
2.3357706	554.03278
2.336333	432.93555
2.3368955	409.98422
2.3374579	393.68817
2.3380203	384.13013
2.3385828	427.1452
2.3391452	456.97415
2.3397076	478.17569
2.34027	504.75793
2.3408325	520.66541
2.3413949	533.26666
2.3419573	556.41418
2.3425198	597.5647
2.3430822	636.67358
2.3436446	647.55084
2.344207	670.00507
2.3447695	698.28241
2.3453319	732.21515
2.3458943	866.354
2.3464568	977.10138
2.3470192	1008.2835
2.3475816	1012
2.3481441	1000.7784
2.3487065	973.02539
2.3492689	924.59149
2.3498313	856.63708
2.3503938	766.7124
2.3509562	707.00037
2.3515186	648.58313
2.3520811	590.53644
2.3526435	532.52264
2.3532059	480.91147
2.3537683	436.06879
2.3543308	413.84579
2.3548932	390.87643
2.3554556	368.1817
2.3560181	356.74985
2.3565805	333.92435
2.3571429	307.30295
2.3577054	320.73306
2.3582678	329.26434
2.3588302	331.78052
2.3593926	313.00507
2.3599551	312.72403
2.3605175	320.91388
2.3610799	312.87866
2.3616424	310.42947
2.3622048	308.73148
2.3627672	293.34814
2.3633296	286.69217
2.3638921	286.45816
2.3644545	295.80869
2.3650169	299
2.3655794	297.39746
2.3661418	287.39322
2.3667042	286.20181
2.3672667	288.67993
2.3678291	286.68192
2.3683915	293.45163
2.3689539	303.9332
2.3695164	309.91714
2.3700788	318.0632
2.3706412	329.70041
2.3712037	354.93747
2.3717661	352.94568
2.3723285	339.15085
2.3728909	347.77246
2.3734534	348.92712
2.3740158	345.07443
2.3745782	337.13168
2.3751407	329.99185
2.3757031	325.18698
2.3762655	337.7489
2.376828	336.07974
2.3773904	325.2251
2.3779528	328.52533
2.3785152	324.52487
2.3790777	314.70181
2.3796401	306.79013
2.3802025	308.14618
2.380765	317.93896
2.3813274	293.57861
2.3818898	281.95447
2.3824522	283.92798
2.3830147	283.36688
2.3835771	277.48569
2.3841395	265.00073
2.384702	269.43387
2.3852644	270.1409
2.3858268	262.92682
2.3863893	247.14754
2.3869517	238.03925
2.3875141	243.9351
2.3880765	245
2.388639	241.95291
2.3892014	231.48882
2.3897638	221.52937
2.3903263	216.4234
2.3908887	226.87592
2.3914511	246.00877
2.3920135	275.09625
2.392576	335.09848
2.3931384	418.24167
2.3937008	529.59674
2.3942633	774.48474
2.3948257	996.79614
2.3953881	1202.9069
2.3959506	1449.9908
2.396513	1695.0647
2.3970754	1938.0464
2.3976378	2200.7261
2.3982003	2518.6807
2.3987627	2914.334
2.3993251	3357.3557
2.3998876	3742.5586
2.40045	3994.5222
2.4010124	4552.9839
2.4015749	5111.7095
2.4021373	5402.7842
2.4026997	4285.4238
2.4032621	2648.259
2.4038246	1610.5828
2.404387	868.638
2.4049494	342.98309
2.4055119	161.12462
2.4060743	60.993427
2.4066367	42.941486
2.4071991	33.454117
2.4077616	27.237133
2.408324	25.306162
2.4088864	22.293465
2.4094489	19.815588
2.4100113	19.172983
2.4105737	19
2.4111362	18.553766
2.4116986	15.986146
2.412261	14.605062
2.4128234	14.036126
2.4133859	14.676986
2.4139483	16.269997
2.4145107	18.830648
2.4150732	14.815223
2.4156356	11.762334
2.416198	11.123037
2.4167604	12.031956
2.4173229	12.380794
2.4178853	9.8270721
2.4184477	12.020003
2.4190102	15.791682
2.4195726	13.879496
2.420135	11.967587
2.4206975	10.055917
2.4212599	13.090419
2.4218223	15.254516
2.4223847	15.890537
2.4229472	14.421178
2.4235096	13.323643
2.424072	14.593971
2.4246345	13.271863
2.4251969	11.267751
2.4257593	13.804312
2.4263217	14.329924
2.4268842	13.062326
2.4274466	11.193062
2.428009	10.471038
2.4285715	11.736597
2.4291339	11.499191
2.4296963	11.133142
2.4302588	11.765073
2.4308212	10.412829
2.4313836	8.1985416
2.431946	12.616147
2.4325085	14.709697
2.4330709	14.079116
2.4336333	12.897956
2.4341958	12
2.4347582	12
2.4353206	11.120283
2.435883	9.8619232
2.4364455	8.6044598
2.4370079	9.6307688
2.4375703	12.771079
2.4381328	11.253631
2.4386952	10.629384
2.4392576	12.511065
2.4398201	12.535998
2.4403825	11.909177
2.4409449	11.282783
2.4415073	10.313141
2.4420698	9.061017
2.4426322	9.5949221
2.4431946	10.440289
2.4437571	11.690092
2.4443195	12
2.4448819	12
2.4454443	12
2.4460068	11.657665
2.4465692	11.034085
2.4471316	11.589026
2.4476941	10.727999
2.4482565	6.9914603
2.4488189	7.8286037
2.4493814	10.158662
2.4499438	11.401877
2.4505062	11.677538
2.4510686	11.056094
2.4516311	9.8704929
2.4521935	9.1854458
2.4527559	9.8059092
2.4533184	10.426037
2.4538808	11
2.4544432	11
2.4550056	11.569067
2.4555681	12.807388
2.4561305	12.477831
2.4566929	11.438076
2.4572554	8.9653273
2.4578178	8
2.4583802	8
2.4589427	10.445518
2.4595051	10.857707
2.4600675	7.7748518
2.4606299	7.9229612
2.4611924	9.1555777
2.4617548	10.386789
2.4623172	11.308839
2.4628797	11.924123
2.4634421	10.382619
2.4640045	9.1539707
2.4645669	9.7684536
2.4651294	10.765077
2.4656918	11.992764
2.4662542	9.5597324
2.4668167	8
2.4673791	8
2.4679415	8
2.468504	8.1845627
2.4690664	10.020838
2.4696288	10.714444
2.4701912	10.10267
2.4707537	10
2.4713161	9.7606897
2.4718785	8.5390425
2.472441	8.3410378
2.4730034	8.9513874
2.4735658	10.683469
2.4741282	10.975017
2.4746907	7.3176503
2.4752531	6.3895502
2.4758155	6.9984818
2.476378	7.6069436
2.4769404	8.6457119
2.4775028	10.469683
2.4780653	10.138232
2.4786277	8.9232502
2.4791901	7.7091479
2.4797525	7
2.480315	7
2.4808774	8.8613863
2.4814398	11
2.4820023	11
2.4825647	12.413715
2.4831271	15.439629
2.4836895	14.02858
2.484252	11.609391
2.4848144	9.1917629
2.4853768	8.3062315
2.4859393	8.9101744
2.4865017	8.4862776
2.4870641	8.5855598
2.4876266	11.600644
2.488189	12.354204
2.4887514	11.149096
2.4893138	9.4171925
2.4898763	8
2.4904387	8
2.4910011	8
2.4915636	8
2.492126	6.9306397
2.4926884	6.6770415
2.4932508	9.6783152
2.4938133	9.9930153
2.4943757	8.1936245
2.4949381	8
2.4955006	8.5364761
2.496063	10.932618
2.4966254	11.336295
2.4971879	10.13944
2.4977503	10.528306
2.4983127	11
2.4988751	11
2.4994376	11
2.5	11
